"Time (s)","Gyroscope x (rad/s)","Gyroscope y (rad/s)","Gyroscope z (rad/s)"
1.568661500E-2,-3.366338313E-1,3.653968573E-1,-3.835069016E-2
2.072073100E-2,-5.805868506E-1,6.572881937E-1,-1.384886056E-1
2.564510600E-2,-5.837827325E-1,6.658105850E-1,-1.427497864E-1
3.065114900E-2,-6.189374924E-1,7.041612864E-1,-1.438150853E-1
3.578750300E-2,-6.370475888E-1,7.478384376E-1,-1.459456831E-1
4.085073300E-2,-6.306557655E-1,7.947115302E-1,-1.523374617E-1
4.595891000E-2,-6.093498468E-1,8.383886814E-1,-1.576639414E-1
5.098625500E-2,-5.901744962E-1,8.224092126E-1,-1.480762810E-1
5.613443200E-2,-5.678032637E-1,7.872544527E-1,-1.278356314E-1
6.115740200E-2,-5.369096398E-1,7.659484744E-1,-1.097255871E-1
6.621880800E-2,-5.134730935E-1,7.212060094E-1,-9.161553532E-2
7.133344400E-2,-4.974936545E-1,6.700717807E-1,-7.776667923E-2
7.651037100E-2,-4.783183336E-1,6.327863932E-1,-6.711370498E-2
8.147485200E-2,-4.527511895E-1,5.859133005E-1,-5.539543927E-2
8.648995600E-2,-4.207922816E-1,5.113425255E-1,-3.835069016E-2
9.154042600E-2,-3.877680898E-1,4.303799570E-1,-2.237123623E-2
9.662266500E-2,-3.536785841E-1,3.653968573E-1,-9.587672539E-3
1.017278750E-1,-3.206543922E-1,3.036096394E-1,4.261187743E-3
1.068248470E-1,-2.854995728E-1,2.386265099E-1,2.024064213E-2
1.117559490E-1,-2.503447831E-1,1.821657717E-1,3.515479714E-2
1.169065730E-1,-2.077329010E-1,1.363580078E-1,5.113425106E-2
1.219192310E-1,-1.629904360E-1,1.043990999E-1,6.604841352E-2
1.270458450E-1,-1.225091442E-1,8.841964602E-2,7.350549102E-2
1.320300650E-1,-9.800732136E-2,8.202786744E-2,7.563608140E-2
1.371606380E-1,-9.055023640E-2,7.883197069E-2,7.350549102E-2
1.421787640E-1,-9.268083423E-2,7.989726961E-2,7.030959427E-2
1.474322010E-1,-1.012032107E-1,8.522375673E-2,6.604841352E-2
1.522984530E-1,-1.161173657E-1,1.043990999E-1,6.604841352E-2
1.574325670E-1,-1.352927089E-1,1.427497864E-1,7.030959427E-2
1.626961100E-1,-1.576639414E-1,1.811004728E-1,7.883197069E-2
1.677182450E-1,-1.789698899E-1,2.183858752E-1,8.841964602E-2
1.727136630E-1,-1.938840449E-1,2.599324584E-1,9.268083423E-2
1.777349130E-1,-2.024064213E-1,3.068055212E-1,9.694202244E-2
1.827514760E-1,-2.109287977E-1,3.472867906E-1,9.907261282E-2
1.878585070E-1,-2.205164731E-1,3.771151006E-1,1.022685021E-1
1.928721550E-1,-2.279735506E-1,3.867027760E-1,1.043990999E-1
1.980019460E-1,-2.279735506E-1,3.749845326E-1,1.033338010E-1
2.030171560E-1,-2.173205763E-1,3.526133001E-1,9.800732136E-2
2.081800200E-1,-1.992105246E-1,3.227849603E-1,9.481142461E-2
2.131861670E-1,-1.747086942E-1,2.940219641E-1,9.481142461E-2
2.183149170E-1,-1.491415650E-1,2.684548199E-1,9.907261282E-2
2.233280430E-1,-1.289009303E-1,2.407571077E-1,1.097255871E-1
2.285338240E-1,-1.086602882E-1,2.162552774E-1,1.257050335E-1
2.334565860E-1,-9.374613315E-2,2.045370042E-1,1.438150853E-1
2.386223670E-1,-9.055023640E-2,1.981452256E-1,1.587292403E-1
2.437586700E-1,-1.054643989E-1,2.077329010E-1,1.651210189E-1
2.487293470E-1,-1.363580078E-1,2.301041335E-1,1.629904360E-1
2.537457020E-1,-1.779045910E-1,2.482141852E-1,1.608598381E-1
2.589380980E-1,-2.173205763E-1,2.524753809E-1,1.619251370E-1
2.640081510E-1,-2.428877056E-1,2.684548199E-1,1.619251370E-1
2.690077340E-1,-2.290388346E-1,4.229228795E-1,1.640557349E-1
2.740382560E-1,-1.821657717E-1,5.752603412E-1,1.789698899E-1
2.791646100E-1,-1.384886056E-1,6.168069243E-1,2.066676021E-1
2.841860700E-1,-1.065296903E-1,6.050886512E-1,2.375612110E-1
2.893456530E-1,-8.628904819E-2,5.859133005E-1,2.716507316E-1
2.943163310E-1,-7.989726961E-2,6.466352344E-1,3.036096394E-1
2.994471640E-1,-7.244019210E-2,8.362581134E-1,3.313073516E-1
3.044865930E-1,-6.072192639E-2,1.005640268E0,3.760498166E-1
3.095793530E-1,-4.048128426E-2,1.104712963E0,4.229228795E-1
3.146458050E-1,1.278356276E-2,1.087668180E0,4.367717505E-1
3.199646140E-1,8.841964602E-2,9.864649773E-1,4.069434404E-1
3.249681570E-1,1.661863178E-1,8.788699508E-1,3.387644291E-1
3.300082090E-1,2.407571077E-1,8.128215671E-1,2.375612110E-1
3.349537310E-1,3.110667169E-1,7.883197069E-1,1.203785539E-1
3.401203980E-1,3.888333738E-1,7.702096701E-1,-1.065296936E-3
3.450740970E-1,4.815142155E-1,7.212060094E-1,-1.150520667E-1
3.502168050E-1,5.592808723E-1,5.646073818E-1,-2.024064213E-1
3.553555560E-1,6.253293157E-1,3.440909088E-1,-2.578018606E-1
3.605171700E-1,7.062918544E-1,2.258429527E-1,-2.982831299E-1
3.655413380E-1,7.659484744E-1,1.406191885E-1,-3.185237944E-1
3.707357650E-1,7.883197069E-1,8.948494494E-2,-3.121320009E-1
3.756351410E-1,7.797973752E-1,7.989726961E-2,-2.918913662E-1
3.807641520E-1,7.478384376E-1,7.350549102E-2,-2.641936541E-1
3.857025900E-1,6.977695227E-1,7.137489319E-2,-2.343653291E-1
3.910142570E-1,6.221334338E-1,6.498311460E-2,-2.024064213E-1
3.959721750E-1,5.358443856E-1,5.752603337E-2,-1.704475135E-1
4.011207680E-1,4.410329461E-1,4.048128426E-2,-1.395539045E-1
4.062468630E-1,3.515479863E-1,-4.261187743E-3,-1.065296903E-1
4.110924880E-1,2.716507316E-1,-5.965662748E-2,-4.687306657E-2
4.160681140E-1,1.800351888E-1,-7.989726961E-2,3.195890784E-2
4.214808220E-1,6.604841352E-2,-5.965662748E-2,1.065296903E-1
4.262354070E-1,-8.841964602E-2,2.130593872E-3,1.992105246E-1
4.313710840E-1,-2.769772112E-1,9.161553532E-2,3.185237944E-1
4.364110850E-1,-4.793836176E-1,1.374233067E-1,4.474247098E-1
4.414896780E-1,-6.967042089E-1,1.193132550E-1,5.646073818E-1
4.465518670E-1,-9.363960028E-1,7.883197069E-2,6.221334338E-1
4.516316590E-1,-1.204850793E0,9.161553532E-2,6.690064669E-1
4.567577540E-1,-1.486089230E0,1.651210189E-1,7.371854782E-1
4.618323370E-1,-1.764131784E0,3.131972849E-1,8.053644896E-1
4.668558800E-1,-1.997431755E0,7.244018912E-1,8.256051540E-1
4.719158790E-1,-2.061349630E0,1.417910218E0,6.636800170E-1
4.769387970E-1,-1.939905763E0,1.896228552E0,2.961525619E-1
4.817854120E-1,-1.789698839E0,1.998497009E0,-1.225091442E-1
4.870703090E-1,-1.720454574E0,2.036847830E0,-4.602082670E-1
4.922131730E-1,-1.743891120E0,1.970799327E0,-6.956388950E-1
4.972770290E-1,-1.808874249E0,1.796090603E0,-8.458457589E-1
5.024517680E-1,-1.880249143E0,1.700213909E0,-9.236124158E-1
5.076865090E-1,-1.950558662E0,1.685299754E0,-9.566366673E-1
5.124832790E-1,-1.926056862E0,1.521244049E0,-9.822037816E-1
5.175620830E-1,-1.798221231E0,1.245332122E0,-9.971179366E-1
5.226292700E-1,-1.825918913E0,1.316707015E0,-9.395918846E-1
5.277560420E-1,-1.902620316E0,1.372102499E0,-8.852617741E-1
5.327956770E-1,-1.899424434E0,1.282617569E0,-8.607599139E-1
5.377824490E-1,-1.886640906E0,1.222960830E0,-8.437151909E-1
5.430554180E-1,-1.914338589E0,1.176087856E0,-8.469110727E-1
5.479543770E-1,-1.934579253E0,1.056774616E0,-8.916535378E-1
5.531793770E-1,-1.934579253E0,8.469110727E-1,-9.758120179E-1
5.580794830E-1,-1.943101645E0,5.837827325E-1,-1.074884653E0
5.631687530E-1,-1.962276936E0,2.844342887E-1,-1.172891974E0
5.682272960E-1,-1.991039991E0,9.587672539E-3,-1.250658631E0
5.734284940E-1,-2.018737793E0,-1.896228492E-1,-1.289009333E0
5.783624530E-1,-2.046435356E0,-3.004137278E-1,-1.285813451E0
5.835393800E-1,-2.074133158E0,-3.387644291E-1,-1.257050395E0
5.885896940E-1,-2.089047194E0,-3.259808719E-1,-1.246397376E0
5.938678710E-1,-2.094373703E0,-2.215817571E-1,-1.270899296E0
5.986686530E-1,-2.098634958E0,-2.024064213E-2,-1.333751798E0
6.039489130E-1,-2.119940996E0,2.343653291E-1,-1.412583709E0
6.087980290E-1,-2.156161070E0,5.028201342E-1,-1.482893348E0
6.139060500E-1,-2.210491180E0,7.212060094E-1,-1.530831695E0
6.189363640E-1,-2.273343563E0,8.714128733E-1,-1.548941731E0
6.240682380E-1,-2.346849203E0,9.864649773E-1,-1.554268241E0
6.290971980E-1,-2.418224096E0,1.087668180E0,-1.550006986E0
6.343224580E-1,-2.475749969E0,1.193132520E0,-1.532962322E0
6.392163660E-1,-2.505578279E0,1.316707015E0,-1.504199266E0
6.443564180E-1,-2.497056007E0,1.451999664E0,-1.465848565E0
6.491808980E-1,-2.442725897E0,1.565986514E0,-1.420040846E0
6.544933460E-1,-2.345783949E0,1.649079680E0,-1.356122971E0
6.594980860E-1,-2.209425926E0,1.726846337E0,-1.278356314E0
6.646824610E-1,-2.035782337E0,1.819527149E0,-1.182479620E0
6.696313170E-1,-1.845094323E0,1.920730352E0,-1.062101007E0
6.747786080E-1,-1.654406190E0,2.021933556E0,-9.278736115E-1
6.797894430E-1,-1.465848565E0,2.134855032E0,-7.829932570E-1
6.846920990E-1,-1.276225686E0,2.261625290E0,-6.274598837E-1
6.901161620E-1,-1.083406925E0,2.355371475E0,-4.729918540E-1
6.950246520E-1,-9.012411833E-1,2.397983313E0,-3.387644291E-1
7.002541320E-1,-7.339895964E-1,2.429942369E0,-2.460835874E-1
7.053786630E-1,-5.880439281E-1,2.481076479E0,-1.874922663E-1
7.102444980E-1,-4.474247098E-1,2.547124863E0,-1.544680595E-1
7.153894980E-1,-3.078708053E-1,2.623826265E0,-1.395539045E-1
7.203749150E-1,-1.565986425E-1,2.743139505E0,-1.438150853E-1
7.254873630E-1,4.048128426E-2,2.962590694E0,-1.970799267E-1
7.304893960E-1,2.130593807E-1,3.077642918E0,-2.652589381E-1
7.356756970E-1,3.440909088E-1,3.146887064E0,-3.313073516E-1
7.406697090E-1,4.964283705E-1,3.217196703E0,-3.909639716E-1
7.457296050E-1,6.274598837E-1,3.184172630E0,-4.282493591E-1
7.508040850E-1,7.297284007E-1,3.101079464E0,-4.420982301E-1
7.560503350E-1,8.256051540E-1,3.048879862E0,-4.378370345E-1
7.609573150E-1,9.023064971E-1,3.048879862E0,-4.122699201E-1
7.660641900E-1,9.523754716E-1,3.095752954E0,-3.792456985E-1
7.710946080E-1,9.896608591E-1,3.192694902E0,-3.515479863E-1
7.761775240E-1,1.025880933E0,3.359946489E0,-3.579397798E-1
7.812035150E-1,1.073819280E0,3.576201916E0,-4.058781266E-1
7.864978900E-1,1.146259546E0,3.828677177E0,-4.868406951E-1
7.913559640E-1,1.240005612E0,4.064107895E0,-5.795215368E-1
7.966563280E-1,1.344404697E0,4.264383793E0,-6.753982306E-1
8.014798710E-1,1.463717937E0,4.439092159E0,-7.734055519E-1
8.066348190E-1,1.592618942E0,4.610605240E0,-8.607599139E-1
8.116627890E-1,1.728976965E0,4.783183098E0,-9.236124158E-1
8.167566430E-1,1.856812596E0,4.939781666E0,-9.672896266E-1
8.217960190E-1,1.980386972E0,5.045246124E0,-1.004575014E0
8.270563310E-1,2.096504450E0,5.096380711E0,-1.050382733E0
8.319604470E-1,2.196642399E0,5.098511219E0,-1.104712963E0
8.371860720E-1,2.266951799E0,5.042050362E0,-1.161173701E0
8.420396150E-1,2.298910856E0,4.971740723E0,-1.200589657E0
8.471586770E-1,2.281866074E0,4.902496338E0,-1.210177302E0
8.522163350E-1,2.204099417E0,4.825795174E0,-1.197393775E0
8.573803450E-1,2.078394413E0,4.757616043E0,-1.177153111E0
8.623871690E-1,1.916469216E0,4.704351425E0,-1.167565465E0
8.676473250E-1,1.725781083E0,4.631911278E0,-1.179283738E0
8.726288370E-1,1.525505185E0,4.527512074E0,-1.232548594E0
8.776313890E-1,1.349731207E0,4.417786598E0,-1.332686424E0
8.826315980E-1,1.228287339E0,4.310191631E0,-1.469044447E0
8.879366500E-1,1.169696093E0,4.220706463E0,-1.649079680E0
8.930689950E-1,1.167565465E0,4.147201061E0,-1.845094323E0
8.979038910E-1,1.219764948E0,4.063042641E0,-2.032586575E0
9.029277460E-1,1.309249878E0,3.938402653E0,-2.201968670E0
9.080516000E-1,1.422171354E0,3.790326595E0,-2.346849203E0
9.130787370E-1,1.542549968E0,3.633727789E0,-2.465097189E0
9.181706110E-1,1.652275562E0,3.516545296E0,-2.578018665E0
9.232204040E-1,1.742825747E0,3.451562166E0,-2.680287123E0
9.283282170E-1,1.824853659E0,3.412146091E0,-2.746335506E0
9.330208740E-1,1.915403843E0,3.369534254E0,-2.798535109E0
9.385089470E-1,2.013411283E0,3.336509943E0,-2.852865219E0
9.434667610E-1,2.119940996E0,3.327987671E0,-2.912521839E0
9.486183750E-1,2.238188744E0,3.303485870E0,-2.957264185E0
9.536407720E-1,2.362828493E0,3.255547523E0,-2.981766224E0
9.588140010E-1,2.493860245E0,3.179911375E0,-2.984961987E0
9.655770740E-1,2.625957012E0,3.055271626E0,-2.972178459E0
9.689545230E-1,2.766576052E0,2.876301765E0,-2.943415403E0
9.739809810E-1,2.910391331E0,2.651524067E0,-2.916783094E0
9.789353580E-1,3.045683861E0,2.354306221E0,-2.896542311E0
9.840828050E-1,3.149017811E0,1.946297526E0,-2.869910002E0
9.890913480E-1,3.200151920E0,1.418975472E0,-2.834755182E0
9.942456190E-1,3.183107138E0,8.011032939E-1,-2.784686089E0
9.993584850E-1,3.085099936E0,1.459456831E-1,-2.738878489E0
1.004391714E0,2.909325838E0,-4.484900236E-1,-2.715441942E0
1.009391767E0,2.673895359E0,-9.406571984E-1,-2.722898960E0
1.014513798E0,2.397983313E0,-1.356122971E0,-2.727160215E0
1.019746872E0,2.107157230E0,-1.734303355E0,-2.693070650E0
1.024658695E0,1.819527149E0,-2.109287977E0,-2.615303993E0
1.029784790E0,1.557464123E0,-2.467227697E0,-2.511970282E0
1.034798540E0,1.341208816E0,-2.781490326E0,-2.399048805E0
1.039901666E0,1.178218365E0,-3.023312807E0,-2.289323092E0
1.044965364E0,1.062101007E0,-3.192694902E0,-2.182793379E0
1.050078646E0,1.001379132E0,-3.286441088E0,-2.024064064E0
1.055411406E0,1.007770896E0,-3.263004541E0,-1.758805275E0
1.060135366E0,1.051448107E0,-3.169258356E0,-1.380624771E0
1.065310209E0,1.085537553E0,-3.022247314E0,-9.545060396E-1
1.070434482E0,1.138802409E0,-2.787882090E0,-5.678032637E-1
1.075418179E0,1.213373184E0,-2.451248169E0,-2.748466134E-1
1.080521149E0,1.285813451E0,-2.051761866E0,-9.907261282E-2
1.085526409E0,1.358253598E0,-1.651210308E0,-3.728539124E-2
1.090560577E0,1.437085509E0,-1.276225686E0,-8.735434711E-2
1.095794327E0,1.525505185E0,-9.065676928E-1,-2.269082516E-1
1.100673964E0,1.621381879E0,-6.828553081E-1,-3.824416101E-1
1.105805734E0,1.712997437E0,-6.338516474E-1,-4.868406951E-1
1.110762819E0,1.773719430E0,-6.775288582E-1,-5.347790718E-1
1.115997662E0,1.772654057E0,-6.828553081E-1,-5.230607986E-1
1.120962559E0,1.702344537E0,-6.114804149E-1,-4.559471011E-1
1.126132455E0,1.570247650E0,-4.921671748E-1,-3.472867906E-1
1.131078185E0,1.382755399E0,-3.707233369E-1,-2.215817571E-1
1.136242196E0,1.159043074E0,-2.375612110E-1,-1.001379117E-1
1.141230009E0,9.225471616E-1,-7.670138031E-2,1.917534508E-2
1.146381259E0,6.924430132E-1,-2.769771963E-2,1.310315281E-1
1.151431156E0,2.876301706E-1,-9.523754716E-1,3.941598535E-2
1.156547823E0,-3.440909088E-1,-2.442725897E0,-3.046749234E-1
1.161565168E0,-6.381128430E-1,-2.719702959E0,-3.494173884E-1
1.166755167E0,-7.180101275E-1,-2.533276081E0,-2.226470560E-1
1.171667929E0,-6.753982306E-1,-2.265886545E0,-8.735434711E-2
1.176970481E0,-2.194511741E-1,-1.983582854E0,4.261187743E-3
1.181928711E0,8.916535378E-1,-2.226470709E0,-9.481142461E-2
1.187041628E0,1.524439931E0,-2.560973883E0,-4.261187837E-2
1.191985900E0,1.835506678E0,-2.298910856E0,3.888333738E-1
1.197088504E0,1.886640906E0,-1.618185997E0,6.508964300E-1
1.202224234E0,1.880249143E0,-9.736813903E-1,7.339895964E-1
1.207329078E0,2.037913084E0,-5.816521049E-1,6.221334338E-1
1.212423402E0,2.266951799E0,-3.984210491E-1,3.195890784E-1
1.217294860E0,2.429942369E0,-2.695201337E-1,-5.326484796E-3
1.222461372E0,2.513035536E0,-2.151899785E-1,-2.162552774E-1
1.227841371E0,2.568430901E0,-1.193132550E-1,-3.185237944E-1
1.232752206E0,2.660046339E0,1.928187460E-1,-2.588671446E-1
1.237914289E0,2.776163816E0,5.113425255E-1,-1.384886056E-1
1.242702884E0,2.853930473E0,5.805868506E-1,-1.384886056E-1
1.247834655E0,2.861387491E0,5.699338317E-1,-2.311694324E-1
1.253029604E0,2.839016438E0,5.773909688E-1,-2.801730931E-1
1.257907416E0,2.735682487E0,6.168069243E-1,-2.439530045E-1
1.262954969E0,2.618499756E0,6.924430132E-1,-1.768392920E-1
1.268082462E0,2.487468243E0,7.766014934E-1,-1.278356314E-1
1.273043825E0,2.346849203E0,8.128215671E-1,-1.150520667E-1
1.278175126E0,2.231796980E0,8.192133307E-1,-1.331621110E-1
1.283178565E0,2.117810249E0,7.851238251E-1,-2.077329010E-1
1.288360753E0,1.972929955E0,7.126836777E-1,-2.982831299E-1
1.293449764E0,1.820592523E0,7.030959725E-1,-3.302420378E-1
1.298431378E0,1.703409791E0,7.542302012E-1,-3.174584806E-1
1.303508359E0,1.624577880E0,7.829932570E-1,-2.897607684E-1
1.308624609E0,1.536158204E0,7.968420982E-1,-2.727160156E-1
1.313731433E0,1.454130292E0,7.776667476E-1,-2.844342887E-1
1.318755026E0,1.384886026E0,7.222713232E-1,-3.100014031E-1
1.323739819E0,1.312445879E0,5.827174187E-1,-3.515479863E-1
1.329005704E0,1.238940358E0,4.229228795E-1,-3.973557651E-1
1.334146487E0,1.194197893E0,3.270461559E-1,-4.197269976E-1
1.339074820E0,1.177153111E0,2.428877056E-1,-4.335758388E-1
1.344007113E0,1.185675502E0,1.235744432E-1,-4.793836176E-1
1.349150967E0,1.193132520E0,-3.515479714E-2,-5.198649168E-1
1.354153051E0,1.203785539E0,-1.427497864E-1,-5.134730935E-1
1.359307166E0,1.229352713E0,-1.629904360E-1,-4.442288280E-1
1.364358365E0,1.253854513E0,-9.800732136E-2,-2.641936541E-1
1.369545448E0,1.318837643E0,1.384885982E-2,-1.491415650E-1
1.374572949E0,1.349731207E0,8.522375673E-2,-7.776667923E-2
1.379845866E0,1.318837643E0,1.129214764E-1,-6.391781382E-3
1.384597742E0,1.307119370E0,1.438150853E-1,3.408950195E-2
1.389780554E0,1.274095178E0,1.597945392E-1,6.178722158E-2
1.394772431E0,1.206981421E0,2.759118974E-1,1.289009303E-1
1.399926076E0,1.118561745E0,2.780424953E-1,1.299662292E-1
1.404931754E0,9.907261729E-1,1.597945392E-1,8.735434711E-2
1.410188369E0,8.884576559E-1,1.917534508E-2,3.941598535E-2
1.415136026E0,7.371854782E-1,-1.001379117E-1,2.556712553E-2
1.420183370E0,7.265325189E-1,-4.261187837E-2,7.457078435E-3
1.425163163E0,7.307937145E-1,1.704475097E-2,-2.450183034E-2
1.430261183E0,7.062918544E-1,1.086602882E-1,-3.835069016E-2
1.435336132E0,6.690064669E-1,2.034717202E-1,-9.161553532E-2
1.440546340E0,6.295905113E-1,2.269082516E-1,-2.077329010E-1
1.445452227E0,5.624767542E-1,1.661863178E-1,-3.068055212E-1
1.450555196E0,5.262566805E-1,1.363580078E-1,-2.918913662E-1
1.455702489E0,4.399676323E-1,1.576639414E-1,-1.800351888E-1
1.460722592E0,3.281114697E-1,1.715128124E-1,-9.055023640E-2
1.465713323E0,1.885575503E-1,1.001379117E-1,-5.539543927E-2
1.470849885E0,4.048128426E-2,3.408950195E-2,-2.982831374E-2
1.475881866E0,-5.326484516E-2,2.343653329E-2,-2.663242258E-2
1.480978838E0,-1.257050335E-1,1.811004803E-2,-2.237123623E-2
1.486129575E0,-1.768392920E-1,2.663242258E-2,2.130593872E-3
1.491447804E0,-2.727160156E-1,-2.024064213E-2,2.343653329E-2
1.496385826E0,-4.282493591E-1,-1.193132550E-1,4.367717355E-2
1.501382024E0,-4.719265401E-1,-1.299662292E-1,3.195890784E-2
1.506393067E0,-4.602082670E-1,-1.139867753E-1,3.195890784E-2
1.511929368E0,-4.463594258E-1,-5.326484516E-2,5.752603337E-2
1.516599578E0,-4.080087245E-1,2.450183034E-2,9.055023640E-2
1.521814005E0,-3.856374919E-1,4.793836176E-2,1.161173657E-1
1.526704527E0,-3.813762963E-1,3.728539124E-2,1.374233067E-1
1.531786350E0,-3.867027760E-1,9.587672539E-3,1.491415650E-1
1.536874372E0,-3.664621413E-1,1.278356276E-2,1.534027606E-1
1.542083799E0,-3.366338313E-1,3.302420676E-2,1.619251370E-1
1.546992185E0,-2.950872481E-1,8.309315890E-2,1.757739931E-1
1.552228175E0,-2.673895359E-1,1.075949892E-1,1.811004728E-1
1.557078124E0,-2.333000302E-1,1.161173657E-1,1.832310706E-1
1.562220780E0,-2.002758235E-1,1.054643989E-1,1.864269674E-1
1.567315989E0,-1.853616685E-1,7.989726961E-2,1.949493438E-1
1.572414791E0,-1.811004728E-1,4.261187837E-2,2.066676021E-1
1.577369584E0,-1.906881481E-1,7.457078435E-3,2.119940966E-1
1.582629323E0,-2.205164731E-1,-2.982831374E-2,2.151899785E-1
1.587584325E0,-2.599324584E-1,-6.285251677E-2,2.130593807E-1
1.592775574E0,-2.961525619E-1,-9.694202244E-2,1.970799267E-1
1.597687555E0,-3.227849603E-1,-1.171826646E-1,1.757739931E-1
1.602831773E0,-3.483521044E-1,-1.310315281E-1,1.576639414E-1
1.607944118E0,-3.813762963E-1,-1.491415650E-1,1.416844875E-1
1.612972556E0,-4.112046063E-1,-1.672516167E-1,1.150520667E-1
1.618092140E0,-4.389023483E-1,-1.842963696E-1,8.628904819E-2
1.623210942E0,-4.836448133E-1,-2.056023031E-1,5.433014408E-2
1.628096047E0,-4.900365770E-1,-2.109287977E-1,1.597945392E-2
1.633347401E0,-4.921671748E-1,-2.375612110E-1,1.811004803E-2
1.638267663E0,-4.964283705E-1,-2.482141852E-1,2.237123623E-2
1.643369954E0,-4.974936545E-1,-2.439530045E-1,1.917534508E-2
1.648566779E0,-5.028201342E-1,-2.460835874E-1,2.024064213E-2
1.653483810E0,-5.060160160E-1,-2.482141852E-1,1.704475097E-2
1.658635946E0,-5.060160160E-1,-2.482141852E-1,1.491415687E-2
1.663643915E0,-5.134730935E-1,-2.524753809E-1,2.556712553E-2
1.668697927E0,-5.198649168E-1,-2.578018606E-1,3.195890784E-2
1.673842145E0,-5.156037211E-1,-2.695201337E-1,4.154657945E-2
1.678850219E0,-5.049507618E-1,-2.876301706E-1,4.793836176E-2
1.684066886E0,-4.879060090E-1,-2.950872481E-1,3.835069016E-2
1.689109543E0,-4.612735808E-1,-2.972178459E-1,8.522375487E-3
1.694138397E0,-4.378370345E-1,-3.004137278E-1,-2.769771963E-2
1.699111523E0,-4.154658020E-1,-3.100014031E-1,-5.433014408E-2
1.704386940E0,-3.941598535E-1,-3.110667169E-1,-9.161553532E-2
1.709397983E0,-3.728539348E-1,-3.078708053E-1,-1.374233067E-1
1.714489962E0,-3.440909088E-1,-2.982831299E-1,-1.885575503E-1
1.719647098E0,-3.121320009E-1,-2.929566503E-1,-2.354306281E-1
1.724551213E0,-2.791078091E-1,-2.748466134E-1,-2.854995728E-1
1.729523245E0,-2.290388346E-1,-2.045370042E-1,-3.824416101E-1
1.734812099E0,-1.757739931E-1,-1.565986425E-1,-4.570123851E-1
1.739753611E0,-1.342274100E-1,-1.523374617E-1,-4.825794995E-1
1.744895642E0,-1.086602882E-1,-1.544680595E-1,-5.049507618E-1
1.749935539E0,-9.055023640E-2,-1.512721628E-1,-5.337137580E-1
1.755020538E0,-7.350549102E-2,-1.438150853E-1,-5.678032637E-1
1.760028300E0,-5.113425106E-2,-1.864269674E-1,-6.146763563E-1
1.765221425E0,-6.391781382E-3,-2.972178459E-1,-6.519617438E-1
1.770195801E0,1.065296936E-3,-3.462215066E-1,-6.253293157E-1
1.775204447E0,-1.171826664E-2,-3.376991153E-1,-6.306557655E-1
1.780336011E0,-3.941598535E-2,-3.568744659E-1,-6.551576257E-1
1.785416739E0,-1.086602882E-1,-4.165311158E-1,-6.945735812E-1
1.790375595E0,-2.013411224E-1,-4.719265401E-1,-7.702096701E-1
1.795541272E0,-2.865648866E-1,-5.241261125E-1,-8.181480169E-1
1.800750336E0,-3.526133001E-1,-5.901744962E-1,-8.085603714E-1
1.805696689E0,-3.984210491E-1,-6.572881937E-1,-7.670137882E-1
1.810689347E0,-4.271840751E-1,-6.988347769E-1,-7.425119877E-1
1.815807420E0,-4.271840751E-1,-7.339895964E-1,-7.062918544E-1
1.820839765E0,-4.101393223E-1,-8.266704082E-1,-6.626147032E-1
1.826103775E0,-4.058781266E-1,-9.545060396E-1,-6.168069243E-1
1.831004036E0,-4.218575954E-1,-1.111104727E0,-5.624767542E-1
1.836138828E0,-4.804489315E-1,-1.244266868E0,-5.550196767E-1
1.841079454E0,-5.614115000E-1,-1.262376904E0,-6.125457287E-1
1.846329662E0,-6.178722382E-1,-1.206981421E0,-6.849859357E-1
1.851337476E0,-6.423740387E-1,-1.173957229E0,-7.606220245E-1
1.856484142E0,-6.402434707E-1,-1.151585937E0,-8.362581134E-1
1.861341800E0,-6.200028062E-1,-1.078080535E0,-9.204165339E-1
1.866562529E0,-5.699338317E-1,-9.779425859E-1,-9.971179366E-1
1.871552843E0,-4.772530198E-1,-8.884576559E-1,-1.032272696E0
1.876627373E0,-3.707233369E-1,-8.319969177E-1,-1.053578615E0
1.881720083E0,-2.482141852E-1,-7.478384376E-1,-1.075949907E0
1.886836229E0,-1.246397421E-1,-6.413087845E-1,-1.080211043E0
1.891804407E0,2.130593872E-3,-5.326484442E-1,-1.078080535E0
1.896938313E0,1.320968270E-1,-4.239881933E-1,-1.064231634E0
1.902044460E0,2.716507316E-1,-3.302420378E-1,-1.018423915E0
1.907166856E0,4.016169310E-1,-2.609977424E-1,-9.683549404E-1
1.912072170E0,4.942977726E-1,-2.162552774E-1,-9.172206521E-1
1.917235242E0,5.741950274E-1,-1.704475135E-1,-8.501069546E-1
1.922237171E0,6.391781569E-1,-1.310315281E-1,-7.979074121E-1
1.927357066E0,6.785941720E-1,-9.268083423E-2,-7.584913969E-1
1.932465297E0,6.988347769E-1,-4.580776766E-2,-7.116183639E-1
1.937492900E0,7.190754414E-1,1.065296959E-2,-6.711370945E-1
1.942615193E0,7.425119877E-1,4.687306657E-2,-6.434393525E-1
1.947677120E0,7.755361795E-1,5.113425106E-2,-6.114804149E-1
1.952625871E0,8.256051540E-1,5.752603337E-2,-5.784562230E-1
1.957999882E0,8.767393827E-1,8.735434711E-2,-5.709991455E-1
1.962949154E0,9.374613166E-1,1.278356314E-1,-5.709991455E-1
1.968016341E0,9.992485046E-1,1.672516167E-1,-5.752603412E-1
1.972921342E0,1.063166380E0,2.226470560E-1,-5.731297731E-1
1.978070561E0,1.123888254E0,2.823036909E-1,-5.486279130E-1
1.983096447E0,1.161173701E0,3.142625988E-1,-5.294525623E-1
1.988181551E0,1.195263147E0,3.238502741E-1,-4.974936545E-1
1.993387438E0,1.220830321E0,3.270461559E-1,-4.687306583E-1
1.998373688E0,1.213373184E0,3.206543922E-1,-4.580776691E-1
2.003401345E0,1.187806129E0,3.717886209E-1,-4.538165033E-1
2.008470772E0,1.149455428E0,4.463594258E-1,-4.644694626E-1
2.013514680E0,1.111104727E0,4.367717505E-1,-4.868406951E-1
2.018705461E0,1.082341671E0,3.526133001E-1,-4.687306583E-1
2.023623066E0,1.037599206E0,2.759118974E-1,-4.325105548E-1
2.028866399E0,9.736813903E-1,2.791078091E-1,-4.250534773E-1
2.033807182E0,9.150900841E-1,3.121320009E-1,-4.101393223E-1
2.039081765E0,8.671516776E-1,3.110667169E-1,-3.941598535E-1
2.043938016E0,8.234745264E-1,2.844342887E-1,-4.037475288E-1
2.049087183E0,7.979074121E-1,2.578018606E-1,-4.346411526E-1
2.054045621E0,7.957767844E-1,2.652589381E-1,-4.655347466E-1
2.059205360E0,8.011032939E-1,3.174584806E-1,-4.911018908E-1
2.064224841E0,8.106909394E-1,3.930945694E-1,-5.262566805E-1
2.069391299E0,8.415845633E-1,4.506205916E-1,-5.571503043E-1
2.074402967E0,8.905882239E-1,4.900365770E-1,-5.805868506E-1
2.079592081E0,9.459837079E-1,5.283873081E-1,-5.986968875E-1
2.084693072E0,1.000313878E0,5.763256550E-1,-6.125457287E-1
2.089609478E0,1.038664460E0,6.285251975E-1,-6.263945699E-1
2.094752552E0,1.066362262E0,7.009654045E-1,-6.455699205E-1
2.099739375E0,1.082341671E0,7.307937145E-1,-6.679411530E-1
2.104747866E0,1.059970498E0,7.499690652E-1,-7.052266002E-1
2.109937240E0,1.023750305E0,7.734055519E-1,-7.318589687E-1
2.114905263E0,9.843343496E-1,7.776667476E-1,-7.510343194E-1
2.120088648E0,9.385265708E-1,7.819279432E-1,-7.478384376E-1
2.125020628E0,9.001759291E-1,7.989727259E-1,-7.094877362E-1
2.130265940E0,8.682169914E-1,8.096256852E-1,-6.604840755E-1
2.135259171E0,8.383886814E-1,8.266704082E-1,-6.263945699E-1
2.140341723E0,8.181480169E-1,8.810005784E-1,-5.944356918E-1
2.145304120E0,8.202786446E-1,8.319969177E-1,-5.433014631E-1
2.150419276E0,8.032338619E-1,7.350549102E-1,-5.092119575E-1
2.155488183E0,7.584913969E-1,6.924430132E-1,-5.070813298E-1
2.160648339E0,7.105530500E-1,6.700717807E-1,-5.283873081E-1
2.165724018E0,6.626147032E-1,6.338516474E-1,-5.699338317E-1
2.170806934E0,6.306557655E-1,6.221334338E-1,-6.178722382E-1
2.175790842E0,6.168069243E-1,5.667379498E-1,-6.594188213E-1
2.180873706E0,6.072192788E-1,4.335758388E-1,-6.967042089E-1
2.186051207E0,5.848480463E-1,3.249155581E-1,-7.318589687E-1
2.191041832E0,5.560849905E-1,2.727160156E-1,-7.595567107E-1
2.196145323E0,5.315831900E-1,2.322347313E-1,-7.638179064E-1
2.201140427E0,5.145384073E-1,1.938840449E-1,-7.489037514E-1
2.206164647E0,4.921671748E-1,1.672516167E-1,-7.329242826E-1
2.211311053E0,4.772530198E-1,1.565986425E-1,-7.169448137E-1
2.216490117E0,4.729918540E-1,1.587292403E-1,-7.041612864E-1
2.221411991E0,4.687306583E-1,1.981452256E-1,-6.967042089E-1
2.226483347E0,4.729918540E-1,2.482141852E-1,-6.977695227E-1
2.231751055E0,4.889712930E-1,2.524753809E-1,-7.105530500E-1
2.236701785E0,4.985589683E-1,2.333000302E-1,-7.361201644E-1
2.241821473E0,5.113425255E-1,2.364959270E-1,-7.734055519E-1
2.246726734E0,5.305178761E-1,2.599324584E-1,-8.096256852E-1
2.251952307E0,5.667379498E-1,2.737812996E-1,-8.469110727E-1
2.257042777E0,6.221334338E-1,2.737812996E-1,-8.852617741E-1
2.262048245E0,6.924430132E-1,2.780424953E-1,-9.076330066E-1
2.267158403E0,7.638179064E-1,3.227849603E-1,-9.289389253E-1
2.272271528E0,8.596946001E-1,3.781804144E-1,-9.534407854E-1
2.277249289E0,9.598325491E-1,4.229228795E-1,-9.992485046E-1
2.282596112E0,1.019489169E0,4.367717505E-1,-9.822037816E-1
2.287355905E0,1.045056343E0,3.792456985E-1,-9.395918846E-1
2.292426373E0,1.042925715E0,3.185237944E-1,-9.449183941E-1
2.297569708E0,1.025880933E0,3.025443256E-1,-9.683549404E-1
2.302580853E0,1.006705642E0,3.355685472E-1,-9.896608591E-1
2.307617886E0,9.896608591E-1,3.845722079E-1,-9.917914271E-1
2.312700959E0,9.907261729E-1,3.419603109E-1,-9.790078998E-1
2.317755491E0,9.619631171E-1,2.780424953E-1,-9.779425859E-1
2.322907314E0,9.246777296E-1,2.663242221E-1,-9.949873090E-1
2.328016742E0,8.564987183E-1,2.215817571E-1,-1.004575014E0
2.332982159E0,8.170827627E-1,2.226470560E-1,-1.015228033E0
2.338065702E0,7.702096701E-1,2.396918088E-1,-1.031207442E0
2.343157628E0,7.062918544E-1,2.428877056E-1,-1.041860461E0
2.348198150E0,6.583535075E-1,1.811004728E-1,-1.037599206E0
2.353316484E0,6.242640018E-1,1.608598381E-1,-1.014162660E0
2.358383985E0,6.338516474E-1,2.514100671E-1,-9.853996634E-1
2.363413880E0,6.391781569E-1,2.673895359E-1,-9.545060396E-1
2.368601642E0,6.168069243E-1,2.269082516E-1,-9.427877665E-1
2.373656069E0,6.061539650E-1,2.290388346E-1,-9.289389253E-1
2.378665029E0,5.848480463E-1,2.226470560E-1,-9.204165339E-1
2.383675497E0,5.646073818E-1,2.087981999E-1,-9.129594564E-1
2.388809144E0,5.390402675E-1,1.842963696E-1,-8.937841058E-1
2.393933623E0,5.283873081E-1,1.725780964E-1,-8.618252277E-1
2.398891801E0,5.347790718E-1,1.693822145E-1,-8.128215671E-1
2.404081072E0,5.454320312E-1,1.470109820E-1,-7.435772419E-1
2.409036959E0,5.422361493E-1,1.193132550E-1,-6.679411530E-1
2.414258677E0,5.305178761E-1,1.139867753E-1,-5.891091824E-1
2.419291751E0,5.038854480E-1,1.086602882E-1,-5.070813298E-1
2.424362480E0,4.687306583E-1,9.268083423E-2,-4.144005179E-1
2.429340971E0,4.357064366E-1,7.457078248E-2,-3.281114697E-1
2.434502585E0,4.080087245E-1,5.006895587E-2,-2.609977424E-1
2.439466753E0,3.888333738E-1,1.065296959E-2,-2.045370042E-1
2.444637847E0,3.685927391E-1,-3.728539124E-2,-1.502068639E-1
2.449728525E0,3.558091819E-1,-7.137489319E-2,-9.268083423E-2
2.454795400E0,3.355685472E-1,-9.907261282E-2,-2.982831374E-2
2.459807224E0,3.110667169E-1,-1.225091442E-1,2.876301669E-2
2.464895557E0,2.780424953E-1,-1.331621110E-1,7.776667923E-2
2.470189725E0,2.375612110E-1,-1.384886056E-1,1.289009303E-1
2.475175350E0,2.077329010E-1,-1.427497864E-1,1.842963696E-1
2.480036862E0,2.077329010E-1,-1.299662292E-1,2.439530045E-1
2.485196965E0,2.673895359E-1,-5.219954997E-2,3.014790416E-1
2.490258633E0,3.536785841E-1,-3.195890691E-3,3.472867906E-1
2.495436237E0,4.335758388E-1,1.704475097E-2,3.771151006E-1
2.500351707E0,5.006895661E-1,4.261187837E-2,4.101393223E-1
2.505474624E0,5.496932268E-1,5.859133229E-2,4.580776691E-1
2.510520719E0,5.635420680E-1,4.900366068E-2,5.028201342E-1
2.515621552E0,5.422361493E-1,3.089361079E-2,5.422361493E-1
2.520595407E0,4.729918540E-1,-3.195890784E-2,5.731297731E-1
2.525739678E0,3.504827023E-1,-1.970799267E-1,5.880439281E-1
2.530731971E0,2.034717202E-1,-4.218575954E-1,6.338516474E-1
2.536066658E0,7.563608140E-2,-6.157416105E-1,7.275978327E-1
2.540881868E0,6.391781382E-3,-7.222713232E-1,8.415845633E-1
2.546319003E0,2.130593918E-2,-7.148142457E-1,9.406571984E-1
2.551024473E0,4.048128426E-2,-6.956388950E-1,1.000313878E0
2.556203900E0,8.309315890E-2,-6.487658620E-1,1.045056343E0
2.561259213E0,1.917534471E-1,-4.708612561E-1,1.054643989E0
2.566417442E0,2.961525619E-1,-2.727160156E-1,9.971179366E-1
2.571318850E0,3.366338313E-1,-1.842963696E-1,8.724781871E-1
2.576431870E0,3.302420378E-1,-2.258429527E-1,7.414466739E-1
2.581586351E0,3.653968573E-1,-2.098634988E-1,6.242640018E-1
2.586571298E0,4.314452708E-1,-1.033338010E-1,5.070813298E-1
2.591996404E0,4.868406951E-1,-4.048128426E-2,4.016169310E-1
2.596785049E0,5.241261125E-1,-1.917534508E-2,3.014790416E-1
2.601872082E0,5.401055217E-1,-9.587672539E-3,1.853616685E-1
2.606870936E0,5.454320312E-1,1.491415687E-2,4.580776766E-2
2.611848698E0,5.326484442E-1,4.900366068E-2,-1.065296903E-1
2.616970729E0,5.294525623E-1,1.129214764E-1,-2.663242221E-1
2.622065001E0,5.113425255E-1,1.651210189E-1,-4.303799570E-1
2.627234167E0,4.804489315E-1,1.832310706E-1,-5.869786143E-1
2.632159845E0,4.527511895E-1,1.896228492E-1,-7.254672050E-1
2.637529793E0,4.101393223E-1,1.725780964E-1,-8.277357221E-1
2.642339169E0,3.590050638E-1,1.502068639E-1,-8.884576559E-1
2.647444377E0,3.195890784E-1,1.320968270E-1,-9.172206521E-1
2.652512191E0,2.940219641E-1,1.374233067E-1,-9.257430434E-1
2.657676410E0,2.897607684E-1,1.225091442E-1,-9.150900841E-1
2.662614536E0,2.918913662E-1,9.800732136E-2,-8.991106153E-1
2.667728338E0,2.950872481E-1,1.001379117E-1,-8.831311464E-1
2.672901881E0,3.057402074E-1,1.001379117E-1,-8.533028364E-1
2.677870422E0,3.217196763E-1,1.193132550E-1,-8.256051540E-1
2.683048653E0,3.430256248E-1,1.470109820E-1,-8.096256852E-1
2.687760319E0,3.707233369E-1,1.672516167E-1,-8.000379801E-1
2.693103497E0,3.973557651E-1,1.885575503E-1,-7.904503345E-1
2.698130893E0,4.325105548E-1,2.045370042E-1,-7.904503345E-1
2.703461519E0,4.772530198E-1,2.162552774E-1,-7.893850207E-1
2.708530790E0,5.134730935E-1,2.151899785E-1,-7.957767844E-1
2.713353076E0,5.422361493E-1,2.237123549E-1,-8.106909394E-1
2.718543499E0,5.688685775E-1,2.396918088E-1,-8.266704082E-1
2.723571313E0,5.784562230E-1,2.663242221E-1,-8.383886814E-1
2.728608083E0,5.837827325E-1,2.897607684E-1,-8.479763865E-1
2.733694699E0,5.848480463E-1,3.004137278E-1,-8.522375226E-1
2.738735897E0,5.752603412E-1,3.004137278E-1,-8.458457589E-1
2.743765169E0,5.518237948E-1,2.940219641E-1,-8.224092126E-1
2.748890690E0,5.219954848E-1,2.780424953E-1,-7.989727259E-1
2.753926160E0,4.825794995E-1,2.524753809E-1,-7.734055519E-1
2.759070691E0,4.442288280E-1,2.386265099E-1,-7.574261427E-1
2.764138296E0,4.026822448E-1,2.173205763E-1,-7.414466739E-1
2.769131733E0,3.579397798E-1,1.757739931E-1,-7.126836777E-1
2.774181839E0,3.089361191E-1,1.118561774E-1,-6.839206219E-1
2.779297516E0,2.375612110E-1,6.178722158E-2,-6.540923119E-1
2.784326423E0,1.651210189E-1,2.237123623E-2,-6.306557655E-1
2.789589287E0,9.800732136E-2,-1.278356276E-2,-6.018927693E-1
2.794618299E0,2.769771963E-2,-8.309315890E-2,-5.454320312E-1
2.799672778E0,-2.769771963E-2,-1.629904360E-1,-4.857754111E-1
2.804498144E0,-8.735434711E-2,-2.386265099E-1,-4.527511895E-1
2.809713716E0,-1.480762810E-1,-2.961525619E-1,-4.357064366E-1
2.814780801E0,-2.066676021E-1,-3.419603109E-1,-4.282493591E-1
2.820001009E0,-2.652589381E-1,-3.739192188E-1,-4.399676323E-1
2.824864344E0,-3.163931966E-1,-3.760498166E-1,-4.697959423E-1
2.830018198E0,-3.685927391E-1,-3.419603109E-1,-5.134730935E-1
2.835002209E0,-4.101393223E-1,-2.748466134E-1,-5.646073818E-1
2.840429032E0,-4.367717505E-1,-1.800351888E-1,-6.029580832E-1
2.845304085E0,-4.378370345E-1,-7.670138031E-2,-6.146763563E-1
2.850245752E0,-4.026822448E-1,2.663242258E-2,-6.061539650E-1
2.855309451E0,-3.472867906E-1,1.395539045E-1,-5.859133005E-1
2.860441899E0,-2.759118974E-1,2.418224066E-1,-5.539544225E-1
2.865658150E0,-2.002758235E-1,3.185237944E-1,-5.134730935E-1
2.870786379E0,-1.267703325E-1,3.867027760E-1,-4.687306583E-1
2.875907474E0,-6.924430281E-2,4.452941120E-1,-4.175963998E-1
2.880775286E0,-1.597945392E-2,4.804489315E-1,-3.611356616E-1
2.885817839E0,1.917534508E-2,4.868406951E-1,-2.972178459E-1
2.890844141E0,3.622009605E-2,4.804489315E-1,-2.343653291E-1
2.895925236E0,4.793836176E-2,4.591429830E-1,-1.853616685E-1
2.901102319E0,5.539543927E-2,4.197269976E-1,-1.480762810E-1
2.906057581E0,6.285251677E-2,3.717886209E-1,-1.161173657E-1
2.911196695E0,5.752603337E-2,3.163931966E-1,-8.522375673E-2
2.916174978E0,4.580776766E-2,2.492794842E-1,-6.072192639E-2
2.921348050E0,2.237123623E-2,1.917534471E-1,-3.941598535E-2
2.926367687E0,-4.261187743E-3,1.459456831E-1,-2.450183034E-2
2.931409926E0,-3.835069016E-2,1.065296903E-1,-1.384885982E-2
2.936459824E0,-8.309315890E-2,7.776667923E-2,1.065296936E-3
2.941555084E0,-1.289009303E-1,5.859133229E-2,1.704475097E-2
2.946614304E0,-1.640557349E-1,5.006895587E-2,2.237123623E-2
2.951864772E0,-1.970799267E-1,4.367717355E-2,2.982831374E-2
2.956810451E0,-2.279735506E-1,3.622009605E-2,3.408950195E-2
2.961841909E0,-2.599324584E-1,3.302420676E-2,3.089361079E-2
2.966899098E0,-2.908260524E-1,2.769771963E-2,3.302420676E-2
2.971981389E0,-3.195890784E-1,1.811004803E-2,3.728539124E-2
2.977181390E0,-3.366338313E-1,1.597945392E-2,3.622009605E-2
2.982147432E0,-3.526133001E-1,2.556712553E-2,2.769771963E-2
2.987350714E0,-3.685927391E-1,4.048128426E-2,9.587672539E-3
2.992596235E0,-3.835068941E-1,5.752603337E-2,-1.811004803E-2
2.997434882E0,-3.930945694E-1,8.096256852E-2,-5.113425106E-2
3.002524829E0,-3.962904513E-1,1.161173657E-1,-9.374613315E-2
3.007482435E0,-3.867027760E-1,1.555333585E-1,-1.342274100E-1
3.012609153E0,-3.675274551E-1,1.789698899E-1,-1.629904360E-1
3.017679051E0,-3.249155581E-1,1.874922663E-1,-1.736433953E-1
3.022683686E0,-2.567365468E-1,1.960146427E-1,-1.704475135E-1
3.027803374E0,-1.811004728E-1,2.077329010E-1,-1.502068639E-1
3.032875926E0,-1.086602882E-1,2.237123549E-1,-1.107908785E-1
3.037858219E0,-5.433014408E-2,2.375612110E-1,-5.859133229E-2
3.043040771E0,-2.556712553E-2,2.535406649E-1,-2.024064213E-2
3.048048585E0,-1.491415687E-2,2.673895359E-1,-3.195890691E-3
3.053112230E0,-1.065296959E-2,2.780424953E-1,0.000000000E0
3.058184784E0,-1.278356276E-2,2.759118974E-1,-1.065296936E-3
3.063337752E0,-2.024064213E-2,2.684548199E-1,-4.261187743E-3
3.068738639E0,-2.982831374E-2,2.546059787E-1,0.000000000E0
3.073583326E0,-4.261187837E-2,2.322347313E-1,-3.195890691E-3
3.078461713E0,-5.859133229E-2,2.141246796E-1,-1.597945392E-2
3.083593483E0,-6.924430281E-2,1.981452256E-1,-2.663242258E-2
3.088782912E0,-8.309315890E-2,1.789698899E-1,-3.728539124E-2
3.093828120E0,-9.907261282E-2,1.597945392E-1,-4.474247247E-2
3.098848017E0,-1.139867753E-1,1.555333585E-1,-5.646073818E-2
3.104026506E0,-1.395539045E-1,1.629904360E-1,-7.989726961E-2
3.109048122E0,-1.725780964E-1,1.736433953E-1,-1.001379117E-1
3.114018226E0,-2.130593807E-1,1.789698899E-1,-1.161173657E-1
3.119068696E0,-2.514100671E-1,1.917534471E-1,-1.289009303E-1
3.124170831E0,-2.908260524E-1,2.109287977E-1,-1.512721628E-1
3.129140155E0,-3.270461559E-1,2.333000302E-1,-1.811004728E-1
3.134304530E0,-3.579397798E-1,2.599324584E-1,-2.066676021E-1
3.139354740E0,-3.781804144E-1,2.897607684E-1,-2.205164731E-1
3.144561979E0,-3.824416101E-1,3.142625988E-1,-2.173205763E-1
3.149508282E0,-3.771151006E-1,3.206543922E-1,-1.970799267E-1
3.154526667E0,-3.675274551E-1,3.185237944E-1,-1.800351888E-1
3.159638856E0,-3.579397798E-1,3.110667169E-1,-1.629904360E-1
3.164821668E0,-3.526133001E-1,2.844342887E-1,-1.640557349E-1
3.169724430E0,-3.526133001E-1,2.631283402E-1,-1.853616685E-1
3.175032503E0,-3.600703776E-1,2.546059787E-1,-1.970799267E-1
3.179851150E0,-3.728539348E-1,2.556712627E-1,-2.045370042E-1
3.185133546E0,-3.867027760E-1,2.471488863E-1,-2.098634988E-1
3.190048130E0,-4.016169310E-1,2.418224066E-1,-2.013411224E-1
3.195138234E0,-4.154658020E-1,2.386265099E-1,-2.002758235E-1
3.200413444E0,-4.325105548E-1,2.386265099E-1,-2.034717202E-1
3.205253027E0,-4.548817873E-1,2.471488863E-1,-2.077329010E-1
3.210277195E0,-4.697959423E-1,2.684548199E-1,-2.151899785E-1
3.215387246E0,-4.825794995E-1,2.833689749E-1,-2.269082516E-1
3.220464592E0,-4.815142155E-1,2.961525619E-1,-2.364959270E-1
3.225539800E0,-4.676653445E-1,3.270461559E-1,-2.503447831E-1
3.230562613E0,-4.410329461E-1,3.387644291E-1,-2.567365468E-1
3.235712717E0,-4.122699201E-1,3.259808719E-1,-2.535406649E-1
3.240824021E0,-3.803110123E-1,3.068055212E-1,-2.492794842E-1
3.246051104E0,-3.547438681E-1,2.897607684E-1,-2.460835874E-1
3.250898709E0,-3.430256248E-1,2.663242221E-1,-2.396918088E-1
3.256130376E0,-3.334379494E-1,2.620630562E-1,-2.524753809E-1
3.261169023E0,-3.366338313E-1,2.599324584E-1,-2.950872481E-1
3.266198554E0,-3.462215066E-1,2.641936541E-1,-3.462215066E-1
3.271281315E0,-3.430256248E-1,2.759118974E-1,-3.962904513E-1
3.276046107E0,-3.291767538E-1,3.025443256E-1,-4.559471011E-1
3.281254233E0,-3.270461559E-1,3.398297131E-1,-5.358443856E-1
3.286401420E0,-3.259808719E-1,3.728539348E-1,-6.189374924E-1
3.291501734E0,-3.121320009E-1,4.048128426E-1,-6.807247400E-1
3.296594026E0,-2.844342887E-1,4.367717505E-1,-7.307937145E-1
3.301599287E0,-2.556712627E-1,4.655347466E-1,-7.670137882E-1
3.306740224E0,-2.311694324E-1,5.092119575E-1,-7.936462164E-1
3.311726684E0,-2.077329010E-1,5.614115000E-1,-8.096256852E-1
3.316822777E0,-1.704475135E-1,6.285251975E-1,-7.819279432E-1
3.321862206E0,-1.235744432E-1,6.967042089E-1,-7.361201644E-1
3.327196476E0,-1.033338010E-1,6.370475888E-1,-7.041612864E-1
3.332040696E0,-9.055023640E-2,5.486279130E-1,-6.753982306E-1
3.337186686E0,-7.244019210E-2,4.804489315E-1,-6.274598837E-1
3.342348458E0,-5.113425106E-2,3.984210491E-1,-5.539544225E-1
3.347280801E0,-2.876301669E-2,3.323726356E-1,-4.655347466E-1
3.352346011E0,-2.343653329E-2,3.036096394E-1,-4.016169310E-1
3.357490906E0,-4.261187837E-2,2.684548199E-1,-3.611356616E-1
3.362416845E0,-7.883197069E-2,2.364959270E-1,-3.483521044E-1
3.367698824E0,-1.097255871E-1,2.503447831E-1,-3.568744659E-1
3.372559919E0,-1.534027606E-1,2.940219641E-1,-3.909639716E-1
3.377762627E0,-2.045370042E-1,3.568744659E-1,-4.516859055E-1
3.382688410E0,-2.450182885E-1,4.357064366E-1,-5.209302306E-1
3.387863670E0,-2.727160156E-1,5.230607986E-1,-5.923051238E-1
3.392853827E0,-2.823036909E-1,6.242640018E-1,-6.626147032E-1
3.398040181E0,-2.769772112E-1,7.244018912E-1,-7.180101275E-1
3.403010912E0,-2.684548199E-1,8.170827627E-1,-7.531649470E-1
3.408113568E0,-2.471488863E-1,8.969800472E-1,-7.563608289E-1
3.413392215E0,-2.279735506E-1,9.662243128E-1,-7.542302012E-1
3.418253569E0,-2.151899785E-1,1.022685051E0,-7.584913969E-1
3.423643466E0,-2.024064213E-1,1.037599206E0,-7.584913969E-1
3.428485028E0,-1.811004728E-1,1.015228033E0,-7.350549102E-1
3.433439144E0,-1.523374617E-1,9.875302315E-1,-6.796594262E-1
3.438504196E0,-1.257050335E-1,9.278736115E-1,-6.061539650E-1
3.443544041E0,-1.054643989E-1,8.564987183E-1,-5.273219943E-1
3.448751280E0,-1.118561774E-1,7.734055519E-1,-4.452941120E-1
3.453810448E0,-1.352927089E-1,6.402434707E-1,-3.707233369E-1
3.458817375E0,-1.576639414E-1,5.209302306E-1,-2.908260524E-1
3.464104199E0,-1.736433953E-1,4.357064366E-1,-1.949493438E-1
3.469049876E0,-1.821657717E-1,3.760498166E-1,-1.012032107E-1
3.475041126E0,-2.002758235E-1,4.005516469E-1,-1.278356276E-2
3.479093107E0,-2.716507316E-1,4.090740085E-1,1.491415687E-2
3.484170138E0,-3.259808719E-1,4.207922816E-1,5.326484796E-3
3.489478629E0,-3.547438681E-1,4.666000605E-1,-1.704475097E-2
3.494425504E0,-3.920292854E-1,5.827174187E-1,-4.687306657E-2
3.499294307E0,-4.261187613E-1,7.233366370E-1,-5.539543927E-2
3.504464931E0,-4.666000605E-1,8.373233676E-1,-5.859133229E-2
3.509676443E0,-5.294525623E-1,9.853996634E-1,-9.161553532E-2
3.514630089E0,-5.986968875E-1,1.200589657E0,-1.331621110E-1
3.519576653E0,-6.423740387E-1,1.331621170E0,-1.736433953E-1
3.524866444E0,-6.242640018E-1,1.363580108E0,-2.141246796E-1
3.529510039E0,-6.040233374E-1,1.429628491E0,-2.375612110E-1
3.534847070E0,-5.944356918E-1,1.427497864E0,-2.428877056E-1
3.539987019E0,-5.592808723E-1,1.391277790E0,-2.279735506E-1
3.545075404E0,-5.028201342E-1,1.328425288E0,-1.736433953E-1
3.550041812E0,-4.058781266E-1,1.238940358E0,-8.522375673E-2
3.555171968E0,-2.652589381E-1,1.147324800E0,-4.261187743E-3
3.560368219E0,-1.107908785E-1,1.033338070E0,5.006895587E-2
3.565476604E0,9.587672539E-3,8.884576559E-1,9.481142461E-2
3.570371866E0,8.948494494E-2,7.712749839E-1,1.374233067E-1
3.575497126E0,1.182479635E-1,6.892471313E-1,1.672516167E-1
3.580448742E0,1.107908785E-1,5.848480463E-1,1.896228492E-1
3.585599575E0,9.694202244E-2,4.889712930E-1,1.970799267E-1
3.590638378E0,6.285251677E-2,4.293146729E-1,1.832310706E-1
3.595762389E0,8.522375487E-3,4.058781266E-1,1.725780964E-1
3.600792702E0,-3.835069016E-2,3.920292854E-1,1.768392920E-1
3.605848900E0,-5.326484516E-2,3.898986876E-1,1.811004728E-1
3.610938693E0,-6.604841352E-2,4.218575954E-1,1.906881481E-1
3.616154266E0,-8.841964602E-2,4.751224220E-1,2.098634988E-1
3.621082704E0,-1.139867753E-1,5.411708355E-1,2.269082516E-1
3.626266037E0,-1.512721628E-1,6.061539650E-1,2.343653291E-1
3.631188799E0,-1.981452256E-1,6.636800170E-1,2.322347313E-1
3.636270622E0,-2.269082516E-1,7.350549102E-1,2.301041335E-1
3.641434998E0,-2.567365468E-1,7.691444159E-1,2.343653291E-1
3.646780571E0,-2.854995728E-1,7.872544527E-1,2.396918088E-1
3.651464218E0,-3.153278828E-1,7.947115302E-1,2.482141852E-1
3.656804270E0,-3.281114697E-1,7.968420982E-1,2.599324584E-1
3.661655000E0,-3.281114697E-1,7.893850207E-1,2.727160156E-1
3.666743906E0,-3.163931966E-1,7.797973752E-1,2.886954844E-1
3.671802345E0,-3.014790416E-1,7.648832202E-1,3.004137278E-1
3.677182397E0,-2.918913662E-1,7.435772419E-1,3.131972849E-1
3.682139742E0,-2.950872481E-1,7.275978327E-1,3.270461559E-1
3.687080523E0,-3.089361191E-1,7.105530500E-1,3.430256248E-1
3.692058493E0,-3.313073516E-1,6.881818175E-1,3.547438681E-1
3.697281982E0,-3.579397798E-1,6.530269980E-1,3.622009456E-1
3.702137921E0,-3.856374919E-1,6.061539650E-1,3.622009456E-1
3.706962035E0,-4.101393223E-1,5.486279130E-1,3.600703776E-1
3.712314016E0,-4.261187613E-1,5.049507618E-1,3.494173884E-1
3.717446099E0,-4.378370345E-1,4.719265401E-1,3.366338313E-1
3.722616412E0,-4.463594258E-1,4.516859055E-1,3.270461559E-1
3.727846672E0,-4.612735808E-1,4.495553076E-1,3.142625988E-1
3.732664122E0,-4.847100973E-1,4.761877358E-1,2.950872481E-1
3.737687246E0,-4.985589683E-1,5.187996030E-1,2.716507316E-1
3.742774435E0,-4.911018908E-1,5.433014631E-1,2.492794842E-1
3.748027560E0,-4.548817873E-1,5.550196767E-1,2.322347313E-1
3.753130582E0,-4.058781266E-1,5.709991455E-1,2.151899785E-1
3.757996155E0,-3.590050638E-1,5.667379498E-1,2.045370042E-1
3.763046156E0,-3.131972849E-1,5.592808723E-1,1.928187460E-1
3.768209229E0,-2.737812996E-1,5.454320312E-1,1.661863178E-1
3.773207459E0,-2.450182885E-1,5.081466436E-1,1.310315281E-1
3.778342198E0,-2.162552774E-1,4.452941120E-1,1.022685021E-1
3.783640898E0,-1.885575503E-1,4.186616838E-1,8.841964602E-2
3.788423241E0,-1.736433953E-1,3.920292854E-1,8.948494494E-2
3.793455586E0,-1.565986425E-1,3.419603109E-1,7.457078248E-2
3.798565377E0,-1.395539045E-1,3.025443256E-1,5.326484516E-2
3.803777358E0,-1.384886056E-1,2.620630562E-1,3.728539124E-2
3.808692201E0,-1.619251370E-1,1.981452256E-1,2.769771963E-2
3.813718817E0,-1.715128124E-1,1.597945392E-1,3.728539124E-2
3.819044859E0,-1.523374617E-1,1.608598381E-1,5.965662748E-2
3.823985120E0,-1.374233067E-1,1.565986425E-1,8.948494494E-2
3.829033089E0,-1.289009303E-1,1.619251370E-1,1.075949892E-1
3.834126580E0,-1.384886056E-1,1.715128124E-1,1.235744432E-1
3.839182257E0,-1.480762810E-1,1.800351888E-1,1.384886056E-1
3.844240539E0,-1.384886056E-1,1.597945392E-1,1.523374617E-1
3.849336633E0,-1.246397421E-1,1.161173657E-1,1.544680595E-1
3.854328405E0,-1.129214764E-1,8.309315890E-2,1.565986425E-1
3.859545696E0,-1.043990999E-1,6.924430281E-2,1.661863178E-1
3.864433562E0,-9.587672353E-2,4.154657945E-2,1.842963696E-1
3.869620332E0,-8.948494494E-2,-2.450183034E-2,2.056023031E-1
3.874359917E0,-8.628904819E-2,-1.043990999E-1,2.301041335E-1
3.879774448E0,-6.072192639E-2,-1.587292403E-1,2.556712627E-1
3.884778876E0,-2.556712553E-2,-1.715128124E-1,2.769772112E-1
3.889841584E0,-2.130593918E-2,-1.576639414E-1,2.663242221E-1
3.895025752E0,-1.917534508E-2,-1.704475135E-1,2.535406649E-1
3.900023513E0,-1.597945392E-2,-1.597945392E-1,2.663242221E-1
3.905040441E0,-4.048128426E-2,-8.202786744E-2,2.908260524E-1
3.910127628E0,-8.628904819E-2,-7.670138031E-2,3.345032334E-1
3.915144921E0,-8.628904819E-2,-1.320968270E-1,3.536785841E-1
3.920633306E0,-8.202786744E-2,-1.182479635E-1,3.739192188E-1
3.925528256E0,-1.033338010E-1,-7.137489319E-2,4.154658020E-1
3.930438255E0,-1.139867753E-1,-5.219954997E-2,4.293146729E-1
3.935444402E0,-1.310315281E-1,-6.072192639E-2,4.122699201E-1
3.940604715E0,-1.693822145E-1,-4.048128426E-2,3.973557651E-1
3.945579976E0,-1.960146427E-1,-4.367717355E-2,3.824416101E-1
3.950707580E0,-1.619251370E-1,-9.907261282E-2,3.366338313E-1
3.955762894E0,-1.171826646E-1,-1.267703325E-1,2.908260524E-1
3.960851644E0,-9.481142461E-2,-1.342274100E-1,2.737812996E-1
3.965884718E0,-5.219954997E-2,-1.374233067E-1,2.492794842E-1
3.970998676E0,1.704475097E-2,-1.534027606E-1,2.077329010E-1
3.976213521E0,8.735434711E-2,-1.757739931E-1,1.587292403E-1
3.981181594E0,1.555333585E-1,-1.885575503E-1,1.161173657E-1
3.986122428E0,2.215817571E-1,-1.970799267E-1,8.628904819E-2
3.991270761E0,2.716507316E-1,-2.045370042E-1,5.433014408E-2
3.996281960E0,3.014790416E-1,-2.013411224E-1,2.343653329E-2
4.001458679E0,3.131972849E-1,-1.874922663E-1,-2.130593872E-3
4.006457118E0,3.110667169E-1,-1.779045910E-1,-2.769771963E-2
4.011576284E0,3.046749234E-1,-1.768392920E-1,-4.154657945E-2
4.016721129E0,2.759118974E-1,-1.651210189E-1,-3.622009605E-2
4.021755816E0,3.302420676E-2,-5.326484516E-2,-2.343653329E-2
4.026786391E0,-3.685927391E-1,-7.670138031E-2,-5.539543927E-2
4.031900401E0,-3.845722079E-1,-3.611356616E-1,-1.374233067E-1
4.036898892E0,-2.993484437E-1,-4.900365770E-1,-1.480762810E-1
4.041997693E0,-2.460835874E-1,-4.420982301E-1,-4.261187837E-2
4.047228736E0,-1.480762810E-1,-3.696580231E-1,5.965662748E-2
4.052193372E0,-6.498311460E-2,-3.728539348E-1,1.107908785E-1
4.057277175E0,-2.024064213E-2,-4.335758388E-1,1.565986425E-1
4.062494466E0,-1.065296936E-3,-4.953630865E-1,2.226470560E-1
4.067291499E0,2.130593872E-3,-5.262566805E-1,3.185237944E-1
4.072484051E0,1.065296936E-3,-5.496932268E-1,4.175963998E-1
4.077574000E0,-1.278356276E-2,-5.795215368E-1,5.060160160E-1
4.082578531E0,-2.450183034E-2,-6.317210793E-1,5.944356918E-1
4.087582490E0,1.065296936E-3,-6.924430132E-1,6.945735812E-1
4.092793428E0,-6.391781382E-3,-6.945735812E-1,7.968420982E-1
4.097703116E0,-6.072192639E-2,-6.445046663E-1,8.831311464E-1
4.102856293E0,-1.747086942E-1,-3.643315434E-1,9.619631171E-1
4.107627336E0,-4.591429830E-1,4.719265401E-1,1.019489169E0
4.113183794E0,-6.956388950E-1,8.799352646E-1,9.363960028E-1
4.118034577E0,-7.137489319E-1,7.712749839E-1,6.551576257E-1
4.123224264E0,-6.967042089E-1,6.242640018E-1,4.048128426E-1
4.128202703E0,-7.339895964E-1,3.291767538E-1,3.643315434E-1
4.133387025E0,-7.510343194E-1,3.835069016E-2,4.602082670E-1
4.138305412E0,-6.466352344E-1,5.646073818E-2,6.093498468E-1
4.143435881E0,-4.751224220E-1,9.481142461E-2,7.478384376E-1
4.148649059E0,-3.707233369E-1,-6.072192639E-2,7.787320614E-1
4.153653642E0,-3.579397798E-1,-2.492794842E-1,7.627525926E-1
4.158577393E0,-4.325105548E-1,-4.261187613E-1,7.425119877E-1
4.163719633E0,-5.443667173E-1,-5.869786143E-1,7.382507920E-1
4.168910155E0,-6.295905113E-1,-6.988347769E-1,7.552955151E-1
4.173963853E0,-6.956388950E-1,-7.638179064E-1,7.755361795E-1
4.178883385E0,-7.659484744E-1,-8.128215671E-1,7.723402977E-1
4.184019999E0,-8.394539952E-1,-8.767393827E-1,7.616873384E-1
4.189034428E0,-8.937841058E-1,-9.182859659E-1,7.371854782E-1
4.194188594E0,-8.980453014E-1,-9.204165339E-1,6.988347769E-1
4.199162449E0,-8.490416408E-1,-8.682169914E-1,6.594188213E-1
4.204456564E0,-8.021686077E-1,-8.021686077E-1,6.178722382E-1
4.209284898E0,-7.851238251E-1,-7.712749839E-1,5.422361493E-1
4.214386721E0,-7.766014934E-1,-7.648832202E-1,4.357064366E-1
4.219510056E0,-7.755361795E-1,-7.861891389E-1,3.174584806E-1
4.224567191E0,-7.435772419E-1,-7.829932570E-1,2.034717202E-1
4.229594067E0,-6.860512495E-1,-7.744708657E-1,1.097255871E-1
4.234796515E0,-6.104151607E-1,-7.851238251E-1,3.515479714E-2
4.239845318E0,-5.198649168E-1,-8.106909394E-1,-3.408950195E-2
4.244881984E0,-4.197269976E-1,-8.234745264E-1,-1.012032107E-1
4.250118027E0,-3.195890784E-1,-8.351927996E-1,-1.629904360E-1
4.254953548E0,-2.407571077E-1,-8.479763865E-1,-2.162552774E-1
4.260022768E0,-1.917534471E-1,-8.618252277E-1,-2.588671446E-1
4.265125997E0,-1.523374617E-1,-8.330622315E-1,-3.121320009E-1
4.270271467E0,-9.694202244E-2,-7.499690652E-1,-3.717886209E-1
4.275296310E0,-5.006895587E-2,-6.924430132E-1,-4.048128426E-1
4.280298083E0,-3.195890784E-2,-6.338516474E-1,-4.293146729E-1
4.285595895E0,-2.663242258E-2,-5.486279130E-1,-4.570123851E-1
4.290437302E0,-3.515479714E-2,-4.719265401E-1,-4.772530198E-1
4.295770167E0,-4.793836176E-2,-3.898986876E-1,-4.857754111E-1
4.300567876E0,-6.391781569E-2,-2.929566503E-1,-4.793836176E-1
4.305666522E0,-8.841964602E-2,-2.109287977E-1,-4.623388648E-1
4.310898398E0,-9.055023640E-2,-1.214438528E-1,-4.325105548E-1
4.316023658E0,-7.457078248E-2,-4.367717355E-2,-3.973557651E-1
4.320857930E0,-5.539543927E-2,8.522375487E-3,-3.632662594E-1
4.325980951E0,-4.367717355E-2,3.089361079E-2,-3.259808719E-1
4.330988608E0,-2.876301669E-2,3.622009605E-2,-2.769772112E-1
4.336201681E0,-1.278356276E-2,2.450183034E-2,-2.205164731E-1
4.341113818E0,8.522375487E-3,4.261187743E-3,-1.512721628E-1
4.346259286E0,2.024064213E-2,-2.237123623E-2,-6.072192639E-2
4.351273090E0,2.769771963E-2,-7.457078248E-2,1.917534508E-2
4.356450485E0,5.539543927E-2,-1.193132550E-1,7.457078248E-2
4.361428559E0,9.587672353E-2,-1.448803842E-1,1.182479635E-1
4.366595226E0,1.235744432E-1,-1.800351888E-1,1.523374617E-1
4.371656217E0,1.416844875E-1,-2.183858752E-1,1.725780964E-1
4.376692258E0,1.555333585E-1,-2.460835874E-1,1.896228492E-1
4.381695020E0,1.544680595E-1,-2.705854177E-1,2.002758235E-1
4.386810540E0,1.406191885E-1,-2.993484437E-1,1.981452256E-1
4.391579656E0,1.086602882E-1,-3.238502741E-1,1.885575503E-1
4.397187364E0,6.178722158E-2,-3.291767538E-1,1.683169156E-1
4.401970438E0,3.195890691E-3,-3.121320009E-1,1.502068639E-1
4.407112886E0,-6.072192639E-2,-2.929566503E-1,1.257050335E-1
4.412187783E0,-1.246397421E-1,-2.844342887E-1,1.043990999E-1
4.417218512E0,-1.853616685E-1,-2.865648866E-1,9.374613315E-2
4.422380440E0,-2.428877056E-1,-3.131972849E-1,8.841964602E-2
4.427418982E0,-2.823036909E-1,-3.611356616E-1,8.735434711E-2
4.432494296E0,-3.110667169E-1,-4.239881933E-1,8.948494494E-2
4.437577524E0,-3.291767538E-1,-4.911018908E-1,9.268083423E-2
4.442586745E0,-3.334379494E-1,-5.454320312E-1,1.086602882E-1
4.447716328E0,-3.408950269E-1,-5.795215368E-1,1.363580078E-1
4.452721739E0,-3.494173884E-1,-5.944356918E-1,1.672516167E-1
4.458050756E0,-3.600703776E-1,-5.891091824E-1,1.981452256E-1
4.462786069E0,-3.771151006E-1,-5.763256550E-1,2.301041335E-1
4.467883041E0,-3.984210491E-1,-5.752603412E-1,2.684548199E-1
4.472994977E0,-4.175963998E-1,-5.891091824E-1,3.068055212E-1
4.478099872E0,-4.410329461E-1,-6.018927693E-1,3.451561928E-1
4.483221697E0,-4.644694626E-1,-6.157416105E-1,3.792456985E-1
4.488256332E0,-4.911018908E-1,-6.050886512E-1,4.069434404E-1
4.493403677E0,-5.156037211E-1,-5.837827325E-1,4.186616838E-1
4.498451593E0,-5.369096398E-1,-5.603461862E-1,4.101393223E-1
4.503485865E0,-5.560849905E-1,-5.539544225E-1,3.888333738E-1
4.508531646E0,-5.827174187E-1,-5.464973450E-1,3.611356616E-1
4.513653470E0,-6.146763563E-1,-5.219954848E-1,3.440909088E-1
4.518810605E0,-6.338516474E-1,-5.049507618E-1,3.302420378E-1
4.523795659E0,-6.381128430E-1,-5.134730935E-1,3.110667169E-1
4.528597429E0,-6.370475888E-1,-5.156037211E-1,2.982831299E-1
4.533940712E0,-6.285251975E-1,-5.124078393E-1,3.004137278E-1
4.539019982E0,-6.168069243E-1,-5.251913667E-1,3.110667169E-1
4.544002067E0,-6.008274555E-1,-5.464973450E-1,3.281114697E-1
4.549102952E0,-5.965662599E-1,-5.709991455E-1,3.494173884E-1
4.554119516E0,-5.986968875E-1,-5.891091824E-1,3.728539348E-1
4.559098110E0,-6.029580832E-1,-5.976315737E-1,3.930945694E-1
4.564332434E0,-6.040233374E-1,-5.859133005E-1,4.048128426E-1
4.569466183E0,-5.891091824E-1,-5.454320312E-1,4.165311158E-1
4.574438581E0,-5.656726956E-1,-4.815142155E-1,4.293146729E-1
4.579543997E0,-5.496932268E-1,-4.186616838E-1,4.357064366E-1
4.584634884E0,-5.326484442E-1,-3.568744659E-1,4.367717505E-1
4.589752696E0,-5.156037211E-1,-3.004137278E-1,4.357064366E-1
4.594720562E0,-4.900365770E-1,-2.535406649E-1,4.293146729E-1
4.599869312E0,-4.538165033E-1,-2.194511741E-1,4.293146729E-1
4.604848063E0,-4.101393223E-1,-1.981452256E-1,4.293146729E-1
4.610136917E0,-3.526133001E-1,-1.874922663E-1,4.271840751E-1
4.614659522E0,-2.972178459E-1,-1.874922663E-1,4.207922816E-1
4.620087699E0,-2.354306281E-1,-2.002758235E-1,4.058781266E-1
4.625140044E0,-1.768392920E-1,-2.119940966E-1,3.877680898E-1
4.630392752E0,-1.320968270E-1,-2.109287977E-1,3.653968573E-1
4.635465618E0,-9.161553532E-2,-2.013411224E-1,3.526133001E-1
4.640357076E0,-4.474247247E-2,-1.874922663E-1,3.430256248E-1
4.645391088E0,2.130593872E-3,-1.725780964E-1,3.334379494E-1
4.650518535E0,2.556712553E-2,-1.427497864E-1,3.195890784E-1
4.655600203E0,4.261187837E-2,-9.374613315E-2,2.993484437E-1
4.660674786E0,6.285251677E-2,-3.515479714E-2,2.737812996E-1
4.665709631E0,7.457078248E-2,2.024064213E-2,2.482141852E-1
4.670833798E0,6.711370498E-2,7.776667923E-2,2.215817571E-1
4.675622497E0,4.367717355E-2,1.278356314E-1,1.981452256E-1
4.680977809E0,1.384885982E-2,1.704475135E-1,1.747086942E-1
4.685949113E0,-1.384885982E-2,2.013411224E-1,1.597945392E-1
4.691156248E0,-4.687306657E-2,2.311694324E-1,1.555333585E-1
4.696274843E0,-7.457078248E-2,2.620630562E-1,1.565986425E-1
4.701247342E0,-9.800732136E-2,2.854995728E-1,1.597945392E-1
4.706431406E0,-1.139867753E-1,3.025443256E-1,1.597945392E-1
4.712901406E0,-1.246397421E-1,3.057402074E-1,1.523374617E-1
4.716451355E0,-1.320968270E-1,2.961525619E-1,1.459456831E-1
4.721549167E0,-1.363580078E-1,2.812383771E-1,1.459456831E-1
4.726573960E0,-1.427497864E-1,2.578018606E-1,1.555333585E-1
4.731788856E0,-1.470109820E-1,2.279735506E-1,1.757739931E-1
4.736674743E0,-1.523374617E-1,2.002758235E-1,2.013411224E-1
4.741865211E0,-1.619251370E-1,1.800351888E-1,2.269082516E-1
4.747189692E0,-1.853616685E-1,1.587292403E-1,2.503447831E-1
4.751966879E0,-2.162552774E-1,1.384886056E-1,2.748466134E-1
4.757071151E0,-2.546059787E-1,1.246397421E-1,2.961525619E-1
4.762242088E0,-2.865648866E-1,1.139867753E-1,3.163931966E-1
4.767132402E0,-3.185237944E-1,9.907261282E-2,3.313073516E-1
4.772364225E0,-3.472867906E-1,8.202786744E-2,3.387644291E-1
4.777274122E0,-3.685927391E-1,6.817900389E-2,3.408950269E-1
4.782431778E0,-3.877680898E-1,5.965662748E-2,3.430256248E-1
4.787529956E0,-4.005516469E-1,5.752603337E-2,3.462215066E-1
4.792450529E0,-4.101393223E-1,5.326484516E-2,3.462215066E-1
4.797541572E0,-4.101393223E-1,4.367717355E-2,3.494173884E-1
4.802677196E0,-4.026822448E-1,2.769771963E-2,3.515479863E-1
4.807682607E0,-3.984210491E-1,9.587672539E-3,3.590050638E-1
4.812823968E0,-3.973557651E-1,-5.326484796E-3,3.685927391E-1
4.817851678E0,-3.973557651E-1,-1.917534508E-2,3.867027760E-1
4.823048084E0,-4.026822448E-1,-4.154657945E-2,4.037475288E-1
4.828130898E0,-4.037475288E-1,-6.178722158E-2,4.250534773E-1
4.833125949E0,-4.080087245E-1,-7.776667923E-2,4.410329461E-1
4.838281419E0,-4.133352041E-1,-8.415845782E-2,4.516859055E-1
4.843419284E0,-4.218575954E-1,-8.096256852E-2,4.570123851E-1
4.848274181E0,-4.325105548E-1,-7.030959427E-2,4.612735808E-1
4.853378347E0,-4.346411526E-1,-5.113425106E-2,4.644694626E-1
4.858401473E0,-4.239881933E-1,-2.130593918E-2,4.761877358E-1
4.863564494E0,-4.207922816E-1,4.261187743E-3,4.825794995E-1
4.868554964E0,-4.197269976E-1,2.556712553E-2,4.942977726E-1
4.873641943E0,-4.175963998E-1,4.048128426E-2,5.092119575E-1
4.878659080E0,-4.112046063E-1,5.326484516E-2,5.219954848E-1
4.883863767E0,-4.016169310E-1,7.030959427E-2,5.294525623E-1
4.888831008E0,-3.845722079E-1,8.202786744E-2,5.358443856E-1
4.893957205E0,-3.622009456E-1,8.841964602E-2,5.369096398E-1
4.899024238E0,-3.451561928E-1,9.055023640E-2,5.315831900E-1
4.904073613E0,-3.302420378E-1,8.841964602E-2,5.230607986E-1
4.909090541E0,-3.281114697E-1,8.735434711E-2,4.996242523E-1
4.914260593E0,-3.398297131E-1,6.924430281E-2,4.772530198E-1
4.919342313E0,-3.622009456E-1,5.219954997E-2,4.708612561E-1
4.924376167E0,-3.877680898E-1,5.433014408E-2,4.751224220E-1
4.929503512E0,-4.144005179E-1,6.285251677E-2,4.847100973E-1
4.934486689E0,-4.442288280E-1,7.776667923E-2,4.985589683E-1
4.939513877E0,-4.857754111E-1,9.907261282E-2,5.070813298E-1
4.944628617E0,-5.411708355E-1,1.193132550E-1,5.049507618E-1
4.949708410E0,-6.008274555E-1,1.512721628E-1,4.996242523E-1
4.954958722E0,-6.562229395E-1,1.853616685E-1,4.996242523E-1
4.959833671E0,-7.009654045E-1,2.215817571E-1,5.166690350E-1
4.964964244E0,-7.339895964E-1,2.514100671E-1,5.411708355E-1
4.969981953E0,-7.520996332E-1,2.684548199E-1,5.624767542E-1
4.975106224E0,-7.616873384E-1,2.631283402E-1,5.805868506E-1
4.980151746E0,-7.489037514E-1,2.343653291E-1,5.923051238E-1
4.985306746E0,-7.222713232E-1,1.874922663E-1,5.965662599E-1
4.990238153E0,-6.881818175E-1,1.331621110E-1,6.008274555E-1
4.995370340E0,-6.583535075E-1,9.055023640E-2,6.093498468E-1
5.000530550E0,-6.381128430E-1,5.326484516E-2,6.200028062E-1
5.005554039E0,-6.157416105E-1,1.278356276E-2,6.285251975E-1
5.010586020E0,-5.891091824E-1,-4.048128426E-2,6.253293157E-1
5.015700968E0,-5.688685775E-1,-1.001379117E-1,6.040233374E-1
5.020650448E0,-5.614115000E-1,-1.587292403E-1,5.688685775E-1
5.025871229E0,-5.614115000E-1,-2.087981999E-1,5.347790718E-1
5.030844407E0,-5.656726956E-1,-2.450182885E-1,5.017548800E-1
5.036002740E0,-5.720644593E-1,-2.759118974E-1,4.655347466E-1
5.040975346E0,-5.741950274E-1,-3.036096394E-1,4.282493591E-1
5.046090189E0,-5.784562230E-1,-3.195890784E-1,4.005516469E-1
5.051113420E0,-5.837827325E-1,-3.163931966E-1,3.824416101E-1
5.056378940E0,-5.933703780E-1,-3.004137278E-1,3.643315434E-1
5.061261285E0,-6.082845330E-1,-2.769772112E-1,3.472867906E-1
5.066353368E0,-6.221334338E-1,-2.396918088E-1,3.206543922E-1
5.071391234E0,-6.402434707E-1,-2.066676021E-1,2.844342887E-1
5.076271859E0,-6.572881937E-1,-1.768392920E-1,2.503447831E-1
5.081529412E0,-6.594188213E-1,-1.342274100E-1,2.151899785E-1
5.086745506E0,-6.434393525E-1,-9.055023640E-2,1.747086942E-1
5.091722695E0,-6.136110425E-1,-6.924430281E-2,1.427497864E-1
5.096879153E0,-5.667379498E-1,-5.859133229E-2,1.289009303E-1
5.101803737E0,-5.113425255E-1,-5.433014408E-2,1.214438528E-1
5.107000924E0,-4.506205916E-1,-5.752603337E-2,1.150520667E-1
5.112070665E0,-3.888333738E-1,-7.989726961E-2,1.012032107E-1
5.117138321E0,-3.238502741E-1,-1.182479635E-1,7.776667923E-2
5.122083271E0,-2.652589381E-1,-1.544680595E-1,4.154657945E-2
5.127210614E0,-2.162552774E-1,-1.800351888E-1,3.195890691E-3
5.132382022E0,-1.715128124E-1,-1.874922663E-1,-3.408950195E-2
5.137427125E0,-1.331621110E-1,-1.789698899E-1,-6.285251677E-2
5.142564523E0,-9.694202244E-2,-1.459456831E-1,-9.374613315E-2
5.147644158E0,-5.859133229E-2,-1.097255871E-1,-1.480762810E-1
5.152493482E0,-1.491415687E-2,-8.628904819E-2,-2.087981999E-1
5.157767596E0,3.195890784E-2,-6.924430281E-2,-2.641936541E-1
5.162690410E0,7.776667923E-2,-4.687306657E-2,-3.142625988E-1
5.167953222E0,1.235744432E-1,-2.343653329E-2,-3.547438681E-1
5.172926765E0,1.693822145E-1,-1.384885982E-2,-3.941598535E-1
5.177994213E0,2.226470560E-1,-1.917534508E-2,-4.346411526E-1
5.182975100E0,2.865648866E-1,-3.089361079E-2,-4.729918540E-1
5.188102756E0,3.536785841E-1,-5.113425106E-2,-5.081466436E-1
5.193097705E0,4.271840751E-1,-7.883197069E-2,-5.454320312E-1
5.198230413E0,5.081466436E-1,-1.097255871E-1,-5.859133005E-1
5.203480518E0,5.965662599E-1,-1.555333585E-1,-6.349169612E-1
5.208384007E0,6.945735812E-1,-2.066676021E-1,-6.945735812E-1
5.213755623E0,7.883197069E-1,-2.663242221E-1,-7.606220245E-1
5.218542967E0,8.692823052E-1,-3.174584806E-1,-8.213439584E-1
5.223507135E0,9.406571984E-1,-3.526133001E-1,-8.778046966E-1
5.228826457E0,1.005640268E0,-3.877680898E-1,-9.257430434E-1
5.234112605E0,1.057839870E0,-4.165311158E-1,-9.683549404E-1
5.238834844E0,1.101517081E0,-4.303799570E-1,-9.949873090E-1
5.243459168E0,1.146259546E0,-4.218575954E-1,-1.020554423E0
5.248991303E0,1.201654911E0,-3.877680898E-1,-1.055709243E0
5.253905627E0,1.266638041E0,-3.398297131E-1,-1.091929317E0
5.259103335E0,1.306053996E0,-2.982831299E-1,-1.103647590E0
5.264318597E0,1.334817052E0,-2.482141852E-1,-1.116431236E0
5.269220472E0,1.362514734E0,-2.130593807E-1,-1.136671782E0
5.274263859E0,1.428563237E0,-1.438150853E-1,-1.166500092E0
5.279348702E0,1.507395148E0,-7.030959427E-2,-1.263442159E0
5.284354901E0,1.612859607E0,-1.278356276E-2,-1.426432610E0
5.289580474E0,1.737499356E0,5.646073818E-2,-1.550006986E0
5.294201204E0,1.841898441E0,1.065296903E-1,-1.535092831E0
5.299632089E0,1.902620316E0,1.576639414E-1,-1.421106100E0
5.304669747E0,1.897293806E0,1.832310706E-1,-1.250658631E0
5.309800893E0,1.823788404E0,1.672516167E-1,-1.091929317E0
5.314858602E0,1.756674647E0,1.565986425E-1,-1.092994690E0
5.319884748E0,1.779045939E0,1.629904360E-1,-1.253854513E0
5.324905791E0,1.766262293E0,1.565986425E-1,-1.350796461E0
5.330153134E0,1.670385599E0,1.992105246E-1,-1.301792860E0
5.335078031E0,1.557464123E0,3.281114697E-1,-1.187806129E0
5.340179385E0,1.417910218E0,3.579397798E-1,-1.092994690E0
5.345238449E0,1.279421568E0,2.961525619E-1,-1.039729834E0
5.350420063E0,1.150520682E0,2.354306281E-1,-9.885955453E-1
5.355393242E0,1.022685051E0,2.343653291E-1,-9.236124158E-1
5.360360846E0,9.001759291E-1,2.386265099E-1,-8.692823052E-1
5.365527357E0,7.872544527E-1,2.130593807E-1,-8.213439584E-1
5.370787357E0,6.668758988E-1,1.715128124E-1,-7.734055519E-1
5.375715900E0,5.273219943E-1,1.299662292E-1,-7.148142457E-1
5.380728139E0,3.867027760E-1,8.202786744E-2,-6.349169612E-1
5.385802359E0,2.578018606E-1,3.515479714E-2,-5.358443856E-1
5.390934651E0,1.459456831E-1,-3.089361079E-2,-4.367717505E-1
5.395917933E0,5.539543927E-2,-1.022685021E-1,-3.376991153E-1
5.401033402E0,-2.130593918E-2,-1.725780964E-1,-2.450182885E-1
5.406109184E0,-9.161553532E-2,-2.333000302E-1,-1.555333585E-1
5.411293090E0,-1.555333585E-1,-2.833689749E-1,-7.137489319E-2
5.416406685E0,-2.162552774E-1,-3.174584806E-1,1.065296959E-2
5.421379550E0,-2.716507316E-1,-3.259808719E-1,8.096256852E-2
5.426493822E0,-3.281114697E-1,-3.100014031E-1,1.352927089E-1
5.431498561E0,-3.781804144E-1,-2.854995728E-1,1.811004728E-1
5.436480646E0,-4.165311158E-1,-2.546059787E-1,2.237123549E-1
5.441754447E0,-4.527511895E-1,-2.311694324E-1,2.620630562E-1
5.446671167E0,-4.804489315E-1,-1.970799267E-1,2.950872481E-1
5.451758355E0,-5.017548800E-1,-1.534027606E-1,3.281114697E-1
5.456904502E0,-5.156037211E-1,-1.118561774E-1,3.590050638E-1
5.461940179E0,-5.251913667E-1,-7.457078248E-2,3.920292854E-1
5.467029086E0,-5.347790718E-1,-5.326484516E-2,4.154658020E-1
5.472144971E0,-5.326484442E-1,-4.687306657E-2,4.325105548E-1
5.477538098E0,-5.198649168E-1,-6.178722158E-2,4.452941120E-1
5.482274816E0,-4.900365770E-1,-8.309315890E-2,4.474247098E-1
5.487229192E0,-4.474247098E-1,-9.161553532E-2,4.389023483E-1
5.492310807E0,-4.080087245E-1,-8.628904819E-2,4.261187613E-1
5.497330600E0,-3.696580231E-1,-6.711370498E-2,4.037475288E-1
5.502504506E0,-3.334379494E-1,-3.622009605E-2,3.792456985E-1
5.507571955E0,-3.078708053E-1,2.130593872E-3,3.600703776E-1
5.512665652E0,-2.886954844E-1,4.367717355E-2,3.462215066E-1
5.517631227E0,-2.769772112E-1,7.457078248E-2,3.313073516E-1
5.522899455E0,-2.769772112E-1,9.374613315E-2,3.163931966E-1
5.527850498E0,-2.854995728E-1,1.107908785E-1,3.004137278E-1
5.532880081E0,-2.993484437E-1,1.246397421E-1,2.823036909E-1
5.537925395E0,-3.163931966E-1,1.384886056E-1,2.641936541E-1
5.543039510E0,-3.334379494E-1,1.491415650E-1,2.535406649E-1
5.548252896E0,-3.536785841E-1,1.534027606E-1,2.418224066E-1
5.553270448E0,-3.643315434E-1,1.565986425E-1,2.237123549E-1
5.558240866E0,-3.728539348E-1,1.502068639E-1,2.066676021E-1
5.563444876E0,-3.771151006E-1,1.406191885E-1,1.917534471E-1
5.568324721E0,-3.728539348E-1,1.320968270E-1,1.800351888E-1
5.573459044E0,-3.685927391E-1,1.278356314E-1,1.704475135E-1
5.578658576E0,-3.653968573E-1,1.235744432E-1,1.661863178E-1
5.583694045E0,-3.643315434E-1,1.150520667E-1,1.651210189E-1
5.588745713E0,-3.685927391E-1,9.907261282E-2,1.693822145E-1
5.593824098E0,-3.771151006E-1,7.457078248E-2,1.779045910E-1
5.598795037E0,-3.877680898E-1,4.580776766E-2,1.821657717E-1
5.603928526E0,-3.962904513E-1,7.457078435E-3,1.800351888E-1
5.608890871E0,-4.005516469E-1,-2.237123623E-2,1.704475135E-1
5.614116287E0,-4.026822448E-1,-3.835069016E-2,1.555333585E-1
5.619076080E0,-3.962904513E-1,-4.048128426E-2,1.363580078E-1
5.624268580E0,-3.813762963E-1,-3.941598535E-2,1.235744432E-1
5.629323113E0,-3.611356616E-1,-4.154657945E-2,1.161173657E-1
5.634484935E0,-3.408950269E-1,-4.474247247E-2,1.022685021E-1
5.639340301E0,-3.163931966E-1,-4.048128426E-2,8.415845782E-2
5.644463374E0,-2.876301706E-1,-2.982831374E-2,7.776667923E-2
5.649440146E0,-2.609977424E-1,-1.597945392E-2,7.457078248E-2
5.654668583E0,-2.343653291E-1,-1.171826664E-2,6.604841352E-2
5.659835616E0,-2.045370042E-1,-1.491415687E-2,5.113425106E-2
5.664995772E0,-1.704475135E-1,-1.704475097E-2,4.261187837E-2
5.669770721E0,-1.363580078E-1,-1.811004803E-2,4.261187837E-2
5.674887752E0,-1.043990999E-1,-1.171826664E-2,4.793836176E-2
5.680199837E0,-7.030959427E-2,-4.261187743E-3,4.580776766E-2
5.685165670E0,-3.302420676E-2,3.195890691E-3,3.408950195E-2
5.689728588E0,-3.195890691E-3,9.587672539E-3,3.089361079E-2
5.694897962E0,2.343653329E-2,2.556712553E-2,2.876301669E-2
5.700242026E0,3.941598535E-2,6.711370498E-2,2.769771963E-2
5.705585880E0,5.219954997E-2,1.257050335E-1,2.663242258E-2
5.710314527E0,7.350549102E-2,1.725780964E-1,2.343653329E-2
5.715694631E0,8.096256852E-2,1.757739931E-1,1.811004803E-2
5.720630622E0,6.817900389E-2,1.661863178E-1,1.704475097E-2
5.725610257E0,4.048128426E-2,1.576639414E-1,1.597945392E-2
5.730660467E0,1.278356276E-2,1.342274100E-1,1.811004803E-2
5.735755675E0,-1.065296959E-2,8.415845782E-2,3.195890784E-2
5.740800103E0,-2.556712553E-2,2.876301669E-2,4.687306657E-2
5.746052238E0,-3.302420676E-2,-1.491415687E-2,6.391781569E-2
5.751258802E0,-2.556712553E-2,-4.367717355E-2,7.350549102E-2
5.756108958E0,-3.195890691E-3,-6.711370498E-2,7.137489319E-2
5.761261511E0,1.704475097E-2,-8.415845782E-2,6.711370498E-2
5.766322501E0,3.622009605E-2,-1.118561774E-1,6.498311460E-2
5.771232294E0,5.539543927E-2,-1.459456831E-1,6.072192639E-2
5.776313335E0,6.711370498E-2,-1.683169156E-1,5.113425106E-2
5.781572972E0,7.457078248E-2,-1.661863178E-1,3.728539124E-2
5.786527659E0,7.989726961E-2,-1.502068639E-1,2.343653329E-2
5.791475993E0,8.415845782E-2,-1.299662292E-1,9.587672539E-3
5.796615524E0,8.202786744E-2,-1.097255871E-1,0.000000000E0
5.801664328E0,7.244019210E-2,-1.033338010E-1,-5.326484796E-3
5.806789796E0,6.498311460E-2,-9.800732136E-2,-1.171826664E-2
5.811942037E0,6.072192639E-2,-7.030959427E-2,-1.597945392E-2
5.816867401E0,5.752603337E-2,-3.302420676E-2,-1.491415687E-2
5.822073965E0,5.965662748E-2,-1.065296959E-2,-1.278356276E-2
5.827112559E0,5.859133229E-2,-1.065296959E-2,-7.457078435E-3
5.832231727E0,6.285251677E-2,-2.343653329E-2,1.065296959E-2
5.837243497E0,7.350549102E-2,-1.491415687E-2,2.982831374E-2
5.842282457E0,8.735434711E-2,1.171826664E-2,5.219954997E-2
5.847291884E0,1.182479635E-1,3.622009605E-2,7.989726961E-2
5.852358500E0,1.427497864E-1,6.285251677E-2,9.161553532E-2
5.857468030E0,1.416844875E-1,8.096256852E-2,9.481142461E-2
5.862478553E0,1.182479635E-1,6.924430281E-2,1.043990999E-1
5.867678344E0,7.989726961E-2,3.195890784E-2,1.171826646E-1
5.872583033E0,3.089361079E-2,-1.491415687E-2,1.363580078E-1
5.877828189E0,-1.384885982E-2,-3.622009605E-2,1.608598381E-1
5.882781419E0,-4.367717355E-2,-3.835069016E-2,1.832310706E-1
5.887911471E0,-5.965662748E-2,-3.302420676E-2,1.981452256E-1
5.893097306E0,-7.030959427E-2,-2.982831374E-2,2.066676021E-1
5.898033139E0,-7.989726961E-2,-2.343653329E-2,2.087981999E-1
5.903068348E0,-9.268083423E-2,3.195890691E-3,2.109287977E-1
5.908180431E0,-1.193132550E-1,-3.195890691E-3,2.141246796E-1
5.913200537E0,-1.608598381E-1,-5.859133229E-2,2.162552774E-1
5.918341162E0,-2.173205763E-1,-1.065296903E-1,2.215817571E-1
5.923466059E0,-2.727160156E-1,-1.395539045E-1,2.247776538E-1
5.928478871E0,-3.100014031E-1,-1.693822145E-1,2.151899785E-1
5.933541737E0,-3.291767538E-1,-1.757739931E-1,1.970799267E-1
5.938736841E0,-3.366338313E-1,-1.629904360E-1,1.789698899E-1
5.943581425E0,-3.472867906E-1,-1.534027606E-1,1.587292403E-1
5.948723873E0,-3.515479863E-1,-1.416844875E-1,1.427497864E-1
5.953763353E0,-3.494173884E-1,-1.235744432E-1,1.363580078E-1
5.958941218E0,-3.376991153E-1,-1.171826646E-1,1.416844875E-1
5.963924604E0,-3.121320009E-1,-1.182479635E-1,1.576639414E-1
5.969063823E0,-2.769772112E-1,-1.182479635E-1,1.779045910E-1
5.974180178E0,-2.333000302E-1,-1.075949892E-1,1.864269674E-1
5.979158511E0,-1.864269674E-1,-6.924430281E-2,1.832310706E-1
5.984222106E0,-1.427497864E-1,-1.171826664E-2,1.768392920E-1
5.989401429E0,-1.075949892E-1,3.302420676E-2,1.683169156E-1
5.994336014E0,-8.841964602E-2,5.859133229E-2,1.608598381E-1
5.999505284E0,-8.735434711E-2,7.670138031E-2,1.576639414E-1
6.004778254E0,-9.481142461E-2,8.309315890E-2,1.619251370E-1
6.009594608E0,-9.587672353E-2,8.522375673E-2,1.693822145E-1
6.014596068E0,-9.587672353E-2,8.841964602E-2,1.715128124E-1
6.019918047E0,-9.055023640E-2,8.735434711E-2,1.747086942E-1
6.024882996E0,-7.883197069E-2,9.055023640E-2,1.800351888E-1
6.029557579E0,-6.391781569E-2,9.161553532E-2,1.853616685E-1
6.034551695E0,-4.580776766E-2,8.948494494E-2,1.832310706E-1
6.040210288E0,-2.556712553E-2,9.055023640E-2,1.821657717E-1
6.045012373E0,-2.130593872E-3,9.161553532E-2,1.821657717E-1
6.050156383E0,1.917534508E-2,8.735434711E-2,1.821657717E-1
6.055359301E0,3.728539124E-2,6.178722158E-2,1.693822145E-1
6.060550811E0,4.474247247E-2,2.024064213E-2,1.640557349E-1
6.065362740E0,5.219954997E-2,2.130593872E-3,1.747086942E-1
6.070419406E0,5.219954997E-2,6.391781382E-3,1.864269674E-1
6.075605084E0,5.965662748E-2,2.663242258E-2,1.896228492E-1
6.080639980E0,8.096256852E-2,5.433014408E-2,1.864269674E-1
6.085648523E0,1.022685021E-1,8.415845782E-2,1.853616685E-1
6.090875033E0,1.107908785E-1,1.065296903E-1,1.896228492E-1
6.095797430E0,1.214438528E-1,1.118561774E-1,1.938840449E-1
6.100918992E0,1.320968270E-1,9.694202244E-2,1.992105246E-1
6.105859150E0,1.352927089E-1,7.244019210E-2,1.981452256E-1
6.111037327E0,1.427497864E-1,4.900366068E-2,1.938840449E-1
6.116039567E0,1.534027606E-1,2.982831374E-2,1.949493438E-1
6.121166807E0,1.661863178E-1,1.278356276E-2,1.981452256E-1
6.126260350E0,1.842963696E-1,0.000000000E0,1.949493438E-1
6.131346860E0,1.981452256E-1,-1.704475097E-2,1.842963696E-1
6.136712017E0,2.002758235E-1,-3.941598535E-2,1.672516167E-1
6.141402069E0,1.821657717E-1,-7.030959427E-2,1.438150853E-1
6.146682175E0,1.406191885E-1,-1.118561774E-1,1.235744432E-1
6.151627695E0,8.948494494E-2,-1.416844875E-1,1.182479635E-1
6.156626447E0,5.646073818E-2,-1.289009303E-1,1.289009303E-1
6.161792800E0,4.367717355E-2,-9.587672353E-2,1.448803842E-1
6.166865354E0,9.587672539E-3,-8.841964602E-2,1.395539045E-1
6.171904989E0,-2.450183034E-2,-7.030959427E-2,1.384886056E-1
6.176919105E0,-5.752603337E-2,-4.474247247E-2,1.427497864E-1
6.182190667E0,-1.033338010E-1,-2.876301669E-2,1.299662292E-1
6.187073950E0,-1.534027606E-1,-2.130593918E-2,1.193132550E-1
6.192216501E0,-2.130593807E-1,-3.302420676E-2,1.225091442E-1
6.196829367E0,-2.620630562E-1,-3.728539124E-2,1.416844875E-1
6.202287127E0,-2.982831299E-1,-3.089361079E-2,1.683169156E-1
6.207298066E0,-3.227849603E-1,-1.917534508E-2,1.949493438E-1
6.212582753E0,-3.451561928E-1,-1.278356276E-2,2.226470560E-1
6.217476244E0,-3.685927391E-1,-1.597945392E-2,2.386265099E-1
6.222599994E0,-4.026822448E-1,-2.663242258E-2,2.524753809E-1
6.227575464E0,-4.442288280E-1,-4.687306657E-2,2.705854177E-1
6.232761557E0,-4.932324886E-1,-7.457078248E-2,2.897607684E-1
6.237783746E0,-5.433014631E-1,-1.129214764E-1,3.195890784E-1
6.242942808E0,-5.955010056E-1,-1.629904360E-1,3.547438681E-1
6.247912966E0,-6.306557655E-1,-2.066676021E-1,3.898986876E-1
6.253010362E0,-6.391781569E-1,-2.311694324E-1,4.282493591E-1
6.258052498E0,-6.370475888E-1,-2.514100671E-1,4.761877358E-1
6.262816144E0,-6.317210793E-1,-2.556712627E-1,5.305178761E-1
6.268265833E0,-6.210681200E-1,-2.343653291E-1,5.720644593E-1
6.273301666E0,-6.200028062E-1,-2.066676021E-1,5.816521049E-1
6.278347552E0,-6.477005482E-1,-2.002758235E-1,5.784562230E-1
6.283756563E0,-7.073571682E-1,-2.077329010E-1,5.635420680E-1
6.288605626E0,-7.776667476E-1,-2.141246796E-1,5.454320312E-1
6.293775001E0,-8.522375226E-1,-2.173205763E-1,5.315831900E-1
6.298631044E0,-9.193512797E-1,-2.173205763E-1,5.294525623E-1
6.303737658E0,-9.736813903E-1,-2.151899785E-1,5.347790718E-1
6.308752920E0,-1.024815679E0,-2.151899785E-1,5.454320312E-1
6.313886409E0,-1.070623398E0,-2.258429527E-1,5.603461862E-1
6.318984900E0,-1.113235354E0,-2.396918088E-1,5.763256550E-1
6.324022348E0,-1.151585937E0,-2.514100671E-1,5.944356918E-1
6.329154432E0,-1.182479620E0,-2.620630562E-1,6.157416105E-1
6.334191776E0,-1.202720284E0,-2.673895359E-1,6.349169612E-1
6.339146777E0,-1.216569066E0,-2.759118974E-1,6.530269980E-1
6.344486100E0,-1.214438558E0,-2.908260524E-1,6.700717807E-1
6.349509955E0,-1.201654911E0,-3.089361191E-1,6.935083270E-1
6.354534955E0,-1.188871384E0,-3.398297131E-1,7.201407552E-1
6.359435321E0,-1.177153111E0,-3.749845326E-1,7.467731237E-1
6.364560841E0,-1.168630719E0,-4.080087245E-1,7.670137882E-1
6.369598447E0,-1.162238955E0,-4.378370345E-1,7.680791020E-1
6.375063655E0,-1.162238955E0,-4.644694626E-1,7.574261427E-1
6.379915844E0,-1.153716564E0,-4.751224220E-1,7.393160462E-1
6.385049333E0,-1.135606527E0,-4.676653445E-1,7.190754414E-1
6.389854230E0,-1.107908845E0,-4.527511895E-1,6.945735812E-1
6.395117876E0,-1.070623398E0,-4.261187613E-1,6.722023487E-1
6.400022044E0,-1.034403324E0,-3.867027760E-1,6.530269980E-1
6.405239595E0,-9.875302315E-1,-3.494173884E-1,6.402434707E-1
6.410322774E0,-9.353306890E-1,-3.227849603E-1,6.327863932E-1
6.415348815E0,-8.756740689E-1,-2.982831299E-1,6.263945699E-1
6.420392150E0,-8.096256852E-1,-2.684548199E-1,6.295905113E-1
6.425617722E0,-7.403813601E-1,-2.396918088E-1,6.487658620E-1
6.430483297E0,-6.903123856E-1,-2.375612110E-1,6.732676625E-1
6.435630953E0,-6.615493894E-1,-2.663242221E-1,6.764635444E-1
6.440569287E0,-6.498311162E-1,-2.972178459E-1,6.647452712E-1
6.445773141E0,-6.413087845E-1,-3.270461559E-1,6.519617438E-1
6.450854445E0,-6.370475888E-1,-3.494173884E-1,6.434393525E-1
6.455932986E0,-6.306557655E-1,-3.632662594E-1,6.295905113E-1
6.460859758E0,-6.231986880E-1,-3.728539348E-1,6.146763563E-1
6.466033299E0,-6.125457287E-1,-3.760498166E-1,5.997622013E-1
6.471098040E0,-5.965662599E-1,-3.717886209E-1,5.837827325E-1
6.476134498E0,-5.752603412E-1,-3.568744659E-1,5.635420680E-1
6.481173354E0,-5.592808723E-1,-3.334379494E-1,5.422361493E-1
6.486331843E0,-5.486279130E-1,-3.025443256E-1,5.198649168E-1
6.491327678E0,-5.401055217E-1,-2.567365468E-1,5.038854480E-1
6.496485073E0,-5.326484442E-1,-2.024064213E-1,4.900365770E-1
6.501656325E0,-5.198649168E-1,-1.470109820E-1,4.761877358E-1
6.506575387E0,-5.006895661E-1,-9.055023640E-2,4.580776691E-1
6.511631378E0,-4.761877358E-1,-3.515479714E-2,4.367717505E-1
6.516842471E0,-4.495553076E-1,2.237123623E-2,4.112046063E-1
6.521737056E0,-4.239881933E-1,7.350549102E-2,3.867027760E-1
6.526818149E0,-3.930945694E-1,1.246397421E-1,3.696580231E-1
6.531882213E0,-3.590050638E-1,1.661863178E-1,3.536785841E-1
6.536966848E0,-3.185237944E-1,1.917534471E-1,3.398297131E-1
6.542041850E0,-2.823036909E-1,2.077329010E-1,3.281114697E-1
6.547135703E0,-2.460835874E-1,2.141246796E-1,3.153278828E-1
6.552395184E0,-2.173205763E-1,2.151899785E-1,3.046749234E-1
6.557489142E0,-2.002758235E-1,2.098634988E-1,3.014790416E-1
6.562484195E0,-1.853616685E-1,2.045370042E-1,3.014790416E-1
6.567716903E0,-1.768392920E-1,2.002758235E-1,3.068055212E-1
6.572443155E0,-1.704475135E-1,1.949493438E-1,3.153278828E-1
6.577604352E0,-1.683169156E-1,1.981452256E-1,3.195890784E-1
6.582616541E0,-1.672516167E-1,2.098634988E-1,3.227849603E-1
6.587733520E0,-1.640557349E-1,2.279735506E-1,3.270461559E-1
6.592745188E0,-1.629904360E-1,2.524753809E-1,3.259808719E-1
6.597909406E0,-1.619251370E-1,2.737812996E-1,3.259808719E-1
6.602864095E0,-1.555333585E-1,3.014790416E-1,3.302420378E-1
6.608089199E0,-1.502068639E-1,3.291767538E-1,3.355685472E-1
6.613096232E0,-1.470109820E-1,3.536785841E-1,3.440909088E-1
6.618244408E0,-1.438150853E-1,3.696580231E-1,3.547438681E-1
6.623129045E0,-1.427497864E-1,3.717886209E-1,3.643315434E-1
6.628365503E0,-1.480762810E-1,3.558091819E-1,3.717886209E-1
6.633431494E0,-1.565986425E-1,3.249155581E-1,3.792456985E-1
6.638390087E0,-1.704475135E-1,2.993484437E-1,3.792456985E-1
6.643452016E0,-1.885575503E-1,2.748466134E-1,3.845722079E-1
6.648543213E0,-2.098634988E-1,2.514100671E-1,3.909639716E-1
6.653566027E0,-2.301041335E-1,2.386265099E-1,3.962904513E-1
6.658708787E0,-2.524753809E-1,2.322347313E-1,4.026822448E-1
6.663786653E0,-2.727160156E-1,2.301041335E-1,4.112046063E-1
6.668831913E0,-2.897607684E-1,2.333000302E-1,4.239881933E-1
6.674175873E0,-3.046749234E-1,2.322347313E-1,4.335758388E-1
6.678994727E0,-3.163931966E-1,2.269082516E-1,4.389023483E-1
6.684014364E0,-3.238502741E-1,2.226470560E-1,4.367717505E-1
6.689110509E0,-3.302420378E-1,2.237123549E-1,4.293146729E-1
6.694315511E0,-3.376991153E-1,2.215817571E-1,4.175963998E-1
6.699248739E0,-3.515479863E-1,2.226470560E-1,4.058781266E-1
6.704278064E0,-3.590050638E-1,2.322347313E-1,4.037475288E-1
6.709476292E0,-3.600703776E-1,2.482141852E-1,4.037475288E-1
6.714361398E0,-3.653968573E-1,2.780424953E-1,3.973557651E-1
6.719573221E0,-3.920292854E-1,3.025443256E-1,3.962904513E-1
6.724542597E0,-4.207922816E-1,3.089361191E-1,3.920292854E-1
6.729768430E0,-4.559471011E-1,3.121320009E-1,3.803110123E-1
6.734691765E0,-4.815142155E-1,3.025443256E-1,3.749845326E-1
6.739961816E0,-4.815142155E-1,2.705854177E-1,3.749845326E-1
6.744860984E0,-4.644694626E-1,2.215817571E-1,3.749845326E-1
6.749995984E0,-4.463594258E-1,1.704475135E-1,3.792456985E-1
6.755230517E0,-4.325105548E-1,1.225091442E-1,3.867027760E-1
6.760135621E0,-4.218575954E-1,7.776667923E-2,3.930945694E-1
6.765158226E0,-4.112046063E-1,2.130593918E-2,4.016169310E-1
6.770321038E0,-4.026822448E-1,-3.728539124E-2,4.058781266E-1
6.775263852E0,-3.962904513E-1,-9.161553532E-2,4.058781266E-1
6.780531404E0,-3.962904513E-1,-1.352927089E-1,4.069434404E-1
6.785439738E0,-4.016169310E-1,-1.640557349E-1,4.090740085E-1
6.790606144E0,-4.080087245E-1,-1.811004728E-1,4.048128426E-1
6.795605000E0,-4.154658020E-1,-1.960146427E-1,4.016169310E-1
6.800753489E0,-4.165311158E-1,-2.098634988E-1,3.984210491E-1
6.805777501E0,-4.197269976E-1,-2.237123549E-1,3.909639716E-1
6.810837084E0,-4.229228795E-1,-2.354306281E-1,3.867027760E-1
6.815838648E0,-4.303799570E-1,-2.471488863E-1,3.813762963E-1
6.821242345E0,-4.378370345E-1,-2.578018606E-1,3.739192188E-1
6.826015367E0,-4.463594258E-1,-2.641936541E-1,3.643315434E-1
6.831116982E0,-4.580776691E-1,-2.578018606E-1,3.558091819E-1
6.836277087E0,-4.719265401E-1,-2.396918088E-1,3.440909088E-1
6.841277868E0,-4.836448133E-1,-2.194511741E-1,3.345032334E-1
6.846262557E0,-4.932324886E-1,-1.949493438E-1,3.281114697E-1
6.851465734E0,-4.974936545E-1,-1.587292403E-1,3.174584806E-1
6.856452558E0,-4.974936545E-1,-1.182479635E-1,3.068055212E-1
6.861529172E0,-4.857754111E-1,-7.989726961E-2,3.036096394E-1
6.866623601E0,-4.729918540E-1,-3.941598535E-2,3.046749234E-1
6.872148184E0,-4.527511895E-1,4.261187743E-3,3.046749234E-1
6.877079331E0,-4.239881933E-1,4.261187837E-2,3.014790416E-1
6.882059435E0,-3.898986876E-1,7.030959427E-2,3.036096394E-1
6.886874436E0,-3.558091819E-1,8.735434711E-2,3.046749234E-1
6.892110738E0,-3.249155581E-1,9.800732136E-2,3.089361191E-1
6.896995427E0,-2.972178459E-1,1.086602882E-1,3.121320009E-1
6.902105530E0,-2.737812996E-1,1.043990999E-1,3.174584806E-1
6.907138709E0,-2.588671446E-1,8.628904819E-2,3.227849603E-1
6.912235219E0,-2.492794842E-1,5.646073818E-2,3.270461559E-1
6.917258397E0,-2.418224066E-1,2.663242258E-2,3.281114697E-1
6.922691470E0,-2.386265099E-1,-9.587672539E-3,3.313073516E-1
6.927370221E0,-2.407571077E-1,-4.154657945E-2,3.366338313E-1
6.932648815E0,-2.439530045E-1,-6.498311460E-2,3.387644291E-1
6.937232983E0,-2.514100671E-1,-8.202786744E-2,3.398297131E-1
6.942921680E0,-2.578018606E-1,-8.522375673E-2,3.387644291E-1
6.947849702E0,-2.673895359E-1,-8.628904819E-2,3.355685472E-1
6.952862671E0,-2.844342887E-1,-9.055023640E-2,3.302420378E-1
6.957848089E0,-2.993484437E-1,-9.161553532E-2,3.217196763E-1
6.962964807E0,-3.163931966E-1,-8.628904819E-2,3.078708053E-1
6.968005017E0,-3.323726356E-1,-7.457078248E-2,2.918913662E-1
6.973220537E0,-3.504827023E-1,-5.646073818E-2,2.769772112E-1
6.978151528E0,-3.632662594E-1,-3.622009605E-2,2.631283402E-1
6.983363507E0,-3.717886209E-1,-7.457078435E-3,2.514100671E-1
6.988276061E0,-3.803110123E-1,2.024064213E-2,2.439530045E-1
6.993506217E0,-3.888333738E-1,4.793836176E-2,2.364959270E-1
6.998416791E0,-3.941598535E-1,7.137489319E-2,2.279735506E-1
7.003683926E0,-3.962904513E-1,8.735434711E-2,2.205164731E-1
7.008540854E0,-3.952251673E-1,9.907261282E-2,2.173205763E-1
7.013741479E0,-3.888333738E-1,1.075949892E-1,2.173205763E-1
7.018681689E0,-3.888333738E-1,1.065296903E-1,2.098634988E-1
7.023930907E0,-3.845722079E-1,9.907261282E-2,2.119940966E-1
7.028874815E0,-3.835068941E-1,8.522375673E-2,2.183858752E-1
7.034214502E0,-3.867027760E-1,6.285251677E-2,2.290388346E-1
7.039037368E0,-3.856374919E-1,3.622009605E-2,2.343653291E-1
7.044134340E0,-3.792456985E-1,1.065296959E-2,2.386265099E-1
7.049130598E0,-3.749845326E-1,-1.384885982E-2,2.396918088E-1
7.054347056E0,-3.717886209E-1,-2.769771963E-2,2.354306281E-1
7.059294766E0,-3.696580231E-1,-3.195890784E-2,2.322347313E-1
7.064529765E0,-3.664621413E-1,-2.769771963E-2,2.269082516E-1
7.069551642E0,-3.622009456E-1,-2.237123623E-2,2.226470560E-1
7.074753256E0,-3.504827023E-1,-1.278356276E-2,2.226470560E-1
7.079893622E0,-3.419603109E-1,-3.195890691E-3,2.205164731E-1
7.084658153E0,-3.366338313E-1,3.195890691E-3,2.237123549E-1
7.089805706E0,-3.323726356E-1,5.326484796E-3,2.269082516E-1
7.094793154E0,-3.291767538E-1,3.195890691E-3,2.333000302E-1
7.101032738E0,-3.227849603E-1,-3.195890691E-3,2.418224066E-1
7.104965968E0,-3.185237944E-1,-9.587672539E-3,2.546059787E-1
7.110060187E0,-3.185237944E-1,-2.024064213E-2,2.737812996E-1
7.115089615E0,-3.153278828E-1,-2.769771963E-2,2.993484437E-1
7.120154094E0,-3.174584806E-1,-3.728539124E-2,3.174584806E-1
7.125289199E0,-3.217196763E-1,-4.687306657E-2,3.259808719E-1
7.130271543E0,-3.302420378E-1,-5.326484516E-2,3.302420378E-1
7.135355450E0,-3.451561928E-1,-5.646073818E-2,3.313073516E-1
7.140710867E0,-3.622009456E-1,-5.539543927E-2,3.302420378E-1
7.145447899E0,-3.813762963E-1,-5.646073818E-2,3.291767538E-1
7.150576076E0,-3.962904513E-1,-5.752603337E-2,3.270461559E-1
7.155660192E0,-4.090740085E-1,-6.072192639E-2,3.195890784E-1
7.160764931E0,-4.133352041E-1,-6.604841352E-2,3.046749234E-1
7.165932589E0,-4.144005179E-1,-6.604841352E-2,2.823036909E-1
7.171055401E0,-4.165311158E-1,-6.072192639E-2,2.705854177E-1
7.176028319E0,-4.250534773E-1,-4.048128426E-2,2.609977424E-1
7.181011704E0,-4.303799570E-1,-1.597945392E-2,2.460835874E-1
7.186110820E0,-4.303799570E-1,9.587672539E-3,2.343653291E-1
7.191408476E0,-4.293146729E-1,2.769771963E-2,2.258429527E-1
7.196196758E0,-4.229228795E-1,4.367717355E-2,2.119940966E-1
7.201341810E0,-4.101393223E-1,5.646073818E-2,1.970799267E-1
7.206566759E0,-3.920292854E-1,6.711370498E-2,1.853616685E-1
7.211551030E0,-3.739192188E-1,7.670138031E-2,1.779045910E-1
7.216168479E0,-3.472867906E-1,8.522375673E-2,1.725780964E-1
7.221264416E0,-3.217196763E-1,9.055023640E-2,1.683169156E-1
7.226590199E0,-2.961525619E-1,8.309315890E-2,1.693822145E-1
7.231798063E0,-2.684548199E-1,6.498311460E-2,1.811004728E-1
7.236784575E0,-2.396918088E-1,4.900366068E-2,1.917534471E-1
7.241846658E0,-2.109287977E-1,3.089361079E-2,1.970799267E-1
7.246919368E0,-1.789698899E-1,1.278356276E-2,2.013411224E-1
7.252112753E0,-1.480762810E-1,-3.195890691E-3,2.087981999E-1
7.257110983E0,-1.267703325E-1,-1.278356276E-2,2.173205763E-1
7.262287233E0,-1.107908785E-1,-1.704475097E-2,2.301041335E-1
7.267241974E0,-9.800732136E-2,-1.811004803E-2,2.407571077E-1
7.272315359E0,-9.161553532E-2,-1.811004803E-2,2.471488863E-1
7.277373694E0,-8.202786744E-2,-2.024064213E-2,2.524753809E-1
7.282162652E0,-8.522375673E-2,-1.811004803E-2,2.620630562E-1
7.287227549E0,-9.268083423E-2,-1.704475097E-2,2.727160156E-1
7.292596142E0,-9.800732136E-2,-1.811004803E-2,2.844342887E-1
7.297678279E0,-1.054643989E-1,-2.450183034E-2,2.961525619E-1
7.303012914E0,-1.161173657E-1,-3.089361079E-2,3.014790416E-1
7.307763697E0,-1.267703325E-1,-4.154657945E-2,3.174584806E-1
7.312958175E0,-1.416844875E-1,-4.900366068E-2,3.313073516E-1
7.317957968E0,-1.502068639E-1,-5.113425106E-2,3.355685472E-1
7.323073125E0,-1.459456831E-1,-5.752603337E-2,3.398297131E-1
7.328120678E0,-1.320968270E-1,-6.391781569E-2,3.408950269E-1
7.333000105E0,-1.097255871E-1,-7.137489319E-2,3.451561928E-1
7.338165939E0,-8.841964602E-2,-7.244019210E-2,3.472867906E-1
7.343304428E0,-7.030959427E-2,-6.924430281E-2,3.376991153E-1
7.348317555E0,-5.219954997E-2,-6.178722158E-2,3.281114697E-1
7.353487815E0,-4.261187837E-2,-4.900366068E-2,3.185237944E-1
7.358503285E0,-3.941598535E-2,-2.982831374E-2,3.078708053E-1
7.363723389E0,-3.515479714E-2,-1.278356276E-2,3.004137278E-1
7.368654171E0,-2.876301669E-2,-3.195890691E-3,2.940219641E-1
7.373855004E0,-2.450183034E-2,7.457078435E-3,2.876301706E-1
7.378826516E0,-2.556712553E-2,1.917534508E-2,2.886954844E-1
7.383923026E0,-2.663242258E-2,2.769771963E-2,2.897607684E-1
7.389059330E0,-2.237123623E-2,2.982831374E-2,2.908260524E-1
7.394116569E0,-1.811004803E-2,3.302420676E-2,3.004137278E-1
7.399035997E0,-1.704475097E-2,3.728539124E-2,3.068055212E-1
7.403989695E0,-1.278356276E-2,3.622009605E-2,3.100014031E-1
7.409198134E0,-1.065296959E-2,3.728539124E-2,3.163931966E-1
7.414314227E0,-1.491415687E-2,3.835069016E-2,3.259808719E-1
7.419361937E0,-1.917534508E-2,4.367717355E-2,3.302420378E-1
7.424727874E0,-3.089361079E-2,5.113425106E-2,3.345032334E-1
7.429493240E0,-4.261187837E-2,5.219954997E-2,3.419603109E-1
7.434608708E0,-5.006895587E-2,4.793836176E-2,3.494173884E-1
7.439594647E0,-6.072192639E-2,3.515479714E-2,3.526133001E-1
7.444691619E0,-7.350549102E-2,2.343653329E-2,3.590050638E-1
7.449753607E0,-8.522375673E-2,1.597945392E-2,3.600703776E-1
7.455030377E0,-9.907261282E-2,3.195890691E-3,3.611356616E-1
7.460107566E0,-1.150520667E-1,-2.130593872E-3,3.664621413E-1
7.465080482E0,-1.257050335E-1,-6.391781382E-3,3.728539348E-1
7.470436004E0,-1.342274100E-1,-7.457078435E-3,3.728539348E-1
7.475209598E0,-1.395539045E-1,-9.587672539E-3,3.664621413E-1
7.480148245E0,-1.406191885E-1,-1.491415687E-2,3.600703776E-1
7.485432047E0,-1.427497864E-1,-1.491415687E-2,3.558091819E-1
7.490337777E0,-1.459456831E-1,-1.065296959E-2,3.526133001E-1
7.495435694E0,-1.480762810E-1,-3.195890691E-3,3.504827023E-1
7.500525695E0,-1.534027606E-1,-3.195890691E-3,3.440909088E-1
7.505609028E0,-1.544680595E-1,-3.195890691E-3,3.345032334E-1
7.510600644E0,-1.587292403E-1,2.130593872E-3,3.291767538E-1
7.515831425E0,-1.704475135E-1,6.391781382E-3,3.249155581E-1
7.520741322E0,-1.821657717E-1,1.278356276E-2,3.163931966E-1
7.525935593E0,-1.917534471E-1,1.597945392E-2,3.100014031E-1
7.530959604E0,-2.002758235E-1,2.024064213E-2,3.068055212E-1
7.536018719E0,-2.087981999E-1,2.343653329E-2,3.100014031E-1
7.541145126E0,-2.151899785E-1,1.917534508E-2,3.163931966E-1
7.546171949E0,-2.247776538E-1,1.811004803E-2,3.270461559E-1
7.551148773E0,-2.322347313E-1,1.171826664E-2,3.334379494E-1
7.556280075E0,-2.333000302E-1,-2.130593872E-3,3.355685472E-1
7.561298722E0,-2.375612110E-1,-9.587672539E-3,3.440909088E-1
7.566570440E0,-2.471488863E-1,-2.982831374E-2,3.547438681E-1
7.571479192E0,-2.673895359E-1,-6.072192639E-2,3.600703776E-1
7.576543358E0,-2.854995728E-1,-1.033338010E-1,3.568744659E-1
7.581733776E0,-3.036096394E-1,-1.576639414E-1,3.494173884E-1
7.586798776E0,-3.238502741E-1,-2.098634988E-1,3.408950269E-1
7.591720808E0,-3.462215066E-1,-2.407571077E-1,3.323726356E-1
7.596874714E0,-3.600703776E-1,-2.514100671E-1,3.238502741E-1
7.601868153E0,-3.685927391E-1,-2.471488863E-1,3.153278828E-1
7.607104455E0,-3.664621413E-1,-2.290388346E-1,3.014790416E-1
7.612109092E0,-3.611356616E-1,-2.013411224E-1,2.844342887E-1
7.616930185E0,-3.472867906E-1,-1.619251370E-1,2.620630562E-1
7.622226593E0,-3.323726356E-1,-1.171826646E-1,2.428877056E-1
7.627384665E0,-3.121320009E-1,-7.244019210E-2,2.301041335E-1
7.632373573E0,-2.876301706E-1,-2.982831374E-2,2.247776538E-1
7.637463937E0,-2.620630562E-1,8.522375487E-3,2.226470560E-1
7.642524772E0,-2.396918088E-1,3.302420676E-2,2.247776538E-1
7.647951126E0,-2.151899785E-1,4.687306657E-2,2.237123549E-1
7.652640762E0,-1.949493438E-1,4.900366068E-2,2.205164731E-1
7.657812220E0,-1.832310706E-1,3.941598535E-2,2.226470560E-1
7.662749044E0,-1.747086942E-1,2.663242258E-2,2.194511741E-1
7.667914826E0,-1.725780964E-1,8.522375487E-3,2.098634988E-1
7.672915035E0,-1.693822145E-1,-2.237123623E-2,1.992105246E-1
7.678213941E0,-1.651210189E-1,-5.433014408E-2,1.906881481E-1
7.683040244E0,-1.608598381E-1,-8.096256852E-2,1.747086942E-1
7.688217223E0,-1.565986425E-1,-1.001379117E-1,1.565986425E-1
7.693212485E0,-1.502068639E-1,-1.193132550E-1,1.491415650E-1
7.698259516E0,-1.384886056E-1,-1.352927089E-1,1.384886056E-1
7.703388736E0,-1.299662292E-1,-1.342274100E-1,1.331621110E-1
7.708429361E0,-1.246397421E-1,-1.278356314E-1,1.267703325E-1
7.713536966E0,-1.214438528E-1,-1.246397421E-1,1.118561774E-1
7.718745403E0,-1.171826646E-1,-1.193132550E-1,9.055023640E-2
7.723674155E0,-1.075949892E-1,-1.118561774E-1,7.030959427E-2
7.728798217E0,-9.268083423E-2,-9.800732136E-2,5.433014408E-2
7.733429989E0,-7.457078248E-2,-7.670138031E-2,4.261187837E-2
7.738853218E0,-6.391781569E-2,-5.859133229E-2,3.089361079E-2
7.743943011E0,-6.072192639E-2,-4.154657945E-2,1.704475097E-2
7.749094365E0,-5.433014408E-2,-3.195890784E-2,0.000000000E0
7.754049158E0,-4.048128426E-2,-1.704475097E-2,-1.278356276E-2
7.759301814E0,-2.450183034E-2,-2.130593872E-3,-2.343653329E-2
7.764202753E0,-7.457078435E-3,1.491415687E-2,-2.663242258E-2
7.769289992E0,5.326484796E-3,2.343653329E-2,-2.556712553E-2
7.774329420E0,2.237123623E-2,2.876301669E-2,-3.408950195E-2
7.779510774E0,4.154657945E-2,3.622009605E-2,-4.367717355E-2
7.784488484E0,6.072192639E-2,3.622009605E-2,-4.900366068E-2
7.789580410E0,7.137489319E-2,3.941598535E-2,-4.900366068E-2
7.794599370E0,7.883197069E-2,4.793836176E-2,-5.433014408E-2
7.800034266E0,8.522375673E-2,5.006895587E-2,-6.072192639E-2
7.805100718E0,9.268083423E-2,4.048128426E-2,-6.178722158E-2
7.809985465E0,9.268083423E-2,2.556712553E-2,-6.285251677E-2
7.814929633E0,9.161553532E-2,6.391781382E-3,-6.178722158E-2
7.820146091E0,9.268083423E-2,-1.278356276E-2,-6.178722158E-2
7.825046717E0,9.694202244E-2,-3.089361079E-2,-5.646073818E-2
7.830313904E0,9.587672353E-2,-4.474247247E-2,-5.006895587E-2
7.835286041E0,9.587672353E-2,-5.433014408E-2,-4.793836176E-2
7.840259166E0,9.907261282E-2,-6.072192639E-2,-4.793836176E-2
7.845394167E0,9.587672353E-2,-6.285251677E-2,-4.793836176E-2
7.850543333E0,8.735434711E-2,-6.072192639E-2,-4.900366068E-2
7.855417553E0,7.989726961E-2,-5.539543927E-2,-4.900366068E-2
7.860659220E0,6.817900389E-2,-4.580776766E-2,-4.580776766E-2
7.865710419E0,5.539543927E-2,-4.048128426E-2,-4.367717355E-2
7.870942502E0,4.048128426E-2,-3.302420676E-2,-4.154657945E-2
7.875928909E0,2.450183034E-2,-2.237123623E-2,-4.048128426E-2
7.880926982E0,4.261187743E-3,-6.391781382E-3,-4.154657945E-2
7.886215213E0,-1.597945392E-2,1.278356276E-2,-4.048128426E-2
7.891004223E0,-3.515479714E-2,3.515479714E-2,-4.367717355E-2
7.895977036E0,-5.326484516E-2,5.752603337E-2,-4.687306657E-2
7.900910161E0,-6.817900389E-2,8.096256852E-2,-4.474247247E-2
7.906192506E0,-7.776667923E-2,1.001379117E-1,-3.622009605E-2
7.911461881E0,-8.522375673E-2,1.150520667E-1,-2.237123623E-2
7.916520945E0,-8.948494494E-2,1.289009303E-1,-4.261187743E-3
7.921542194E0,-8.948494494E-2,1.299662292E-1,2.130593918E-2
7.926424540E0,-8.628904819E-2,1.171826646E-1,4.048128426E-2
7.931626518E0,-8.415845782E-2,1.075949892E-1,5.326484516E-2
7.936816259E0,-7.989726961E-2,9.800732136E-2,6.072192639E-2
7.941707926E0,-7.244019210E-2,8.735434711E-2,7.030959427E-2
7.946950687E0,-7.030959427E-2,7.457078248E-2,7.137489319E-2
7.952044906E0,-6.817900389E-2,6.391781569E-2,7.457078248E-2
7.956836574E0,-6.817900389E-2,4.900366068E-2,7.244019210E-2
7.962047251E0,-6.604841352E-2,2.769771963E-2,6.817900389E-2
7.967236314E0,-7.244019210E-2,7.457078435E-3,7.137489319E-2
7.972190377E0,-9.055023640E-2,-4.261187743E-3,6.924430281E-2
7.977296420E0,-1.086602882E-1,-9.587672539E-3,6.711370498E-2
7.982250794E0,-1.246397421E-1,-2.130593918E-2,6.285251677E-2
7.987270743E0,-1.416844875E-1,-3.408950195E-2,5.539543927E-2
7.992420483E0,-1.693822145E-1,-4.474247247E-2,4.793836176E-2
7.997408349E0,-2.109287977E-1,-5.752603337E-2,3.941598535E-2
8.002622932E0,-2.631283402E-1,-6.924430281E-2,3.195890784E-2
8.007635954E0,-3.121320009E-1,-7.457078248E-2,2.450183034E-2
8.012848037E0,-3.440909088E-1,-6.817900389E-2,2.024064213E-2
8.017805017E0,-3.504827023E-1,-5.752603337E-2,7.457078435E-3
8.022509444E0,-3.472867906E-1,-4.261187837E-2,-4.261187743E-3
8.027816373E0,-3.366338313E-1,-2.876301669E-2,-9.587672539E-3
8.033019341E0,-3.185237944E-1,-1.065296959E-2,-1.384885982E-2
8.037974030E0,-2.961525619E-1,6.391781382E-3,-1.278356276E-2
8.043127884E0,-2.652589381E-1,1.171826664E-2,-8.522375487E-3
8.048110385E0,-2.364959270E-1,1.917534508E-2,-1.278356276E-2
8.053237878E0,-2.034717202E-1,4.048128426E-2,-2.024064213E-2
8.058282782E0,-1.704475135E-1,3.515479714E-2,-6.391781382E-3
8.063675282E0,-1.534027606E-1,1.065296959E-2,1.917534508E-2
8.068553772E0,-1.416844875E-1,3.195890691E-3,3.195890784E-2
8.073552105E0,-1.278356314E-1,9.587672539E-3,3.728539124E-2
8.078588037E0,-1.129214764E-1,1.278356276E-2,4.474247247E-2
8.083670075E0,-1.043990999E-1,7.457078435E-3,5.219954997E-2
8.088745545E0,-1.022685021E-1,5.326484796E-3,6.285251677E-2
8.093893357E0,-1.001379117E-1,1.065296936E-3,6.285251677E-2
8.099066067E0,-9.694202244E-2,-4.261187743E-3,5.326484516E-2
8.104437056E0,-1.001379117E-1,-2.130593872E-3,3.728539124E-2
8.109025339E0,-1.107908785E-1,-5.326484796E-3,2.130593918E-2
8.114415859E0,-1.278356314E-1,-5.326484796E-3,5.326484796E-3
8.119178205E0,-1.534027606E-1,-5.326484796E-3,-1.171826664E-2
8.124282631E0,-1.811004728E-1,-8.522375487E-3,-2.024064213E-2
8.129399091E0,-2.151899785E-1,-7.457078435E-3,-2.556712553E-2
8.134598361E0,-2.514100671E-1,-1.065296959E-2,-2.237123623E-2
8.139572790E0,-2.876301706E-1,-8.522375487E-3,-1.704475097E-2
8.144549769E0,-3.185237944E-1,-4.261187743E-3,-7.457078435E-3
8.149570708E0,-3.430256248E-1,7.457078435E-3,0.000000000E0
8.154681332E0,-3.643315434E-1,2.130593918E-2,1.597945392E-2
8.159686177E0,-3.792456985E-1,3.195890784E-2,4.154657945E-2
8.164855240E0,-3.824416101E-1,4.580776766E-2,6.924430281E-2
8.169911074E0,-3.792456985E-1,6.711370498E-2,9.055023640E-2
8.175042272E0,-3.728539348E-1,8.735434711E-2,1.139867753E-1
8.180222013E0,-3.611356616E-1,1.043990999E-1,1.384886056E-1
8.184884721E0,-3.504827023E-1,1.193132550E-1,1.555333585E-1
8.190241441E0,-3.398297131E-1,1.395539045E-1,1.576639414E-1
8.195405034E0,-3.174584806E-1,1.629904360E-1,1.736433953E-1
8.200349403E0,-2.950872481E-1,1.480762810E-1,2.024064213E-1
8.205613473E0,-2.791078091E-1,1.299662292E-1,2.087981999E-1
8.210571130E0,-2.578018606E-1,1.331621110E-1,2.034717202E-1
8.215533734E0,-2.364959270E-1,1.352927089E-1,2.024064213E-1
8.220590454E0,-2.247776538E-1,1.225091442E-1,2.024064213E-1
8.225740298E0,-2.119940966E-1,1.065296903E-1,2.045370042E-1
8.230688528E0,-1.938840449E-1,8.948494494E-2,2.056023031E-1
8.235663424E0,-1.693822145E-1,7.883197069E-2,2.002758235E-1
8.240502540E0,-1.480762810E-1,6.817900389E-2,1.992105246E-1
8.245989518E0,-1.342274100E-1,5.965662748E-2,2.013411224E-1
8.250993686E0,-1.182479635E-1,5.219954997E-2,1.949493438E-1
8.256300874E0,-9.694202244E-2,3.728539124E-2,1.906881481E-1
8.261434365E0,-7.457078248E-2,2.130593918E-2,1.832310706E-1
8.266301135E0,-5.965662748E-2,8.522375487E-3,1.736433953E-1
8.271260720E0,-5.433014408E-2,-5.326484796E-3,1.608598381E-1
8.276419417E0,-6.498311460E-2,-1.384885982E-2,1.470109820E-1
8.281394471E0,-8.415845782E-2,-2.343653329E-2,1.289009303E-1
8.286604731E0,-1.107908785E-1,-2.663242258E-2,1.043990999E-1
8.291594472E0,-1.427497864E-1,-2.663242258E-2,7.244019210E-2
8.296790982E0,-1.800351888E-1,-2.769771963E-2,3.728539124E-2
8.301820775E0,-2.237123549E-1,-2.556712553E-2,1.171826664E-2
8.307116972E0,-2.599324584E-1,-1.704475097E-2,-1.171826664E-2
8.311891922E0,-2.929566503E-1,-4.261187743E-3,-2.769771963E-2
8.316937025E0,-3.163931966E-1,1.171826664E-2,-3.728539124E-2
8.322068954E0,-3.334379494E-1,2.130593918E-2,-4.687306657E-2
8.327123329E0,-3.398297131E-1,3.195890784E-2,-5.219954997E-2
8.332142913E0,-3.366338313E-1,4.474247247E-2,-5.539543927E-2
8.337240257E0,-3.302420378E-1,6.178722158E-2,-5.859133229E-2
8.342311352E0,-3.185237944E-1,7.776667923E-2,-5.752603337E-2
8.347561300E0,-2.972178459E-1,9.055023640E-2,-5.859133229E-2
8.352075415E0,-2.737812996E-1,9.800732136E-2,-4.900366068E-2
8.357523436E0,-2.492794842E-1,1.054643989E-1,-3.622009605E-2
8.362655989E0,-2.237123549E-1,1.097255871E-1,-2.237123623E-2
8.367683749E0,-1.928187460E-1,1.118561774E-1,-1.278356276E-2
8.372846719E0,-1.576639414E-1,1.043990999E-1,-6.391781382E-3
8.377787240E0,-1.278356314E-1,9.800732136E-2,7.457078435E-3
8.383013075E0,-1.022685021E-1,9.587672353E-2,2.556712553E-2
8.388114533E0,-8.309315890E-2,9.694202244E-2,4.793836176E-2
8.393050784E0,-6.072192639E-2,9.374613315E-2,6.391781569E-2
8.398248179E0,-3.622009605E-2,8.522375673E-2,7.563608140E-2
8.403168493E0,-1.597945392E-2,7.350549102E-2,8.202786744E-2
8.408222816E0,4.261187743E-3,6.178722158E-2,9.161553532E-2
8.413371880E0,2.663242258E-2,6.072192639E-2,1.043990999E-1
8.418666827E0,5.433014408E-2,6.604841352E-2,1.097255871E-1
8.423415266E0,8.415845782E-2,7.776667923E-2,1.150520667E-1
8.428743755E0,1.118561774E-1,9.374613315E-2,1.182479635E-1
8.433552455E0,1.331621110E-1,1.161173657E-1,1.193132550E-1
8.438715058E0,1.523374617E-1,1.374233067E-1,1.171826646E-1
8.443832872E0,1.715128124E-1,1.555333585E-1,1.118561774E-1
8.448821674E0,1.906881481E-1,1.725780964E-1,1.097255871E-1
8.453856050E0,2.087981999E-1,1.853616685E-1,1.043990999E-1
8.459000269E0,2.311694324E-1,1.928187460E-1,9.907261282E-2
8.463959853E0,2.482141852E-1,1.960146427E-1,9.374613315E-2
8.469159801E0,2.673895359E-1,1.938840449E-1,8.202786744E-2
8.473953813E0,2.844342887E-1,1.906881481E-1,6.817900389E-2
8.479218708E0,3.089361191E-1,1.757739931E-1,5.433014408E-2
8.484355533E0,3.206543922E-1,1.768392920E-1,4.261187837E-2
8.489460897E0,3.195890784E-1,1.906881481E-1,3.302420676E-2
8.494440950E0,3.153278828E-1,2.024064213E-1,2.663242258E-2
8.499579700E0,3.110667169E-1,2.098634988E-1,1.811004803E-2
8.504626472E0,3.057402074E-1,2.077329010E-1,9.587672539E-3
8.509700534E0,2.993484437E-1,2.013411224E-1,5.326484796E-3
8.514692931E0,2.844342887E-1,1.906881481E-1,-3.195890691E-3
8.519810483E0,2.652589381E-1,1.779045910E-1,-4.261187743E-3
8.524825224E0,2.364959270E-1,1.715128124E-1,-7.457078435E-3
8.530095328E0,2.002758235E-1,1.597945392E-1,-9.587672539E-3
8.534965590E0,1.672516167E-1,1.470109820E-1,-7.457078435E-3
8.540166996E0,1.384886056E-1,1.310315281E-1,-8.522375487E-3
8.545130122E0,1.150520667E-1,1.107908785E-1,-1.278356276E-2
8.550292986E0,9.481142461E-2,9.055023640E-2,-1.704475097E-2
8.555337519E0,8.202786744E-2,7.244019210E-2,-1.917534508E-2
8.560436112E0,7.244019210E-2,5.326484516E-2,-2.769771963E-2
8.565480957E0,6.391781569E-2,3.941598535E-2,-4.048128426E-2
8.570542936E0,6.178722158E-2,3.195890784E-2,-5.646073818E-2
8.575659552E0,5.752603337E-2,3.089361079E-2,-7.563608140E-2
8.580687468E0,4.793836176E-2,3.302420676E-2,-9.907261282E-2
8.585639136E0,3.622009605E-2,3.302420676E-2,-1.193132550E-1
8.590803042E0,1.491415687E-2,2.663242258E-2,-1.310315281E-1
8.595838974E0,-1.278356276E-2,1.811004803E-2,-1.352927089E-1
8.600976533E0,-4.048128426E-2,3.195890691E-3,-1.331621110E-1
8.605992993E0,-6.711370498E-2,-1.171826664E-2,-1.203785539E-1
8.611059971E0,-8.735434711E-2,-2.343653329E-2,-1.033338010E-1
8.616276223E0,-9.694202244E-2,-3.089361079E-2,-8.309315890E-2
8.621159550E0,-1.033338010E-1,-3.408950195E-2,-6.285251677E-2
8.626436536E0,-1.065296903E-1,-3.195890784E-2,-4.367717355E-2
8.631593411E0,-1.043990999E-1,-3.302420676E-2,-2.556712553E-2
8.636080339E0,-9.907261282E-2,-3.515479714E-2,-6.391781382E-3
8.641521016E0,-9.374613315E-2,-4.154657945E-2,9.587672539E-3
8.646687580E0,-9.268083423E-2,-4.367717355E-2,2.450183034E-2
8.651633934E0,-9.268083423E-2,-4.474247247E-2,3.622009605E-2
8.656718571E0,-9.055023640E-2,-3.728539124E-2,4.580776766E-2
8.661785023E0,-8.415845782E-2,-2.876301669E-2,5.113425106E-2
8.666794301E0,-7.350549102E-2,-1.704475097E-2,5.539543927E-2
8.671981748E0,-5.859133229E-2,0.000000000E0,5.646073818E-2
8.677013000E0,-3.302420676E-2,1.704475097E-2,5.113425106E-2
8.682217270E0,-1.065296959E-2,3.622009605E-2,4.687306657E-2
8.687094667E0,1.278356276E-2,5.326484516E-2,4.154657945E-2
8.692991490E0,3.622009605E-2,6.498311460E-2,2.876301669E-2
8.697358991E0,6.072192639E-2,7.244019210E-2,5.326484796E-3
8.702460866E0,8.628904819E-2,8.202786744E-2,-2.343653329E-2
8.707412899E0,1.054643989E-1,9.055023640E-2,-4.900366068E-2
8.712503836E0,1.182479635E-1,9.587672353E-2,-7.670138031E-2
8.717630504E0,1.214438528E-1,9.161553532E-2,-1.075949892E-1
8.722380087E0,1.086602882E-1,7.350549102E-2,-1.320968270E-1
8.727390557E0,8.202786744E-2,5.219954997E-2,-1.459456831E-1
8.732449254E0,5.113425106E-2,4.048128426E-2,-1.448803842E-1
8.737477068E0,2.450183034E-2,3.195890784E-2,-1.363580078E-1
8.742619203E0,8.522375487E-3,1.704475097E-2,-1.225091442E-1
8.747624413E0,-1.065296936E-3,1.065296936E-3,-1.033338010E-1
8.752761652E0,-9.587672539E-3,-8.522375487E-3,-7.883197069E-2
8.757763060E0,-2.130593918E-2,-4.261187743E-3,-5.539543927E-2
8.762876549E0,-3.941598535E-2,1.065296959E-2,-3.195890784E-2
8.767893894E0,-7.030959427E-2,2.876301669E-2,-1.278356276E-2
8.773014831E0,-1.225091442E-1,4.154657945E-2,3.195890691E-3
8.778037072E0,-1.906881481E-1,4.261187837E-2,8.522375487E-3
8.783156134E0,-2.684548199E-1,2.450183034E-2,8.522375487E-3
8.788181344E0,-3.355685472E-1,1.065296936E-3,7.457078435E-3
8.793313844E0,-3.771151006E-1,-9.587672539E-3,1.065296936E-3
8.798387908E0,-3.984210491E-1,-1.491415687E-2,-2.130593872E-3
8.803448011E0,-3.994863629E-1,-7.457078435E-3,-7.457078435E-3
8.808474888E0,-3.856374919E-1,7.457078435E-3,-7.457078435E-3
8.813595877E0,-3.632662594E-1,1.917534508E-2,-5.326484796E-3
8.818608743E0,-3.387644291E-1,2.982831374E-2,-6.391781382E-3
8.823756191E0,-3.121320009E-1,3.408950195E-2,-1.065296959E-2
8.828762234E0,-2.886954844E-1,3.622009605E-2,-1.384885982E-2
8.833881139E0,-2.705854177E-1,3.728539124E-2,-1.811004803E-2
8.838890776E0,-2.492794842E-1,3.515479714E-2,-2.237123623E-2
8.844028953E0,-2.301041335E-1,2.769771963E-2,-2.237123623E-2
8.849139788E0,-2.141246796E-1,2.024064213E-2,-2.130593918E-2
8.854492704E0,-2.024064213E-1,1.065296959E-2,-1.917534508E-2
8.859500257E0,-1.960146427E-1,6.391781382E-3,-7.457078435E-3
8.864644840E0,-1.906881481E-1,5.326484796E-3,1.384885982E-2
8.869688331E0,-1.768392920E-1,6.391781382E-3,4.154657945E-2
8.874829946E0,-1.608598381E-1,6.391781382E-3,6.924430281E-2
8.879872082E0,-1.555333585E-1,3.195890691E-3,9.694202244E-2
8.884969054E0,-1.565986425E-1,2.130593872E-3,1.246397421E-1
8.889992656E0,-1.672516167E-1,0.000000000E0,1.491415650E-1
8.895275052E0,-1.821657717E-1,-9.587672539E-3,1.704475135E-1
8.900245105E0,-2.045370042E-1,-2.024064213E-2,1.821657717E-1
8.905599949E0,-2.322347313E-1,-3.622009605E-2,1.906881481E-1
8.910248492E0,-2.609977424E-1,-5.326484516E-2,1.981452256E-1
8.915542710E0,-2.897607684E-1,-7.350549102E-2,1.970799267E-1
8.920045680E0,-3.195890784E-1,-8.948494494E-2,1.970799267E-1
8.925494534E0,-3.451561928E-1,-9.694202244E-2,1.906881481E-1
8.930533494E0,-3.685927391E-1,-9.800732136E-2,1.821657717E-1
8.935674379E0,-3.856374919E-1,-9.055023640E-2,1.725780964E-1
8.941007088E0,-3.909639716E-1,-7.350549102E-2,1.672516167E-1
8.945744588E0,-3.930945694E-1,-5.646073818E-2,1.587292403E-1
8.950862923E0,-3.888333738E-1,-3.408950195E-2,1.512721628E-1
8.955952506E0,-3.739192188E-1,-1.491415687E-2,1.523374617E-1
8.961007611E0,-3.568744659E-1,3.195890691E-3,1.565986425E-1
8.966074955E0,-3.345032334E-1,1.597945392E-2,1.619251370E-1
8.971097664E0,-3.089361191E-1,1.917534508E-2,1.661863178E-1
8.976182820E0,-2.791078091E-1,1.491415687E-2,1.661863178E-1
8.981356676E0,-2.524753809E-1,7.457078435E-3,1.597945392E-1
8.986872717E0,-2.322347313E-1,-4.261187743E-3,1.523374617E-1
8.991437250E0,-2.141246796E-1,-1.491415687E-2,1.406191885E-1
8.996463552E0,-1.981452256E-1,-2.663242258E-2,1.289009303E-1
9.001469074E0,-1.864269674E-1,-3.622009605E-2,1.203785539E-1
9.006640115E0,-1.779045910E-1,-4.580776766E-2,1.107908785E-1
9.011737825E0,-1.715128124E-1,-5.433014408E-2,1.075949892E-1
9.016853658E0,-1.672516167E-1,-6.391781569E-2,1.043990999E-1
9.021856315E0,-1.704475135E-1,-7.350549102E-2,9.907261282E-2
9.026988763E0,-1.800351888E-1,-7.989726961E-2,9.161553532E-2
9.032057306E0,-1.928187460E-1,-8.522375673E-2,8.202786744E-2
9.037157358E0,-2.098634988E-1,-8.096256852E-2,7.776667923E-2
9.042185640E0,-2.343653291E-1,-7.350549102E-2,7.350549102E-2
9.047507567E0,-2.546059787E-1,-6.711370498E-2,6.924430281E-2
9.052333402E0,-2.695201337E-1,-6.072192639E-2,7.244019210E-2
9.057403141E0,-2.780424953E-1,-4.793836176E-2,6.924430281E-2
9.062380434E0,-2.812383771E-1,-3.195890784E-2,7.030959427E-2
9.067545173E0,-2.823036909E-1,-1.384885982E-2,7.244019210E-2
9.072623872E0,-2.759118974E-1,1.065296936E-3,7.350549102E-2
9.077640435E0,-2.673895359E-1,6.391781382E-3,6.924430281E-2
9.082677155E0,-2.609977424E-1,1.065296936E-3,5.965662748E-2
9.087941738E0,-2.503447831E-1,-1.704475097E-2,5.433014408E-2
9.092762364E0,-2.343653291E-1,-3.195890784E-2,5.965662748E-2
9.097962676E0,-2.215817571E-1,-5.006895587E-2,6.285251677E-2
9.102995750E0,-2.034717202E-1,-7.350549102E-2,6.498311460E-2
9.108043511E0,-1.864269674E-1,-1.012032107E-1,6.817900389E-2
9.113233564E0,-1.821657717E-1,-1.352927089E-1,6.817900389E-2
9.118325595E0,-1.917534471E-1,-1.757739931E-1,6.178722158E-2
9.123218617E0,-2.024064213E-1,-2.130593807E-1,5.006895587E-2
9.128483200E0,-2.024064213E-1,-2.460835874E-1,4.048128426E-2
9.133564035E0,-1.757739931E-1,-2.546059787E-1,4.474247247E-2
9.138516326E0,-1.352927089E-1,-2.396918088E-1,5.859133229E-2
9.143547005E0,-9.055023640E-2,-1.960146427E-1,7.350549102E-2
9.148893254E0,-4.261187837E-2,-1.310315281E-1,7.670138031E-2
9.153678568E0,8.522375487E-3,-5.859133229E-2,8.096256852E-2
9.158813880E0,6.178722158E-2,1.171826664E-2,7.137489319E-2
9.163846486E0,1.097255871E-1,7.030959427E-2,5.219954997E-2
9.169052371E0,1.480762810E-1,1.097255871E-1,2.982831374E-2
9.173987060E0,1.715128124E-1,1.193132550E-1,4.261187743E-3
9.179051591E0,1.832310706E-1,1.054643989E-1,-2.024064213E-2
9.184110863E0,1.853616685E-1,7.989726961E-2,-3.408950195E-2
9.189207269E0,1.821657717E-1,4.580776766E-2,-3.941598535E-2
9.194254249E0,1.789698899E-1,1.171826664E-2,-4.687306657E-2
9.199338155E0,1.768392920E-1,-8.522375487E-3,-4.580776766E-2
9.204363781E0,1.800351888E-1,-2.130593918E-2,-3.835069016E-2
9.209503625E0,1.789698899E-1,-2.876301669E-2,-2.450183034E-2
9.214471907E0,1.715128124E-1,-2.769771963E-2,-1.704475097E-2
9.219636386E0,1.661863178E-1,-1.704475097E-2,-1.384885982E-2
9.224674044E0,1.587292403E-1,-2.130593872E-3,-8.522375487E-3
9.229973731E0,1.427497864E-1,1.065296959E-2,-6.391781382E-3
9.234826389E0,1.257050335E-1,1.491415687E-2,-9.587672539E-3
9.239948992E0,1.097255871E-1,2.130593918E-2,-1.597945392E-2
9.244951025E0,8.948494494E-2,2.663242258E-2,-2.130593918E-2
9.250054514E0,6.604841352E-2,2.556712553E-2,-2.237123623E-2
9.255071339E0,4.154657945E-2,1.811004803E-2,-2.556712553E-2
9.260176494E0,1.704475097E-2,4.261187743E-3,-3.195890784E-2
9.265202642E0,-2.130593872E-3,-1.811004803E-2,-4.048128426E-2
9.270546287E0,-1.491415687E-2,-4.048128426E-2,-4.687306657E-2
9.275359049E0,-1.704475097E-2,-6.285251677E-2,-5.006895587E-2
9.280725403E0,-2.130593872E-3,-8.415845782E-2,-5.006895587E-2
9.285624571E0,2.343653329E-2,-1.022685021E-1,-5.006895587E-2
9.290826445E0,5.326484516E-2,-1.193132550E-1,-4.900366068E-2
9.295687697E0,8.628904819E-2,-1.406191885E-1,-5.326484516E-2
9.300795248E0,1.150520667E-1,-1.629904360E-1,-6.072192639E-2
9.305850354E0,1.310315281E-1,-1.853616685E-1,-7.350549102E-2
9.310964572E0,1.331621110E-1,-2.034717202E-1,-8.841964602E-2
9.316126709E0,1.257050335E-1,-2.109287977E-1,-1.033338010E-1
9.321013896E0,1.107908785E-1,-2.109287977E-1,-1.193132550E-1
9.326093377E0,9.374613315E-2,-2.002758235E-1,-1.331621110E-1
9.331195564E0,7.244019210E-2,-1.874922663E-1,-1.395539045E-1
9.336205617E0,4.367717355E-2,-1.800351888E-1,-1.427497864E-1
9.341376190E0,2.130593872E-3,-1.725780964E-1,-1.438150853E-1
9.346420983E0,-5.113425106E-2,-1.640557349E-1,-1.395539045E-1
9.351522545E0,-1.171826646E-1,-1.608598381E-1,-1.267703325E-1
9.356496036E0,-1.800351888E-1,-1.619251370E-1,-9.800732136E-2
9.361627234E0,-2.375612110E-1,-1.608598381E-1,-5.433014408E-2
9.366662495E0,-2.780424953E-1,-1.555333585E-1,-3.195890691E-3
9.371929058E0,-3.068055212E-1,-1.555333585E-1,4.048128426E-2
9.376899892E0,-3.323726356E-1,-1.587292403E-1,6.604841352E-2
9.381932080E0,-3.451561928E-1,-1.534027606E-1,7.030959427E-2
9.387068800E0,-3.494173884E-1,-1.534027606E-1,5.433014408E-2
9.392122914E0,-3.494173884E-1,-1.651210189E-1,2.769771963E-2
9.397106092E0,-3.462215066E-1,-1.842963696E-1,-2.130593872E-3
9.402284738E0,-3.419603109E-1,-1.949493438E-1,-4.048128426E-2
9.407322604E0,-3.259808719E-1,-1.938840449E-1,-6.604841352E-2
9.412405364E0,-3.046749234E-1,-2.237123549E-1,-6.711370498E-2
9.417424584E0,-2.780424953E-1,-2.716507316E-1,-6.072192639E-2
9.422651719E0,-2.503447831E-1,-3.004137278E-1,-5.219954997E-2
9.427517554E0,-2.141246796E-1,-3.142625988E-1,-3.835069016E-2
9.432650470E0,-1.757739931E-1,-3.249155581E-1,-2.556712553E-2
9.437861721E0,-1.416844875E-1,-3.334379494E-1,-1.811004803E-2
9.442751877E0,-1.161173657E-1,-3.430256248E-1,-1.917534508E-2
9.447888285E0,-9.800732136E-2,-3.547438681E-1,-2.663242258E-2
9.452965420E0,-8.735434711E-2,-3.622009456E-1,-4.048128426E-2
9.457947557E0,-8.096256852E-2,-3.707233369E-1,-5.752603337E-2
9.463100056E0,-8.096256852E-2,-3.867027760E-1,-7.670138031E-2
9.468113651E0,-9.161553532E-2,-4.207922816E-1,-1.022685021E-1
9.473244641E0,-1.150520667E-1,-4.836448133E-1,-1.246397421E-1
9.478212142E0,-1.502068639E-1,-5.603461862E-1,-1.480762810E-1
9.483449485E0,-1.960146427E-1,-6.402434707E-1,-1.779045910E-1
9.488063758E0,-2.524753809E-1,-7.137489319E-1,-2.119940966E-1
9.493704174E0,-3.057402074E-1,-7.702096701E-1,-2.524753809E-1
9.498523186E0,-3.430256248E-1,-8.064298034E-1,-2.993484437E-1
9.503725894E0,-3.643315434E-1,-8.224092126E-1,-3.462215066E-1
9.508693916E0,-3.739192188E-1,-8.202786446E-1,-3.877680898E-1
9.513886416E0,-3.803110123E-1,-7.883197069E-1,-4.165311158E-1
9.518925792E0,-3.813762963E-1,-7.318589687E-1,-4.357064366E-1
9.523889489E0,-3.813762963E-1,-6.636800170E-1,-4.495553076E-1
9.529013293E0,-3.792456985E-1,-5.965662599E-1,-4.623388648E-1
9.534192459E0,-3.835068941E-1,-5.305178761E-1,-4.772530198E-1
9.539080065E0,-3.930945694E-1,-4.623388648E-1,-4.953630865E-1
9.544515898E0,-4.058781266E-1,-3.962904513E-1,-5.113425255E-1
9.549174805E0,-4.261187613E-1,-3.334379494E-1,-5.294525623E-1
9.554371888E0,-4.389023483E-1,-2.705854177E-1,-5.454320312E-1
9.559408036E0,-4.410329461E-1,-2.087981999E-1,-5.507585406E-1
9.564536837E0,-4.261187613E-1,-1.480762810E-1,-5.571503043E-1
9.569661630E0,-3.994863629E-1,-9.374613315E-2,-5.528891087E-1
9.574619234E0,-3.632662594E-1,-5.326484516E-2,-5.433014631E-1
9.579875590E0,-3.195890784E-1,-2.450183034E-2,-5.251913667E-1
9.584815589E0,-2.823036909E-1,-9.587672539E-3,-5.060160160E-1
9.589951007E0,-2.503447831E-1,-4.261187743E-3,-4.815142155E-1
9.594989184E0,-2.247776538E-1,-6.391781382E-3,-4.623388648E-1
9.599915383E0,-2.034717202E-1,6.391781382E-3,-4.602082670E-1
9.605054602E0,-1.811004728E-1,1.065296936E-3,-4.325105548E-1
9.610137207E0,-1.683169156E-1,-5.646073818E-2,-3.824416101E-1
9.615222832E0,-1.480762810E-1,-1.203785539E-1,-3.366338313E-1
9.620399500E0,-1.278356314E-1,-1.651210189E-1,-3.142625988E-1
9.625409916E0,-1.065296903E-1,-1.981452256E-1,-3.025443256E-1
9.630354501E0,-8.415845782E-2,-2.354306281E-1,-2.897607684E-1
9.635760230E0,-7.350549102E-2,-2.748466134E-1,-2.705854177E-1
9.640557002E0,-6.498311460E-2,-3.046749234E-1,-2.546059787E-1
9.645630022E0,-5.219954997E-2,-3.206543922E-1,-2.471488863E-1
9.650638982E0,-3.835069016E-2,-3.313073516E-1,-2.450182885E-1
9.655813826E0,-2.556712553E-2,-3.334379494E-1,-2.503447831E-1
9.660946691E0,-1.278356276E-2,-3.270461559E-1,-2.620630562E-1
9.665920754E0,-1.065296936E-3,-3.163931966E-1,-2.769772112E-1
9.671043620E0,6.391781382E-3,-2.993484437E-1,-2.918913662E-1
9.676022578E0,9.587672539E-3,-2.759118974E-1,-3.121320009E-1
9.681201329E0,1.171826664E-2,-2.503447831E-1,-3.355685472E-1
9.686148881E0,1.597945392E-2,-2.151899785E-1,-3.568744659E-1
9.691202163E0,2.663242258E-2,-1.747086942E-1,-3.771151006E-1
9.696430132E0,4.367717355E-2,-1.320968270E-1,-3.984210491E-1
9.701437841E0,6.391781569E-2,-8.415845782E-2,-4.154658020E-1
9.706520966E0,8.628904819E-2,-3.622009605E-2,-4.335758388E-1
9.711463155E0,1.129214764E-1,1.065296936E-3,-4.378370345E-1
9.716661852E0,1.438150853E-1,3.089361079E-2,-4.389023483E-1
9.721675083E0,1.736433953E-1,5.539543927E-2,-4.399676323E-1
9.727038885E0,1.981452256E-1,7.030959427E-2,-4.367717505E-1
9.731826074E0,2.205164731E-1,7.137489319E-2,-4.303799570E-1
9.736915709E0,2.354306281E-1,6.817900389E-2,-4.261187613E-1
9.742047533E0,2.386265099E-1,5.752603337E-2,-4.261187613E-1
9.747022012E0,2.311694324E-1,3.728539124E-2,-4.239881933E-1
9.752119357E0,2.215817571E-1,1.704475097E-2,-4.218575954E-1
9.757224617E0,2.045370042E-1,-4.261187743E-3,-4.197269976E-1
9.762211129E0,1.853616685E-1,-2.769771963E-2,-4.165311158E-1
9.767505503E0,1.608598381E-1,-5.859133229E-2,-4.037475288E-1
9.772388265E0,1.331621110E-1,-8.735434711E-2,-3.888333738E-1
9.777502744E0,9.694202244E-2,-1.065296903E-1,-3.739192188E-1
9.782718266E0,5.965662748E-2,-1.086602882E-1,-3.600703776E-1
9.787667276E0,2.556712553E-2,-9.907261282E-2,-3.408950269E-1
9.792651184E0,-5.326484796E-3,-8.202786744E-2,-3.163931966E-1
9.797783267E0,-3.515479714E-2,-6.072192639E-2,-2.929566503E-1
9.802757799E0,-6.711370498E-2,-4.048128426E-2,-2.663242221E-1
9.807910716E0,-9.694202244E-2,-1.597945392E-2,-2.386265099E-1
9.812892644E0,-1.235744432E-1,8.522375487E-3,-2.077329010E-1
9.818072019E0,-1.459456831E-1,2.343653329E-2,-1.789698899E-1
9.823245666E0,-1.640557349E-1,2.876301669E-2,-1.523374617E-1
9.828266291E0,-1.779045910E-1,2.450183034E-2,-1.331621110E-1
9.833197073E0,-1.864269674E-1,4.261187743E-3,-1.161173657E-1
9.838292906E0,-1.885575503E-1,-2.769771963E-2,-1.054643989E-1
9.843328838E0,-1.874922663E-1,-7.030959427E-2,-9.481142461E-2
9.848432334E0,-1.864269674E-1,-1.107908785E-1,-8.628904819E-2
9.853466554E0,-1.896228492E-1,-1.502068639E-1,-7.989726961E-2
9.858604835E0,-1.938840449E-1,-1.896228492E-1,-7.989726961E-2
9.863614524E0,-1.938840449E-1,-2.290388346E-1,-7.989726961E-2
9.868709784E0,-1.938840449E-1,-2.641936541E-1,-7.776667923E-2
9.873735306E0,-1.906881481E-1,-2.972178459E-1,-7.350549102E-2
9.878956556E0,-1.853616685E-1,-3.195890784E-1,-6.604841352E-2
9.884053745E0,-1.757739931E-1,-3.355685472E-1,-5.752603337E-2
9.889104474E0,-1.651210189E-1,-3.568744659E-1,-5.006895587E-2
9.894101402E0,-1.544680595E-1,-3.749845326E-1,-4.261187837E-2
9.899156298E0,-1.438150853E-1,-3.941598535E-1,-3.622009605E-2
9.904211351E0,-1.374233067E-1,-4.069434404E-1,-2.769771963E-2
9.909342340E0,-1.352927089E-1,-4.154658020E-1,-2.556712553E-2
9.914418123E0,-1.363580078E-1,-4.186616838E-1,-2.556712553E-2
9.919483123E0,-1.342274100E-1,-4.207922816E-1,-2.450183034E-2
9.924545572E0,-1.374233067E-1,-4.165311158E-1,-2.769771963E-2
9.929583436E0,-1.459456831E-1,-4.080087245E-1,-3.089361079E-2
9.934640208E0,-1.587292403E-1,-3.930945694E-1,-3.195890784E-2
9.939780677E0,-1.704475135E-1,-3.728539348E-1,-2.982831374E-2
9.944922345E0,-1.811004728E-1,-3.451561928E-1,-2.769771963E-2
9.949885990E0,-1.906881481E-1,-3.131972849E-1,-2.130593918E-2
9.955026565E0,-1.896228492E-1,-2.780424953E-1,-1.171826664E-2
9.960072189E0,-1.842963696E-1,-2.364959270E-1,-2.130593872E-3
9.965141201E0,-1.725780964E-1,-1.938840449E-1,7.457078435E-3
9.970382451E0,-1.555333585E-1,-1.534027606E-1,1.704475097E-2
9.975215369E0,-1.299662292E-1,-1.161173657E-1,2.343653329E-2
9.980327504E0,-1.012032107E-1,-7.989726961E-2,2.556712553E-2
9.985399901E0,-6.498311460E-2,-5.433014408E-2,2.343653329E-2
9.990487505E0,-2.769771963E-2,-4.154657945E-2,2.982831374E-2
9.995452298E0,1.278356276E-2,-3.835069016E-2,3.622009605E-2
1.000061422E1,5.326484516E-2,-4.154657945E-2,4.367717355E-2
1.000558818E1,9.161553532E-2,-5.006895587E-2,5.006895587E-2
1.001079324E1,1.246397421E-1,-6.817900389E-2,5.326484516E-2
1.001585256E1,1.491415650E-1,-8.415845782E-2,5.539543927E-2
1.002101131E1,1.661863178E-1,-9.481142461E-2,5.219954997E-2
1.002609829E1,1.693822145E-1,-1.012032107E-1,4.793836176E-2
1.003107157E1,1.747086942E-1,-1.033338010E-1,3.728539124E-2
1.003606001E1,1.842963696E-1,-9.587672353E-2,2.769771963E-2
1.004134084E1,1.842963696E-1,-7.350549102E-2,1.278356276E-2
1.004634631E1,1.789698899E-1,-4.154657945E-2,-1.065296936E-3
1.005138157E1,1.715128124E-1,0.000000000E0,-1.278356276E-2
1.005629918E1,1.640557349E-1,3.941598535E-2,-2.130593918E-2
1.006150449E1,1.565986425E-1,7.350549102E-2,-2.876301669E-2
1.006646033E1,1.491415650E-1,1.012032107E-1,-3.195890784E-2
1.007176819E1,1.395539045E-1,1.182479635E-1,-2.663242258E-2
1.007659725E1,1.267703325E-1,1.246397421E-1,-1.811004803E-2
1.008174658E1,1.203785539E-1,1.193132550E-1,-8.522375487E-3
1.008678267E1,1.118561774E-1,1.075949892E-1,5.326484796E-3
1.009193611E1,1.043990999E-1,9.374613315E-2,1.491415687E-2
1.009687642E1,1.022685021E-1,7.776667923E-2,2.556712553E-2
1.010227033E1,1.001379117E-1,6.391781569E-2,3.622009605E-2
1.010704262E1,9.694202244E-2,5.219954997E-2,4.154657945E-2
1.011239986E1,9.374613315E-2,4.474247247E-2,4.793836176E-2
1.011732736E1,9.268083423E-2,3.941598535E-2,5.646073818E-2
1.012243575E1,8.948494494E-2,3.302420676E-2,5.859133229E-2
1.012763632E1,8.841964602E-2,2.130593918E-2,6.178722158E-2
1.013261127E1,8.522375673E-2,1.597945392E-2,6.711370498E-2
1.013752341E1,7.989726961E-2,1.917534508E-2,7.244019210E-2
1.014260617E1,7.137489319E-2,1.917534508E-2,7.776667923E-2
1.014762882E1,6.498311460E-2,1.704475097E-2,8.415845782E-2
1.015272841E1,5.752603337E-2,1.704475097E-2,8.735434711E-2
1.015778132E1,5.006895587E-2,1.491415687E-2,9.055023640E-2
1.016288690E1,4.154657945E-2,8.522375487E-3,9.161553532E-2
1.016787153E1,3.622009605E-2,0.000000000E0,9.268083423E-2
1.017325705E1,3.195890784E-2,-1.065296959E-2,8.948494494E-2
1.017807080E1,2.343653329E-2,-1.597945392E-2,8.309315890E-2
1.018353924E1,1.597945392E-2,-2.024064213E-2,7.670138031E-2
1.018819315E1,7.457078435E-3,-2.876301669E-2,7.030959427E-2
1.019337528E1,-4.261187743E-3,-3.835069016E-2,6.072192639E-2
1.019832471E1,-1.704475097E-2,-5.006895587E-2,5.219954997E-2
1.020347664E1,-2.769771963E-2,-6.178722158E-2,3.941598535E-2
1.020853425E1,-3.941598535E-2,-7.137489319E-2,2.982831374E-2
1.021359945E1,-5.006895587E-2,-7.350549102E-2,2.343653329E-2
1.021864550E1,-5.646073818E-2,-7.244019210E-2,1.811004803E-2
1.022360742E1,-5.965662748E-2,-7.030959427E-2,1.384885982E-2
1.022839727E1,-5.965662748E-2,-7.030959427E-2,9.587672539E-3
1.023387612E1,-5.752603337E-2,-6.924430281E-2,9.587672539E-3
1.023890571E1,-5.646073818E-2,-6.924430281E-2,9.587672539E-3
1.024422873E1,-5.646073818E-2,-6.498311460E-2,1.065296959E-2
1.024914857E1,-5.326484516E-2,-5.646073818E-2,9.587672539E-3
1.025431868E1,-5.006895587E-2,-5.113425106E-2,9.587672539E-3
1.025921258E1,-4.474247247E-2,-4.474247247E-2,1.065296959E-2
1.026436498E1,-3.941598535E-2,-2.982831374E-2,1.065296959E-2
1.026930988E1,-3.302420676E-2,-1.384885982E-2,1.171826664E-2
1.027447571E1,-2.769771963E-2,-1.065296936E-3,1.491415687E-2
1.027958050E1,-1.917534508E-2,1.171826664E-2,1.811004803E-2
1.028456566E1,-1.065296959E-2,1.917534508E-2,2.556712553E-2
1.028963160E1,-1.065296936E-3,1.704475097E-2,3.302420676E-2
1.029488113E1,7.457078435E-3,9.587672539E-3,4.474247247E-2
1.029990577E1,1.065296959E-2,-5.326484796E-3,5.646073818E-2
1.030496207E1,6.391781382E-3,-2.663242258E-2,6.817900389E-2
1.030989644E1,-2.130593872E-3,-5.326484516E-2,7.989726961E-2
1.031513566E1,-1.491415687E-2,-8.522375673E-2,9.161553532E-2
1.032006165E1,-2.663242258E-2,-1.171826646E-1,1.012032107E-1
1.032525056E1,-3.835069016E-2,-1.470109820E-1,1.075949892E-1
1.033021514E1,-4.474247247E-2,-1.683169156E-1,1.161173657E-1
1.033544639E1,-5.113425106E-2,-1.757739931E-1,1.289009303E-1
1.034031900E1,-5.006895587E-2,-1.747086942E-1,1.395539045E-1
1.034545613E1,-4.580776766E-2,-1.640557349E-1,1.491415650E-1
1.035048619E1,-3.835069016E-2,-1.480762810E-1,1.651210189E-1
1.035556509E1,-2.663242258E-2,-1.246397421E-1,1.789698899E-1
1.036065457E1,-8.522375487E-3,-1.001379117E-1,1.906881481E-1
1.036590666E1,1.597945392E-2,-7.350549102E-2,2.024064213E-1
1.037091181E1,4.261187837E-2,-5.113425106E-2,2.034717202E-1
1.037585468E1,6.391781569E-2,-3.515479714E-2,2.024064213E-1
1.038102697E1,8.415845782E-2,-2.343653329E-2,1.938840449E-1
1.038600186E1,9.694202244E-2,-1.384885982E-2,1.779045910E-1
1.039107952E1,1.097255871E-1,-7.457078435E-3,1.640557349E-1
1.039618635E1,1.246397421E-1,-7.457078435E-3,1.470109820E-1
1.040140609E1,1.331621110E-1,-1.278356276E-2,1.278356314E-1
1.040638807E1,1.438150853E-1,-1.704475097E-2,1.075949892E-1
1.041138099E1,1.502068639E-1,-2.556712553E-2,8.948494494E-2
1.041646567E1,1.565986425E-1,-4.154657945E-2,7.350549102E-2
1.042146666E1,1.587292403E-1,-5.646073818E-2,5.752603337E-2
1.042655526E1,1.587292403E-1,-6.285251677E-2,3.622009605E-2
1.043161651E1,1.544680595E-1,-6.391781569E-2,1.384885982E-2
1.043692896E1,1.438150853E-1,-5.219954997E-2,-5.326484796E-3
1.044177776E1,1.278356314E-1,-3.195890784E-2,-1.811004803E-2
1.044695797E1,1.097255871E-1,-9.587672539E-3,-2.556712553E-2
1.045194964E1,8.522375673E-2,2.343653329E-2,-2.982831374E-2
1.045697854E1,4.900366068E-2,5.752603337E-2,-2.450183034E-2
1.046218719E1,1.171826664E-2,8.096256852E-2,-1.811004803E-2
1.046737865E1,-2.130593918E-2,9.268083423E-2,-1.278356276E-2
1.047229584E1,-4.687306657E-2,9.694202244E-2,0.000000000E0
1.047755547E1,-6.711370498E-2,9.374613315E-2,1.278356276E-2
1.048231750E1,-8.415845782E-2,9.055023640E-2,3.089361079E-2
1.048762782E1,-9.907261282E-2,9.374613315E-2,5.113425106E-2
1.049256776E1,-1.097255871E-1,9.161553532E-2,7.137489319E-2
1.049759235E1,-1.171826646E-1,8.309315890E-2,8.948494494E-2
1.050274969E1,-1.182479635E-1,7.030959427E-2,1.097255871E-1
1.050789922E1,-1.150520667E-1,4.793836176E-2,1.278356314E-1
1.051310240E1,-1.107908785E-1,2.876301669E-2,1.416844875E-1
1.051785407E1,-1.054643989E-1,6.391781382E-3,1.534027606E-1
1.052301199E1,-1.043990999E-1,-1.278356276E-2,1.619251370E-1
1.052811709E1,-1.043990999E-1,-3.089361079E-2,1.693822145E-1
1.053299355E1,-1.065296903E-1,-4.580776766E-2,1.725780964E-1
1.053810808E1,-1.086602882E-1,-5.433014408E-2,1.683169156E-1
1.054323704E1,-1.086602882E-1,-6.285251677E-2,1.629904360E-1
1.054848694E1,-1.129214764E-1,-7.030959427E-2,1.523374617E-1
1.055331444E1,-1.171826646E-1,-6.817900389E-2,1.427497864E-1
1.055844142E1,-1.267703325E-1,-6.072192639E-2,1.320968270E-1
1.056341845E1,-1.416844875E-1,-4.793836176E-2,1.214438528E-1
1.056864376E1,-1.565986425E-1,-2.876301669E-2,1.150520667E-1
1.057363058E1,-1.725780964E-1,-4.261187743E-3,1.107908785E-1
1.057871616E1,-1.832310706E-1,1.491415687E-2,1.033338010E-1
1.058370850E1,-1.960146427E-1,3.835069016E-2,9.481142461E-2
1.058881569E1,-2.077329010E-1,6.178722158E-2,9.161553532E-2
1.059397043E1,-2.141246796E-1,7.989726961E-2,8.628904819E-2
1.059907017E1,-2.151899785E-1,9.587672353E-2,7.989726961E-2
1.060400996E1,-2.087981999E-1,1.075949892E-1,7.989726961E-2
1.060927632E1,-1.949493438E-1,1.107908785E-1,8.309315890E-2
1.061422621E1,-1.779045910E-1,1.118561774E-1,9.268083423E-2
1.061925481E1,-1.565986425E-1,1.054643989E-1,1.033338010E-1
1.062427002E1,-1.363580078E-1,9.055023640E-2,1.129214764E-1
1.062942981E1,-1.118561774E-1,7.350549102E-2,1.214438528E-1
1.063449356E1,-8.841964602E-2,5.219954997E-2,1.278356314E-1
1.063976627E1,-7.244019210E-2,2.982831374E-2,1.363580078E-1
1.064457799E1,-5.965662748E-2,9.587672539E-3,1.406191885E-1
1.064977007E1,-5.006895587E-2,-9.587672539E-3,1.491415650E-1
1.065470382E1,-4.261187837E-2,-2.450183034E-2,1.555333585E-1
1.065993934E1,-3.622009605E-2,-3.195890784E-2,1.608598381E-1
1.066490122E1,-3.728539124E-2,-3.622009605E-2,1.651210189E-1
1.067002304E1,-4.154657945E-2,-3.622009605E-2,1.683169156E-1
1.067501690E1,-5.113425106E-2,-3.195890784E-2,1.693822145E-1
1.068018471E1,-6.604841352E-2,-2.769771963E-2,1.693822145E-1
1.068522064E1,-8.415845782E-2,-2.663242258E-2,1.651210189E-1
1.069027862E1,-1.075949892E-1,-2.343653329E-2,1.608598381E-1
1.069536383E1,-1.310315281E-1,-2.237123623E-2,1.565986425E-1
1.070048174E1,-1.587292403E-1,-2.237123623E-2,1.512721628E-1
1.070543805E1,-1.874922663E-1,-2.130593918E-2,1.438150853E-1
1.071061763E1,-2.141246796E-1,-2.130593918E-2,1.352927089E-1
1.071556779E1,-2.386265099E-1,-2.130593918E-2,1.246397421E-1
1.072080758E1,-2.599324584E-1,-2.130593918E-2,1.129214764E-1
1.072581794E1,-2.791078091E-1,-2.024064213E-2,9.907261282E-2
1.073082737E1,-2.886954844E-1,-1.597945392E-2,8.522375673E-2
1.073606008E1,-2.940219641E-1,-8.522375487E-3,7.030959427E-2
1.074098654E1,-2.929566503E-1,-1.065296936E-3,6.178722158E-2
1.074603779E1,-2.908260524E-1,6.391781382E-3,5.539543927E-2
1.075134732E1,-2.823036909E-1,1.278356276E-2,5.113425106E-2
1.075628493E1,-2.684548199E-1,1.491415687E-2,5.539543927E-2
1.076129102E1,-2.524753809E-1,1.065296959E-2,5.965662748E-2
1.076663743E1,-2.333000302E-1,1.065296936E-3,6.285251677E-2
1.077143633E1,-2.151899785E-1,-9.587672539E-3,6.498311460E-2
1.077646623E1,-1.992105246E-1,-1.704475097E-2,6.604841352E-2
1.078163623E1,-1.885575503E-1,-2.237123623E-2,6.711370498E-2
1.078662212E1,-1.736433953E-1,-2.663242258E-2,6.604841352E-2
1.079189977E1,-1.608598381E-1,-2.663242258E-2,6.391781569E-2
1.079671858E1,-1.480762810E-1,-2.663242258E-2,6.178722158E-2
1.080212389E1,-1.331621110E-1,-2.663242258E-2,6.285251677E-2
1.080717201E1,-1.225091442E-1,-2.769771963E-2,6.285251677E-2
1.081209186E1,-1.129214764E-1,-2.769771963E-2,6.285251677E-2
1.081704884E1,-1.054643989E-1,-2.130593918E-2,6.285251677E-2
1.082210405E1,-1.033338010E-1,-1.278356276E-2,6.285251677E-2
1.082712722E1,-9.800732136E-2,-3.195890691E-3,6.604841352E-2
1.083231087E1,-9.268083423E-2,2.130593872E-3,6.817900389E-2
1.083741775E1,-8.948494494E-2,1.065296936E-3,7.244019210E-2
1.084264535E1,-8.415845782E-2,5.326484796E-3,7.883197069E-2
1.084762697E1,-7.244019210E-2,1.278356276E-2,8.628904819E-2
1.085278806E1,-6.817900389E-2,1.384885982E-2,1.001379117E-1
1.085762629E1,-6.604841352E-2,1.278356276E-2,1.065296903E-1
1.086274197E1,-6.498311460E-2,6.391781382E-3,1.107908785E-1
1.086776285E1,-6.711370498E-2,-8.522375487E-3,1.150520667E-1
1.087291514E1,-7.030959427E-2,-2.663242258E-2,1.203785539E-1
1.087812280E1,-7.244019210E-2,-4.687306657E-2,1.278356314E-1
1.088300582E1,-7.137489319E-2,-6.604841352E-2,1.320968270E-1
1.088801567E1,-6.711370498E-2,-8.309315890E-2,1.310315281E-1
1.089316306E1,-6.604841352E-2,-8.948494494E-2,1.299662292E-1
1.089828504E1,-6.604841352E-2,-8.628904819E-2,1.214438528E-1
1.090333609E1,-6.498311460E-2,-7.883197069E-2,1.171826646E-1
1.090831218E1,-7.350549102E-2,-7.030959427E-2,1.097255871E-1
1.091342364E1,-7.776667923E-2,-4.793836176E-2,9.481142461E-2
1.091849067E1,-8.522375673E-2,-1.491415687E-2,8.415845782E-2
1.092377822E1,-8.841964602E-2,2.130593918E-2,7.457078248E-2
1.092864640E1,-9.055023640E-2,5.006895587E-2,6.817900389E-2
1.093370192E1,-8.628904819E-2,7.244019210E-2,6.498311460E-2
1.093872208E1,-7.883197069E-2,8.628904819E-2,6.072192639E-2
1.094395484E1,-7.563608140E-2,9.055023640E-2,5.539543927E-2
1.094903526E1,-7.030959427E-2,9.055023640E-2,4.474247247E-2
1.095401234E1,-5.859133229E-2,8.735434711E-2,3.089361079E-2
1.095866219E1,-4.900366068E-2,8.096256852E-2,2.130593918E-2
1.096432453E1,-3.622009605E-2,7.563608140E-2,1.065296959E-2
1.096912448E1,-2.450183034E-2,7.244019210E-2,0.000000000E0
1.097451401E1,-1.065296959E-2,6.817900389E-2,-1.065296959E-2
1.097934620E1,3.195890691E-3,5.965662748E-2,-1.917534508E-2
1.098447823E1,1.065296959E-2,5.859133229E-2,-2.663242258E-2
1.098940797E1,1.811004803E-2,5.006895587E-2,-2.237123623E-2
1.099477443E1,2.130593918E-2,4.261187837E-2,-1.491415687E-2
1.099976063E1,1.811004803E-2,4.580776766E-2,-8.522375487E-3
1.100483854E1,1.384885982E-2,5.006895587E-2,-3.195890691E-3
1.100970651E1,1.065296959E-2,5.219954997E-2,-1.065296936E-3
1.101483854E1,3.195890691E-3,5.219954997E-2,0.000000000E0
1.101986162E1,-4.261187743E-3,5.539543927E-2,0.000000000E0
1.102513537E1,-2.130593872E-3,6.285251677E-2,2.130593872E-3
1.103000412E1,-1.065296936E-3,6.924430281E-2,3.195890691E-3
1.103530240E1,3.195890691E-3,7.670138031E-2,5.326484796E-3
1.104012365E1,8.522375487E-3,8.415845782E-2,1.171826664E-2
1.104538292E1,1.597945392E-2,9.481142461E-2,1.917534508E-2
1.105034167E1,2.450183034E-2,1.086602882E-1,3.728539124E-2
1.105542246E1,3.302420676E-2,1.171826646E-1,5.752603337E-2
1.106051579E1,3.941598535E-2,1.246397421E-1,7.776667923E-2
1.106564949E1,3.728539124E-2,1.374233067E-1,1.012032107E-1
1.107064579E1,3.622009605E-2,1.512721628E-1,1.225091442E-1
1.107582860E1,2.982831374E-2,1.608598381E-1,1.448803842E-1
1.108086246E1,2.237123623E-2,1.672516167E-1,1.629904360E-1
1.108599746E1,1.917534508E-2,1.725780964E-1,1.757739931E-1
1.109089017E1,1.917534508E-2,1.779045910E-1,1.874922663E-1
1.109599256E1,1.597945392E-2,1.757739931E-1,1.992105246E-1
1.110103111E1,1.917534508E-2,1.715128124E-1,2.098634988E-1
1.110625121E1,1.811004803E-2,1.608598381E-1,2.205164731E-1
1.111128574E1,1.917534508E-2,1.491415650E-1,2.311694324E-1
1.111624887E1,1.704475097E-2,1.342274100E-1,2.386265099E-1
1.112151595E1,1.278356276E-2,1.225091442E-1,2.460835874E-1
1.112649783E1,5.326484796E-3,1.097255871E-1,2.556712627E-1
1.113143965E1,-7.457078435E-3,9.268083423E-2,2.588671446E-1
1.113657923E1,-2.237123623E-2,7.563608140E-2,2.599324584E-1
1.114155767E1,-3.941598535E-2,5.326484516E-2,2.631283402E-1
1.114670892E1,-5.859133229E-2,3.195890784E-2,2.641936541E-1
1.115175267E1,-8.096256852E-2,7.457078435E-3,2.631283402E-1
1.115680580E1,-1.107908785E-1,-1.597945392E-2,2.578018606E-1
1.116182767E1,-1.427497864E-1,-3.408950195E-2,2.514100671E-1
1.116705028E1,-1.757739931E-1,-4.687306657E-2,2.364959270E-1
1.117202601E1,-2.141246796E-1,-5.646073818E-2,2.151899785E-1
1.117733544E1,-2.482141852E-1,-5.859133229E-2,1.960146427E-1
1.118213653E1,-2.823036909E-1,-5.219954997E-2,1.757739931E-1
1.118725960E1,-3.142625988E-1,-3.728539124E-2,1.576639414E-1
1.119226184E1,-3.398297131E-1,-1.491415687E-2,1.342274100E-1
1.119751179E1,-3.579397798E-1,1.171826664E-2,1.107908785E-1
1.120264664E1,-3.653968573E-1,3.835069016E-2,9.055023640E-2
1.120758987E1,-3.707233369E-1,6.391781569E-2,7.244019210E-2
1.121262523E1,-3.728539348E-1,9.055023640E-2,5.752603337E-2
1.121786445E1,-3.696580231E-1,1.107908785E-1,4.687306657E-2
1.122269315E1,-3.579397798E-1,1.150520667E-1,3.515479714E-2
1.122786732E1,-3.451561928E-1,1.150520667E-1,1.917534508E-2
1.123286414E1,-3.355685472E-1,1.012032107E-1,5.326484796E-3
1.123802013E1,-3.217196763E-1,7.030959427E-2,1.384885982E-2
1.124297961E1,-3.068055212E-1,4.474247247E-2,2.130593918E-2
1.124830680E1,-2.929566503E-1,1.384885982E-2,2.343653329E-2
1.125316149E1,-2.854995728E-1,-2.024064213E-2,3.089361079E-2
1.125834169E1,-2.780424953E-1,-5.006895587E-2,3.515479714E-2
1.126330992E1,-2.695201337E-1,-7.563608140E-2,4.048128426E-2
1.126848024E1,-2.663242221E-1,-1.022685021E-1,4.900366068E-2
1.127343097E1,-2.673895359E-1,-1.235744432E-1,5.219954997E-2
1.127857628E1,-2.759118974E-1,-1.459456831E-1,5.539543927E-2
1.128395998E1,-2.865648866E-1,-1.704475135E-1,5.965662748E-2
1.128878810E1,-3.004137278E-1,-2.002758235E-1,6.285251677E-2
1.129369227E1,-3.110667169E-1,-2.375612110E-1,6.817900389E-2
1.129882066E1,-3.163931966E-1,-2.673895359E-1,7.137489319E-2
1.130385258E1,-3.259808719E-1,-2.844342887E-1,7.030959427E-2
1.130897389E1,-3.366338313E-1,-2.844342887E-1,6.817900389E-2
1.131400696E1,-3.376991153E-1,-2.780424953E-1,6.604841352E-2
1.131921748E1,-3.291767538E-1,-2.567365468E-1,6.498311460E-2
1.132415722E1,-3.131972849E-1,-2.258429527E-1,6.498311460E-2
1.132930014E1,-2.918913662E-1,-1.928187460E-1,6.498311460E-2
1.133428264E1,-2.599324584E-1,-1.608598381E-1,6.604841352E-2
1.133948967E1,-2.205164731E-1,-1.342274100E-1,6.604841352E-2
1.134443061E1,-1.725780964E-1,-1.033338010E-1,6.285251677E-2
1.134974056E1,-1.171826646E-1,-7.244019210E-2,6.285251677E-2
1.135451389E1,-5.539543927E-2,-3.728539124E-2,6.178722158E-2
1.135980379E1,2.130593918E-2,-3.195890691E-3,6.391781569E-2
1.136477796E1,1.022685021E-1,2.556712553E-2,6.817900389E-2
1.136992957E1,1.757739931E-1,5.113425106E-2,7.137489319E-2
1.137481415E1,2.407571077E-1,7.137489319E-2,7.030959427E-2
1.137998842E1,2.961525619E-1,7.670138031E-2,6.285251677E-2
1.138513363E1,3.430256248E-1,6.924430281E-2,5.006895587E-2
1.139015780E1,3.813762963E-1,6.178722158E-2,4.048128426E-2
1.139511488E1,4.090740085E-1,5.646073818E-2,3.835069016E-2
1.140030514E1,4.303799570E-1,5.433014408E-2,3.835069016E-2
1.140542280E1,4.484900236E-1,5.326484516E-2,3.835069016E-2
1.141055207E1,4.623388648E-1,6.072192639E-2,4.261187837E-2
1.141509213E1,4.719265401E-1,7.030959427E-2,4.580776766E-2
1.142054911E1,4.729918540E-1,8.096256852E-2,4.900366068E-2
1.142574275E1,4.644694626E-1,9.587672353E-2,5.326484516E-2
1.143094103E1,4.538165033E-1,1.086602882E-1,5.646073818E-2
1.143588400E1,4.378370345E-1,1.235744432E-1,6.391781569E-2
1.144097385E1,4.133352041E-1,1.395539045E-1,7.670138031E-2
1.144607624E1,3.835068941E-1,1.491415650E-1,9.268083423E-2
1.145097098E1,3.483521044E-1,1.480762810E-1,1.054643989E-1
1.145598468E1,3.025443256E-1,1.374233067E-1,1.129214764E-1
1.146131578E1,2.578018606E-1,1.214438528E-1,1.139867753E-1
1.146630880E1,2.173205763E-1,1.022685021E-1,1.118561774E-1
1.147129869E1,1.779045910E-1,7.989726961E-2,1.012032107E-1
1.147607328E1,1.448803842E-1,6.285251677E-2,8.841964602E-2
1.148140677E1,1.182479635E-1,4.687306657E-2,7.776667923E-2
1.148650979E1,9.268083423E-2,3.302420676E-2,6.285251677E-2
1.149155203E1,6.817900389E-2,1.917534508E-2,4.793836176E-2
1.149672130E1,4.793836176E-2,1.597945392E-2,3.515479714E-2
1.150170073E1,3.408950195E-2,1.917534508E-2,2.876301669E-2
1.150671656E1,2.982831374E-2,2.663242258E-2,2.556712553E-2
1.151192313E1,3.302420676E-2,3.728539124E-2,2.450183034E-2
1.151722813E1,4.048128426E-2,4.474247247E-2,2.450183034E-2
1.152196219E1,4.261187837E-2,5.219954997E-2,2.343653329E-2
1.152692198E1,4.261187837E-2,5.965662748E-2,2.024064213E-2
1.153210412E1,4.048128426E-2,6.285251677E-2,1.917534508E-2
1.153713657E1,3.515479714E-2,6.072192639E-2,1.278356276E-2
1.154226537E1,3.089361079E-2,6.072192639E-2,6.391781382E-3
1.154736234E1,2.876301669E-2,6.498311460E-2,0.000000000E0
1.155231355E1,2.556712553E-2,7.350549102E-2,-4.261187743E-3
1.155732443E1,2.237123623E-2,8.415845782E-2,-6.391781382E-3
1.156250990E1,2.024064213E-2,1.012032107E-1,-8.522375487E-3
1.156744157E1,1.491415687E-2,1.171826646E-1,-5.326484796E-3
1.157272126E1,9.587672539E-3,1.267703325E-1,-1.065296936E-3
1.157775719E1,5.326484796E-3,1.363580078E-1,7.457078435E-3
1.158293808E1,0.000000000E0,1.384886056E-1,2.237123623E-2
1.158782402E1,-7.457078435E-3,1.320968270E-1,3.622009605E-2
1.159303449E1,-1.065296959E-2,1.171826646E-1,5.113425106E-2
1.159816235E1,-1.811004803E-2,9.481142461E-2,6.711370498E-2
1.160302438E1,-1.811004803E-2,7.563608140E-2,7.776667923E-2
1.160801970E1,-1.491415687E-2,5.859133229E-2,8.522375673E-2
1.161317126E1,-1.171826664E-2,4.580776766E-2,8.841964602E-2
1.161816142E1,-7.457078435E-3,3.941598535E-2,9.481142461E-2
1.162327168E1,-4.261187743E-3,3.195890784E-2,1.012032107E-1
1.162832616E1,-1.065296936E-3,3.089361079E-2,1.043990999E-1
1.163346251E1,-2.130593872E-3,2.876301669E-2,1.075949892E-1
1.163853173E1,-7.457078435E-3,3.408950195E-2,1.107908785E-1
1.164362350E1,-1.065296959E-2,4.580776766E-2,1.150520667E-1
1.164863257E1,-1.384885982E-2,5.859133229E-2,1.193132550E-1
1.165372704E1,-2.024064213E-2,6.391781569E-2,1.267703325E-1
1.165872351E1,-2.450183034E-2,7.030959427E-2,1.384886056E-1
1.166388788E1,-2.982831374E-2,7.776667923E-2,1.491415650E-1
1.166886590E1,-3.515479714E-2,8.096256852E-2,1.597945392E-1
1.167398429E1,-3.728539124E-2,8.628904819E-2,1.640557349E-1
1.167907132E1,-3.835069016E-2,9.374613315E-2,1.704475135E-1
1.168412762E1,-3.728539124E-2,1.022685021E-1,1.747086942E-1
1.168916314E1,-3.195890784E-2,1.054643989E-1,1.747086942E-1
1.169430919E1,-2.237123623E-2,1.097255871E-1,1.779045910E-1
1.169944986E1,-1.278356276E-2,1.129214764E-1,1.800351888E-1
1.170441195E1,-2.130593872E-3,1.118561774E-1,1.800351888E-1
1.170946018E1,9.587672539E-3,1.107908785E-1,1.789698899E-1
1.171459393E1,2.237123623E-2,1.129214764E-1,1.768392920E-1
1.171966711E1,2.663242258E-2,1.182479635E-1,1.757739931E-1
1.172472762E1,3.622009605E-2,1.203785539E-1,1.811004728E-1
1.172991836E1,4.474247247E-2,1.182479635E-1,1.896228492E-1
1.173486179E1,5.646073818E-2,1.107908785E-1,1.970799267E-1
1.173985752E1,6.604841352E-2,9.800732136E-2,2.045370042E-1
1.174506429E1,7.563608140E-2,8.841964602E-2,2.141246796E-1
1.174999450E1,8.096256852E-2,8.309315890E-2,2.237123549E-1
1.175515919E1,8.309315890E-2,7.670138031E-2,2.333000302E-1
1.176034513E1,8.522375673E-2,6.924430281E-2,2.450182885E-1
1.176529221E1,8.735434711E-2,5.859133229E-2,2.524753809E-1
1.177030992E1,8.841964602E-2,4.580776766E-2,2.631283402E-1
1.177544867E1,8.628904819E-2,3.622009605E-2,2.769772112E-1
1.178043847E1,8.202786744E-2,3.302420676E-2,2.876301706E-1
1.178561945E1,7.350549102E-2,2.876301669E-2,3.025443256E-1
1.179071081E1,5.752603337E-2,1.917534508E-2,3.121320009E-1
1.179573008E1,3.515479714E-2,7.457078435E-3,3.174584806E-1
1.180072524E1,7.457078435E-3,-7.457078435E-3,3.185237944E-1
1.180584899E1,-2.663242258E-2,-2.130593918E-2,3.089361191E-1
1.181088492E1,-6.285251677E-2,-3.515479714E-2,2.993484437E-1
1.181641628E1,-9.587672353E-2,-5.006895587E-2,2.886954844E-1
1.182114612E1,-1.246397421E-1,-5.646073818E-2,2.780424953E-1
1.182625962E1,-1.427497864E-1,-5.752603337E-2,2.684548199E-1
1.183123748E1,-1.587292403E-1,-5.646073818E-2,2.599324584E-1
1.183662217E1,-1.629904360E-1,-5.539543927E-2,2.535406649E-1
1.184136592E1,-1.597945392E-1,-5.006895587E-2,2.471488863E-1
1.184661706E1,-1.438150853E-1,-5.113425106E-2,2.364959270E-1
1.185169561E1,-1.225091442E-1,-5.539543927E-2,2.237123549E-1
1.185678014E1,-1.033338010E-1,-6.178722158E-2,2.141246796E-1
1.186180821E1,-8.096256852E-2,-6.924430281E-2,2.045370042E-1
1.186685806E1,-5.859133229E-2,-7.883197069E-2,1.970799267E-1
1.187195238E1,-3.835069016E-2,-8.735434711E-2,1.906881481E-1
1.187717233E1,-2.237123623E-2,-9.481142461E-2,1.864269674E-1
1.188195973E1,-1.491415687E-2,-1.001379117E-1,1.842963696E-1
1.188707748E1,-1.171826664E-2,-1.065296903E-1,1.811004728E-1
1.189221379E1,-1.597945392E-2,-1.097255871E-1,1.747086942E-1
1.189747395E1,-2.343653329E-2,-1.065296903E-1,1.683169156E-1
1.190245921E1,-3.089361079E-2,-1.054643989E-1,1.587292403E-1
1.190748118E1,-4.154657945E-2,-9.800732136E-2,1.438150853E-1
1.191248728E1,-5.006895587E-2,-8.735434711E-2,1.299662292E-1
1.191780442E1,-5.646073818E-2,-7.883197069E-2,1.150520667E-1
1.192253551E1,-6.178722158E-2,-7.030959427E-2,1.033338010E-1
1.192791723E1,-6.711370498E-2,-6.604841352E-2,9.268083423E-2
1.193235275E1,-6.924430281E-2,-5.965662748E-2,7.883197069E-2
1.193778322E1,-6.498311460E-2,-5.965662748E-2,6.711370498E-2
1.194285551E1,-5.326484516E-2,-5.965662748E-2,5.219954997E-2
1.194798306E1,-3.835069016E-2,-5.859133229E-2,3.728539124E-2
1.195316713E1,-2.663242258E-2,-5.752603337E-2,2.663242258E-2
1.195835020E1,-1.171826664E-2,-4.793836176E-2,1.811004803E-2
1.196318468E1,2.130593872E-3,-3.089361079E-2,4.261187743E-3
1.196821697E1,2.024064213E-2,-1.384885982E-2,-1.171826664E-2
1.197321312E1,4.367717355E-2,1.065296936E-3,-2.130593918E-2
1.197851213E1,6.711370498E-2,1.171826664E-2,-2.769771963E-2
1.198341323E1,8.841964602E-2,2.876301669E-2,-3.089361079E-2
1.198849698E1,1.054643989E-1,4.154657945E-2,-3.515479714E-2
1.199383765E1,1.235744432E-1,4.793836176E-2,-3.622009605E-2
1.199872495E1,1.416844875E-1,4.900366068E-2,-3.408950195E-2
1.200370239E1,1.576639414E-1,4.900366068E-2,-3.089361079E-2
1.200880291E1,1.736433953E-1,5.326484516E-2,-2.343653329E-2
1.201395083E1,1.896228492E-1,5.752603337E-2,-1.171826664E-2
1.201903755E1,2.045370042E-1,5.965662748E-2,-1.065296936E-3
1.202402500E1,2.226470560E-1,6.711370498E-2,1.491415687E-2
1.202906979E1,2.396918088E-1,7.563608140E-2,2.876301669E-2
1.203415203E1,2.546059787E-1,8.202786744E-2,4.900366068E-2
1.203919271E1,2.652589381E-1,8.735434711E-2,7.563608140E-2
1.204432761E1,2.737812996E-1,9.161553532E-2,1.012032107E-1
1.204942099E1,2.791078091E-1,9.374613315E-2,1.235744432E-1
1.205441620E1,2.833689749E-1,9.481142461E-2,1.395539045E-1
1.205951412E1,2.854995728E-1,9.161553532E-2,1.502068639E-1
1.206453099E1,2.854995728E-1,8.415845782E-2,1.587292403E-1
1.206968016E1,2.812383771E-1,8.309315890E-2,1.651210189E-1
1.207477948E1,2.759118974E-1,8.202786744E-2,1.651210189E-1
1.207997443E1,2.705854177E-1,8.309315890E-2,1.597945392E-1
1.208479464E1,2.652589381E-1,8.841964602E-2,1.534027606E-1
1.209031219E1,2.567365468E-1,9.800732136E-2,1.459456831E-1
1.209496329E1,2.450182885E-1,1.107908785E-1,1.342274100E-1
1.210013042E1,2.354306281E-1,1.150520667E-1,1.214438528E-1
1.210511324E1,2.226470560E-1,1.182479635E-1,1.097255871E-1
1.211025126E1,2.066676021E-1,1.214438528E-1,1.001379117E-1
1.211531923E1,1.928187460E-1,1.235744432E-1,9.268083423E-2
1.212035918E1,1.757739931E-1,1.246397421E-1,8.415845782E-2
1.212540230E1,1.523374617E-1,1.214438528E-1,7.350549102E-2
1.213058324E1,1.289009303E-1,1.118561774E-1,6.285251677E-2
1.213560522E1,9.694202244E-2,9.587672353E-2,4.793836176E-2
1.214090012E1,5.752603337E-2,7.563608140E-2,3.622009605E-2
1.214572772E1,2.130593918E-2,5.113425106E-2,2.769771963E-2
1.215078532E1,-1.917534508E-2,2.982831374E-2,1.384885982E-2
1.215578793E1,-6.178722158E-2,1.278356276E-2,4.261187743E-3
1.216093736E1,-1.001379117E-1,0.000000000E0,-3.195890691E-3
1.216599142E1,-1.331621110E-1,-1.597945392E-2,-7.457078435E-3
1.217109699E1,-1.597945392E-1,-2.769771963E-2,-1.384885982E-2
1.217606554E1,-1.800351888E-1,-3.941598535E-2,-2.663242258E-2
1.218124882E1,-1.960146427E-1,-4.793836176E-2,-3.515479714E-2
1.218634908E1,-2.087981999E-1,-5.539543927E-2,-4.048128426E-2
1.219136600E1,-2.183858752E-1,-5.859133229E-2,-4.154657945E-2
1.219660377E1,-2.215817571E-1,-5.752603337E-2,-3.622009605E-2
1.220159705E1,-2.194511741E-1,-5.326484516E-2,-3.089361079E-2
1.220648408E1,-2.119940966E-1,-4.580776766E-2,-2.237123623E-2
1.221174262E1,-2.013411224E-1,-3.622009605E-2,-1.597945392E-2
1.221666314E1,-1.896228492E-1,-2.450183034E-2,-9.587672539E-3
1.222192986E1,-1.768392920E-1,-2.130593918E-2,-3.195890691E-3
1.222688450E1,-1.587292403E-1,-1.597945392E-2,5.326484796E-3
1.223207700E1,-1.395539045E-1,-1.278356276E-2,1.384885982E-2
1.223714747E1,-1.193132550E-1,-1.278356276E-2,2.237123623E-2
1.224218393E1,-9.800732136E-2,-8.522375487E-3,2.876301669E-2
1.224709914E1,-8.202786744E-2,-3.195890691E-3,3.195890784E-2
1.225232877E1,-6.178722158E-2,-2.130593872E-3,4.154657945E-2
1.225736470E1,-4.793836176E-2,-1.278356276E-2,4.580776766E-2
1.226236664E1,-3.728539124E-2,-1.597945392E-2,4.261187837E-2
1.226733685E1,-1.704475097E-2,-1.065296959E-2,4.154657945E-2
1.227249508E1,5.326484796E-3,-2.130593872E-3,4.154657945E-2
1.227751466E1,2.769771963E-2,2.130593872E-3,4.048128426E-2
1.228268898E1,4.474247247E-2,6.391781382E-3,3.515479714E-2
1.228779003E1,5.965662748E-2,1.065296959E-2,2.876301669E-2
1.229274966E1,7.030959427E-2,1.278356276E-2,1.917534508E-2
1.229782289E1,8.096256852E-2,1.491415687E-2,9.587672539E-3
1.230308727E1,8.522375673E-2,1.704475097E-2,-3.195890691E-3
1.230796024E1,8.522375673E-2,2.024064213E-2,-1.278356276E-2
1.231310586E1,8.841964602E-2,2.556712553E-2,-2.237123623E-2
1.231815769E1,8.735434711E-2,2.982831374E-2,-2.982831374E-2
1.232319357E1,8.309315890E-2,3.622009605E-2,-3.728539124E-2
1.232839441E1,7.883197069E-2,4.474247247E-2,-4.580776766E-2
1.233332930E1,7.137489319E-2,5.113425106E-2,-4.900366068E-2
1.233835519E1,5.752603337E-2,5.433014408E-2,-5.113425106E-2
1.234353722E1,4.154657945E-2,5.006895587E-2,-5.539543927E-2
1.234857191E1,2.769771963E-2,4.580776766E-2,-5.752603337E-2
1.235376055E1,1.384885982E-2,3.941598535E-2,-5.646073818E-2
1.235866436E1,2.130593872E-3,2.663242258E-2,-5.539543927E-2
1.236379576E1,-7.457078435E-3,1.065296959E-2,-4.900366068E-2
1.236884467E1,-1.384885982E-2,-4.261187743E-3,-4.474247247E-2
1.237405821E1,-2.237123623E-2,-1.704475097E-2,-4.580776766E-2
1.237900405E1,-2.663242258E-2,-2.450183034E-2,-4.580776766E-2
1.238407316E1,-3.089361079E-2,-2.663242258E-2,-4.687306657E-2
1.238910509E1,-3.515479714E-2,-2.450183034E-2,-4.900366068E-2
1.239436920E1,-3.941598535E-2,-1.811004803E-2,-4.793836176E-2
1.239925587E1,-4.580776766E-2,-7.457078435E-3,-4.580776766E-2
1.240440592E1,-5.433014408E-2,3.195890691E-3,-3.622009605E-2
1.240953358E1,-6.072192639E-2,6.391781382E-3,-2.876301669E-2
1.241451014E1,-6.924430281E-2,4.261187743E-3,-1.704475097E-2
1.241956035E1,-7.670138031E-2,-1.065296936E-3,-7.457078435E-3
1.242480207E1,-8.415845782E-2,-8.522375487E-3,0.000000000E0
1.242988363E1,-8.841964602E-2,-1.917534508E-2,6.391781382E-3
1.243478879E1,-9.694202244E-2,-2.876301669E-2,1.065296959E-2
1.243975093E1,-1.033338010E-1,-3.195890784E-2,1.491415687E-2
1.244493864E1,-1.107908785E-1,-3.302420676E-2,1.597945392E-2
1.244993036E1,-1.182479635E-1,-3.195890784E-2,2.450183034E-2
1.245529431E1,-1.267703325E-1,-2.769771963E-2,3.195890784E-2
1.246015895E1,-1.352927089E-1,-2.237123623E-2,3.622009605E-2
1.246529379E1,-1.374233067E-1,-1.278356276E-2,4.261187837E-2
1.247029208E1,-1.406191885E-1,-4.261187743E-3,4.367717355E-2
1.247549562E1,-1.416844875E-1,1.065296959E-2,4.580776766E-2
1.248036275E1,-1.427497864E-1,2.130593918E-2,4.900366068E-2
1.248547874E1,-1.384886056E-1,3.089361079E-2,5.219954997E-2
1.249055776E1,-1.331621110E-1,3.835069016E-2,5.539543927E-2
1.249534025E1,-1.278356314E-1,4.580776766E-2,5.752603337E-2
1.250073453E1,-1.182479635E-1,4.793836176E-2,5.965662748E-2
1.250596760E1,-1.097255871E-1,4.793836176E-2,6.178722158E-2
1.251083067E1,-1.022685021E-1,5.006895587E-2,5.965662748E-2
1.251626078E1,-9.374613315E-2,4.474247247E-2,6.072192639E-2
1.252090265E1,-8.628904819E-2,4.154657945E-2,6.178722158E-2
1.252601776E1,-7.883197069E-2,3.728539124E-2,6.391781569E-2
1.253117495E1,-7.030959427E-2,3.195890784E-2,6.178722158E-2
1.253621661E1,-6.604841352E-2,2.769771963E-2,6.178722158E-2
1.254122771E1,-6.178722158E-2,2.556712553E-2,6.391781569E-2
1.254632468E1,-5.859133229E-2,2.769771963E-2,6.178722158E-2
1.255136828E1,-6.178722158E-2,3.195890784E-2,5.539543927E-2
1.255648234E1,-6.498311460E-2,3.408950195E-2,5.646073818E-2
1.256161625E1,-6.498311460E-2,3.515479714E-2,5.859133229E-2
1.256681063E1,-6.817900389E-2,3.408950195E-2,6.285251677E-2
1.257164906E1,-7.030959427E-2,3.195890784E-2,6.604841352E-2
1.257671104E1,-7.670138031E-2,2.982831374E-2,6.604841352E-2
1.258175797E1,-8.309315890E-2,2.024064213E-2,6.498311460E-2
1.258689667E1,-8.735434711E-2,6.391781382E-3,7.030959427E-2
1.259190167E1,-9.161553532E-2,0.000000000E0,7.244019210E-2
1.259721938E1,-9.268083423E-2,1.065296936E-3,7.563608140E-2
1.260214053E1,-9.587672353E-2,-4.261187743E-3,7.563608140E-2
1.260719714E1,-1.001379117E-1,-8.522375487E-3,7.670138031E-2
1.261235272E1,-1.043990999E-1,-1.384885982E-2,7.989726961E-2
1.261733386E1,-1.075949892E-1,-2.663242258E-2,8.522375673E-2
1.262232256E1,-1.150520667E-1,-4.474247247E-2,9.161553532E-2
1.262755469E1,-1.246397421E-1,-5.965662748E-2,9.161553532E-2
1.263251584E1,-1.352927089E-1,-7.989726961E-2,9.268083423E-2
1.263775282E1,-1.480762810E-1,-9.268083423E-2,9.268083423E-2
1.264265136E1,-1.587292403E-1,-9.800732136E-2,9.055023640E-2
1.264787996E1,-1.651210189E-1,-9.694202244E-2,9.055023640E-2
1.265298001E1,-1.661863178E-1,-9.481142461E-2,9.268083423E-2
1.265802340E1,-1.640557349E-1,-9.161553532E-2,9.374613315E-2
1.266289527E1,-1.640557349E-1,-7.989726961E-2,1.012032107E-1
1.266806116E1,-1.576639414E-1,-6.924430281E-2,1.086602882E-1
1.267309142E1,-1.438150853E-1,-5.859133229E-2,1.161173657E-1
1.267819506E1,-1.310315281E-1,-4.580776766E-2,1.193132550E-1
1.268321027E1,-1.182479635E-1,-3.835069016E-2,1.235744432E-1
1.268840965E1,-1.054643989E-1,-3.195890784E-2,1.320968270E-1
1.269338080E1,-9.694202244E-2,-2.876301669E-2,1.352927089E-1
1.269849382E1,-8.735434711E-2,-2.663242258E-2,1.427497864E-1
1.270351908E1,-7.670138031E-2,-2.024064213E-2,1.512721628E-1
1.270863642E1,-6.498311460E-2,-1.491415687E-2,1.608598381E-1
1.271365064E1,-5.539543927E-2,-9.587672539E-3,1.747086942E-1
1.271879272E1,-4.793836176E-2,-1.171826664E-2,1.906881481E-1
1.272379684E1,-3.941598535E-2,-1.491415687E-2,2.087981999E-1
1.272894653E1,-3.408950195E-2,-1.811004803E-2,2.247776538E-1
1.273357377E1,-3.408950195E-2,-2.237123623E-2,2.396918088E-1
1.273919064E1,-3.622009605E-2,-2.237123623E-2,2.546059787E-1
1.274404924E1,-3.195890784E-2,-1.597945392E-2,2.716507316E-1
1.274923528E1,-2.556712553E-2,-1.171826664E-2,2.929566503E-1
1.275422783E1,-2.024064213E-2,-2.024064213E-2,3.100014031E-1
1.275946934E1,-1.597945392E-2,-2.982831374E-2,3.217196763E-1
1.276439231E1,-1.704475097E-2,-3.408950195E-2,3.291767538E-1
1.276947908E1,-2.130593918E-2,-2.450183034E-2,3.355685472E-1
1.277447023E1,-2.556712553E-2,-8.522375487E-3,3.398297131E-1
1.277929789E1,-2.450183034E-2,9.587672539E-3,3.419603109E-1
1.278465471E1,-1.491415687E-2,2.982831374E-2,3.440909088E-1
1.278982174E1,-6.391781382E-3,4.580776766E-2,3.483521044E-1
1.279478747E1,3.195890691E-3,5.219954997E-2,3.558091819E-1
1.279995830E1,1.491415687E-2,5.113425106E-2,3.568744659E-1
1.280501648E1,2.556712553E-2,3.728539124E-2,3.643315434E-1
1.281012393E1,3.302420676E-2,3.089361079E-2,3.739192188E-1
1.281514482E1,4.154657945E-2,3.728539124E-2,3.728539348E-1
1.282026128E1,5.113425106E-2,3.515479714E-2,3.643315434E-1
1.282533675E1,6.285251677E-2,3.622009605E-2,3.590050638E-1
1.282998258E1,7.670138031E-2,5.006895587E-2,3.504827023E-1
1.283507955E1,9.587672353E-2,6.498311460E-2,3.504827023E-1
1.284044003E1,1.150520667E-1,8.309315890E-2,3.504827023E-1
1.284555831E1,1.427497864E-1,1.086602882E-1,3.483521044E-1
1.285065112E1,1.736433953E-1,1.384886056E-1,3.472867906E-1
1.285562237E1,2.098634988E-1,1.683169156E-1,3.462215066E-1
1.286076998E1,2.482141852E-1,1.906881481E-1,3.430256248E-1
1.286592550E1,2.854995728E-1,2.183858752E-1,3.387644291E-1
1.287107503E1,3.217196763E-1,2.460835874E-1,3.323726356E-1
1.287594436E1,3.526133001E-1,2.652589381E-1,3.259808719E-1
1.288108430E1,3.781804144E-1,2.791078091E-1,3.174584806E-1
1.288612529E1,3.941598535E-1,3.036096394E-1,3.110667169E-1
1.289117816E1,4.112046063E-1,3.376991153E-1,3.068055212E-1
1.289620441E1,4.229228795E-1,3.632662594E-1,3.142625988E-1
1.290134743E1,4.293146729E-1,3.792456985E-1,3.281114697E-1
1.290651050E1,4.335758388E-1,3.898986876E-1,3.451561928E-1
1.291170118E1,4.314452708E-1,4.016169310E-1,3.590050638E-1
1.291666722E1,4.303799570E-1,4.080087245E-1,3.771151006E-1
1.292166415E1,4.229228795E-1,4.026822448E-1,3.920292854E-1
1.292664207E1,4.058781266E-1,3.856374919E-1,4.037475288E-1
1.293182915E1,3.824416101E-1,3.568744659E-1,4.175963998E-1
1.293698457E1,3.547438681E-1,3.131972849E-1,4.303799570E-1
1.294201243E1,3.238502741E-1,2.514100671E-1,4.399676323E-1
1.294687009E1,2.908260524E-1,1.864269674E-1,4.484900236E-1
1.295211697E1,2.578018606E-1,1.257050335E-1,4.516859055E-1
1.295715296E1,2.269082516E-1,6.924430281E-2,4.548817873E-1
1.296214264E1,1.970799267E-1,2.450183034E-2,4.612735808E-1
1.296748733E1,1.725780964E-1,-1.065296959E-2,4.697959423E-1
1.297231572E1,1.534027606E-1,-3.835069016E-2,4.857754111E-1
1.297744301E1,1.363580078E-1,-5.965662748E-2,5.038854480E-1
1.298244056E1,1.352927089E-1,-7.563608140E-2,5.251913667E-1
1.298752301E1,1.427497864E-1,-8.948494494E-2,5.528891087E-1
1.299278103E1,1.534027606E-1,-9.694202244E-2,5.784562230E-1
1.299784749E1,1.672516167E-1,-1.033338010E-1,6.050886512E-1
1.300287942E1,1.842963696E-1,-1.193132550E-1,6.327863932E-1
1.300774208E1,1.949493438E-1,-1.427497864E-1,6.583535075E-1
1.301294078E1,2.056023031E-1,-1.672516167E-1,6.796594262E-1
1.301782505E1,2.162552774E-1,-1.853616685E-1,6.999000907E-1
1.302318005E1,2.333000302E-1,-1.970799267E-1,7.222713232E-1
1.302826901E1,2.503447831E-1,-1.970799267E-1,7.478384376E-1
1.303322432E1,2.727160156E-1,-1.938840449E-1,7.797973752E-1
1.303823755E1,2.972178459E-1,-1.896228492E-1,8.181480169E-1
1.304329416E1,3.217196763E-1,-2.002758235E-1,8.618252277E-1
1.304834948E1,3.419603109E-1,-2.418224066E-1,9.161553383E-1
1.305356151E1,3.536785841E-1,-2.940219641E-1,9.672896266E-1
1.305860776E1,3.515479863E-1,-3.515479863E-1,1.008836150E0
1.306367849E1,3.376991153E-1,-4.186616838E-1,1.042925715E0
1.306865146E1,3.153278828E-1,-4.879060090E-1,1.071688771E0
1.307384698E1,2.897607684E-1,-5.433014631E-1,1.103647590E0
1.307877729E1,2.599324584E-1,-5.901744962E-1,1.135606527E0
1.308395662E1,2.322347313E-1,-6.295905113E-1,1.172891974E0
1.308899370E1,2.024064213E-1,-6.455699205E-1,1.215503812E0
1.309400698E1,1.693822145E-1,-6.413087845E-1,1.255985141E0
1.309900391E1,1.374233067E-1,-6.413087845E-1,1.298596978E0
1.310427719E1,9.907261282E-2,-6.434393525E-1,1.347600579E0
1.310916776E1,6.285251677E-2,-6.306557655E-1,1.389147162E0
1.311436073E1,3.195890784E-2,-6.061539650E-1,1.418975472E0
1.311935021E1,6.391781382E-3,-5.763256550E-1,1.433889627E0
1.312474037E1,-1.171826664E-2,-5.560849905E-1,1.443477392E0
1.312965355E1,-1.704475097E-2,-5.401055217E-1,1.450934410E0
1.313455995E1,-9.587672539E-3,-5.124078393E-1,1.455195665E0
1.313962751E1,7.457078435E-3,-4.815142155E-1,1.458391547E0
1.314473657E1,3.089361079E-2,-4.591429830E-1,1.469044447E0
1.314987178E1,5.965662748E-2,-4.452941120E-1,1.487154484E0
1.315482615E1,1.001379117E-1,-4.442288280E-1,1.502068639E0
1.315985907E1,1.491415650E-1,-4.516859055E-1,1.512721658E0
1.316518173E1,2.024064213E-1,-4.538165033E-1,1.505264521E0
1.317009157E1,2.652589381E-1,-4.538165033E-1,1.471175075E0
1.317515006E1,3.249155581E-1,-4.666000605E-1,1.417910218E0
1.318019579E1,3.760498166E-1,-5.006895661E-1,1.360384226E0
1.318533001E1,4.122699201E-1,-5.496932268E-1,1.308184624E0
1.319030517E1,4.293146729E-1,-5.891091824E-1,1.258115649E0
1.319554647E1,4.250534773E-1,-6.168069243E-1,1.213373184E0
1.320072684E1,4.112046063E-1,-6.359822750E-1,1.163304210E0
1.320564590E1,3.920292854E-1,-6.466352344E-1,1.116431236E0
1.321061382E1,3.696580231E-1,-6.498311162E-1,1.075949907E0
1.321571975E1,3.526133001E-1,-6.487658620E-1,1.033338070E0
1.322084330E1,3.387644291E-1,-6.391781569E-1,9.917914271E-1
1.322590288E1,3.281114697E-1,-6.263945699E-1,9.577019215E-1
1.323096851E1,3.217196763E-1,-6.061539650E-1,9.278736115E-1
1.323605356E1,3.121320009E-1,-5.901744962E-1,9.097635746E-1
1.324098757E1,3.046749234E-1,-5.720644593E-1,8.959147334E-1
1.324614241E1,2.950872481E-1,-5.507585406E-1,8.799352646E-1
1.325113731E1,2.791078091E-1,-5.337137580E-1,8.660864234E-1
1.325625892E1,2.556712627E-1,-5.230607986E-1,8.479763865E-1
1.326133335E1,2.290388346E-1,-5.166690350E-1,8.277357221E-1
1.326645465E1,1.928187460E-1,-5.230607986E-1,7.989727259E-1
1.327149512E1,1.523374617E-1,-5.337137580E-1,7.691444159E-1
1.327654033E1,1.065296903E-1,-5.411708355E-1,7.275978327E-1
1.328162362E1,5.859133229E-2,-5.390402675E-1,6.785941720E-1
1.328695148E1,1.491415687E-2,-5.294525623E-1,6.210681200E-1
1.329173299E1,-1.704475097E-2,-5.134730935E-1,5.667379498E-1
1.329691856E1,-4.048128426E-2,-4.932324886E-1,5.166690350E-1
1.330188482E1,-5.326484516E-2,-4.666000605E-1,4.740571380E-1
1.330702903E1,-5.646073818E-2,-4.303799570E-1,4.346411526E-1
1.331202930E1,-4.687306657E-2,-3.824416101E-1,4.026822448E-1
1.331719773E1,-2.876301669E-2,-3.281114697E-1,3.760498166E-1
1.332213581E1,-2.130593872E-3,-2.673895359E-1,3.664621413E-1
1.332730711E1,2.876301669E-2,-2.151899785E-1,3.653968573E-1
1.333233935E1,6.178722158E-2,-1.747086942E-1,3.611356616E-1
1.333763971E1,9.161553532E-2,-1.438150853E-1,3.611356616E-1
1.334256341E1,1.097255871E-1,-1.267703325E-1,3.600703776E-1
1.334758284E1,1.171826646E-1,-1.214438528E-1,3.483521044E-1
1.335262466E1,1.097255871E-1,-1.289009303E-1,3.366338313E-1
1.335771091E1,8.522375673E-2,-1.448803842E-1,3.227849603E-1
1.336287144E1,5.646073818E-2,-1.651210189E-1,3.068055212E-1
1.336784998E1,2.450183034E-2,-1.928187460E-1,2.865648866E-1
1.337283279E1,-3.195890691E-3,-2.226470560E-1,2.609977424E-1
1.337796524E1,-2.556712553E-2,-2.546059787E-1,2.322347313E-1
1.338308852E1,-4.367717355E-2,-2.844342887E-1,1.949493438E-1
1.338822024E1,-5.965662748E-2,-3.131972849E-1,1.491415650E-1
1.339318998E1,-6.711370498E-2,-3.515479863E-1,1.161173657E-1
1.339828581E1,-7.244019210E-2,-3.728539348E-1,9.694202244E-2
1.340335837E1,-6.711370498E-2,-3.707233369E-1,7.457078248E-2
1.340850441E1,-5.219954997E-2,-3.536785841E-1,5.326484516E-2
1.341347170E1,-3.089361079E-2,-3.345032334E-1,3.835069016E-2
1.341860128E1,-5.326484796E-3,-3.217196763E-1,3.302420676E-2
1.342357800E1,2.556712553E-2,-3.068055212E-1,2.876301669E-2
1.342892597E1,5.752603337E-2,-2.823036909E-1,2.343653329E-2
1.343402420E1,8.628904819E-2,-2.567365468E-1,2.343653329E-2
1.343887056E1,1.097255871E-1,-2.322347313E-1,1.811004803E-2
1.344401040E1,1.246397421E-1,-2.130593807E-1,1.597945392E-2
1.344914524E1,1.289009303E-1,-1.981452256E-1,1.597945392E-2
1.345400566E1,1.289009303E-1,-1.832310706E-1,1.491415687E-2
1.345935795E1,1.235744432E-1,-1.757739931E-1,1.704475097E-2
1.346404962E1,1.118561774E-1,-1.725780964E-1,1.491415687E-2
1.346898572E1,9.587672353E-2,-1.747086942E-1,1.491415687E-2
1.347443848E1,7.457078248E-2,-1.811004728E-1,1.597945392E-2
1.347940421E1,4.687306657E-2,-1.896228492E-1,1.704475097E-2
1.348447817E1,2.024064213E-2,-1.960146427E-1,2.343653329E-2
1.348968025E1,-2.130593872E-3,-1.960146427E-1,2.982831374E-2
1.349458067E1,-2.450183034E-2,-2.002758235E-1,3.515479714E-2
1.349973436E1,-4.474247247E-2,-2.077329010E-1,3.728539124E-2
1.350475473E1,-6.178722158E-2,-2.173205763E-1,3.835069016E-2
1.351004410E1,-7.883197069E-2,-2.301041335E-1,4.048128426E-2
1.351462478E1,-9.907261282E-2,-2.428877056E-1,4.474247247E-2
1.352014515E1,-1.182479635E-1,-2.535406649E-1,4.687306657E-2
1.352504270E1,-1.352927089E-1,-2.588671446E-1,4.474247247E-2
1.353019359E1,-1.523374617E-1,-2.578018606E-1,3.515479714E-2
1.353521703E1,-1.661863178E-1,-2.588671446E-1,2.450183034E-2
1.354058869E1,-1.779045910E-1,-2.588671446E-1,2.130593918E-2
1.354542703E1,-1.853616685E-1,-2.460835874E-1,1.491415687E-2
1.355053375E1,-1.874922663E-1,-2.205164731E-1,1.278356276E-2
1.355544572E1,-1.896228492E-1,-2.024064213E-1,2.130593918E-2
1.356071020E1,-1.874922663E-1,-1.949493438E-1,2.769771963E-2
1.356566479E1,-1.842963696E-1,-1.906881481E-1,3.302420676E-2
1.357098422E1,-1.832310706E-1,-1.832310706E-1,3.622009605E-2
1.357598599E1,-1.832310706E-1,-1.747086942E-1,3.408950195E-2
1.358090224E1,-1.821657717E-1,-1.725780964E-1,3.408950195E-2
1.358596573E1,-1.800351888E-1,-1.789698899E-1,2.876301669E-2
1.359100901E1,-1.821657717E-1,-1.917534471E-1,1.704475097E-2
1.359602396E1,-1.906881481E-1,-2.045370042E-1,5.326484796E-3
1.360126667E1,-2.034717202E-1,-2.141246796E-1,-6.391781382E-3
1.360623630E1,-2.162552774E-1,-2.194511741E-1,-1.597945392E-2
1.361148344E1,-2.311694324E-1,-2.226470560E-1,-2.769771963E-2
1.361632875E1,-2.418224066E-1,-2.237123549E-1,-3.728539124E-2
1.362152995E1,-2.450182885E-1,-2.247776538E-1,-4.793836176E-2
1.362667625E1,-2.460835874E-1,-2.183858752E-1,-5.965662748E-2
1.363165360E1,-2.428877056E-1,-2.013411224E-1,-6.924430281E-2
1.363667021E1,-2.375612110E-1,-1.864269674E-1,-7.883197069E-2
1.364170787E1,-2.258429527E-1,-1.640557349E-1,-8.841964602E-2
1.364679933E1,-2.194511741E-1,-1.342274100E-1,-1.001379117E-1
1.365189224E1,-2.194511741E-1,-1.075949892E-1,-1.107908785E-1
1.365710266E1,-2.141246796E-1,-8.948494494E-2,-1.118561774E-1
1.366210553E1,-2.066676021E-1,-5.326484516E-2,-1.129214764E-1
1.366711652E1,-2.045370042E-1,-8.522375487E-3,-1.182479635E-1
1.367218964E1,-2.034717202E-1,3.089361079E-2,-1.203785539E-1
1.367723136E1,-2.013411224E-1,6.072192639E-2,-1.203785539E-1
1.368206079E1,-2.013411224E-1,8.415845782E-2,-1.182479635E-1
1.368698199E1,-2.013411224E-1,9.800732136E-2,-1.235744432E-1
1.369253345E1,-2.034717202E-1,1.065296903E-1,-1.289009303E-1
1.369748715E1,-2.098634988E-1,1.086602882E-1,-1.395539045E-1
1.370262142E1,-2.205164731E-1,1.107908785E-1,-1.448803842E-1
1.370764335E1,-2.322347313E-1,1.118561774E-1,-1.480762810E-1
1.371269517E1,-2.407571077E-1,1.118561774E-1,-1.491415650E-1
1.371772428E1,-2.450182885E-1,1.012032107E-1,-1.523374617E-1
1.372289788E1,-2.375612110E-1,7.989726961E-2,-1.576639414E-1
1.372786335E1,-2.269082516E-1,5.219954997E-2,-1.619251370E-1
1.373314835E1,-2.162552774E-1,2.982831374E-2,-1.640557349E-1
1.373807403E1,-2.045370042E-1,1.491415687E-2,-1.587292403E-1
1.374358788E1,-1.938840449E-1,6.391781382E-3,-1.534027606E-1
1.374827460E1,-1.821657717E-1,-2.130593872E-3,-1.448803842E-1
1.375337080E1,-1.715128124E-1,-9.587672539E-3,-1.352927089E-1
1.375831059E1,-1.640557349E-1,-1.597945392E-2,-1.289009303E-1
1.376342929E1,-1.555333585E-1,-1.917534508E-2,-1.246397421E-1
1.376851038E1,-1.448803842E-1,-2.237123623E-2,-1.235744432E-1
1.377354642E1,-1.363580078E-1,-2.343653329E-2,-1.278356314E-1
1.377869434E1,-1.310315281E-1,-2.237123623E-2,-1.320968270E-1
1.378393356E1,-1.225091442E-1,-1.491415687E-2,-1.352927089E-1
1.378871554E1,-1.139867753E-1,-5.326484796E-3,-1.352927089E-1
1.379395158E1,-1.054643989E-1,9.587672539E-3,-1.352927089E-1
1.379891200E1,-9.587672353E-2,2.876301669E-2,-1.331621110E-1
1.380403065E1,-8.309315890E-2,4.687306657E-2,-1.299662292E-1
1.380903153E1,-6.817900389E-2,5.965662748E-2,-1.246397421E-1
1.381448362E1,-5.006895587E-2,7.670138031E-2,-1.225091442E-1
1.381919054E1,-3.728539124E-2,8.948494494E-2,-1.171826646E-1
1.382435429E1,-2.556712553E-2,9.587672353E-2,-1.097255871E-1
1.382933278E1,-1.491415687E-2,9.481142461E-2,-9.694202244E-2
1.383451247E1,-1.065296959E-2,9.161553532E-2,-8.415845782E-2
1.383952945E1,-1.171826664E-2,8.415845782E-2,-7.350549102E-2
1.384461732E1,-1.704475097E-2,7.137489319E-2,-6.072192639E-2
1.384962388E1,-2.343653329E-2,5.219954997E-2,-5.539543927E-2
1.385436195E1,-3.089361079E-2,3.302420676E-2,-5.752603337E-2
1.385969747E1,-3.941598535E-2,1.811004803E-2,-6.178722158E-2
1.386490570E1,-4.261187837E-2,3.195890691E-3,-6.924430281E-2
1.386991612E1,-4.793836176E-2,-9.587672539E-3,-7.350549102E-2
1.387499185E1,-5.326484516E-2,-1.278356276E-2,-7.030959427E-2
1.388001597E1,-5.859133229E-2,-1.278356276E-2,-6.285251677E-2
1.388513664E1,-5.752603337E-2,-1.597945392E-2,-5.006895587E-2
1.389013638E1,-5.433014408E-2,-1.811004803E-2,-4.261187837E-2
1.389537800E1,-5.326484516E-2,-2.237123623E-2,-3.515479714E-2
1.390048040E1,-5.219954997E-2,-2.769771963E-2,-3.302420676E-2
1.390542373E1,-5.113425106E-2,-2.982831374E-2,-3.302420676E-2
1.391039321E1,-5.646073818E-2,-2.556712553E-2,-3.728539124E-2
1.391530868E1,-6.711370498E-2,-2.237123623E-2,-4.474247247E-2
1.392062066E1,-7.776667923E-2,-1.811004803E-2,-5.326484516E-2
1.392597050E1,-9.161553532E-2,-1.171826664E-2,-6.604841352E-2
1.393075571E1,-1.033338010E-1,-6.391781382E-3,-7.776667923E-2
1.393623597E1,-1.182479635E-1,2.130593872E-3,-8.735434711E-2
1.394087498E1,-1.320968270E-1,7.457078435E-3,-9.374613315E-2
1.394609561E1,-1.480762810E-1,1.065296959E-2,-1.001379117E-1
1.395098790E1,-1.587292403E-1,2.130593918E-2,-1.043990999E-1
1.395613483E1,-1.651210189E-1,3.728539124E-2,-1.097255871E-1
1.396112868E1,-1.693822145E-1,5.646073818E-2,-1.118561774E-1
1.396627306E1,-1.683169156E-1,7.137489319E-2,-1.150520667E-1
1.397131191E1,-1.629904360E-1,8.202786744E-2,-1.246397421E-1
1.397658983E1,-1.597945392E-1,8.628904819E-2,-1.331621110E-1
1.398158447E1,-1.608598381E-1,8.415845782E-2,-1.438150853E-1
1.398669676E1,-1.640557349E-1,8.096256852E-2,-1.555333585E-1
1.399157842E1,-1.704475135E-1,7.883197069E-2,-1.619251370E-1
1.399676718E1,-1.821657717E-1,8.202786744E-2,-1.661863178E-1
1.400172176E1,-1.906881481E-1,9.374613315E-2,-1.693822145E-1
1.400682702E1,-1.928187460E-1,1.129214764E-1,-1.768392920E-1
1.401202858E1,-1.896228492E-1,1.299662292E-1,-1.853616685E-1
1.401722447E1,-1.800351888E-1,1.480762810E-1,-1.917534471E-1
1.402208202E1,-1.661863178E-1,1.640557349E-1,-1.885575503E-1
1.402709692E1,-1.523374617E-1,1.821657717E-1,-1.800351888E-1
1.403240296E1,-1.374233067E-1,1.970799267E-1,-1.704475135E-1
1.403729546E1,-1.267703325E-1,2.077329010E-1,-1.619251370E-1
1.404229676E1,-1.246397421E-1,2.098634988E-1,-1.565986425E-1
1.404743494E1,-1.267703325E-1,2.077329010E-1,-1.534027606E-1
1.405247723E1,-1.331621110E-1,2.013411224E-1,-1.523374617E-1
1.405786223E1,-1.427497864E-1,1.896228492E-1,-1.523374617E-1
1.406257723E1,-1.587292403E-1,1.757739931E-1,-1.523374617E-1
1.406768807E1,-1.747086942E-1,1.629904360E-1,-1.565986425E-1
1.407273073E1,-1.885575503E-1,1.523374617E-1,-1.587292403E-1
1.407784588E1,-2.002758235E-1,1.416844875E-1,-1.576639414E-1
1.408286010E1,-2.087981999E-1,1.320968270E-1,-1.534027606E-1
1.408808760E1,-2.119940966E-1,1.310315281E-1,-1.427497864E-1
1.409317057E1,-2.087981999E-1,1.310315281E-1,-1.310315281E-1
1.409830974E1,-2.013411224E-1,1.289009303E-1,-1.203785539E-1
1.410316323E1,-1.938840449E-1,1.235744432E-1,-1.075949892E-1
1.410823906E1,-1.821657717E-1,1.161173657E-1,-1.033338010E-1
1.411329000E1,-1.661863178E-1,1.065296903E-1,-1.033338010E-1
1.411848193E1,-1.480762810E-1,9.268083423E-2,-1.075949892E-1
1.412344193E1,-1.278356314E-1,7.989726961E-2,-1.150520667E-1
1.412857609E1,-1.012032107E-1,6.711370498E-2,-1.225091442E-1
1.413366688E1,-7.137489319E-2,5.219954997E-2,-1.289009303E-1
1.413878979E1,-3.835069016E-2,4.261187837E-2,-1.320968270E-1
1.414372651E1,-7.457078435E-3,3.515479714E-2,-1.331621110E-1
1.414881792E1,1.597945392E-2,3.195890784E-2,-1.363580078E-1
1.415388719E1,2.876301669E-2,3.195890784E-2,-1.384886056E-1
1.415895766E1,3.622009605E-2,3.408950195E-2,-1.438150853E-1
1.416420693E1,3.622009605E-2,3.728539124E-2,-1.480762810E-1
1.416914386E1,3.089361079E-2,4.580776766E-2,-1.491415650E-1
1.417429193E1,1.917534508E-2,5.433014408E-2,-1.502068639E-1
1.417925959E1,5.326484796E-3,6.604841352E-2,-1.502068639E-1
1.418429740E1,-9.587672539E-3,7.883197069E-2,-1.427497864E-1
1.418961798E1,-2.450183034E-2,8.628904819E-2,-1.363580078E-1
1.419456360E1,-3.728539124E-2,9.161553532E-2,-1.299662292E-1
1.419959459E1,-5.113425106E-2,9.481142461E-2,-1.246397421E-1
1.420425105E1,-6.285251677E-2,9.374613315E-2,-1.235744432E-1
1.420987766E1,-7.137489319E-2,9.055023640E-2,-1.278356314E-1
1.421472704E1,-7.883197069E-2,8.948494494E-2,-1.331621110E-1
1.422000694E1,-8.202786744E-2,9.055023640E-2,-1.416844875E-1
1.422486538E1,-8.628904819E-2,8.948494494E-2,-1.470109820E-1
1.423001621E1,-8.522375673E-2,7.989726961E-2,-1.512721628E-1
1.423502673E1,-7.883197069E-2,7.670138031E-2,-1.480762810E-1
1.424011032E1,-7.457078248E-2,7.350549102E-2,-1.448803842E-1
1.424514678E1,-7.350549102E-2,6.924430281E-2,-1.438150853E-1
1.425179673E1,-7.350549102E-2,6.498311460E-2,-1.438150853E-1
1.425533371E1,-7.563608140E-2,6.178722158E-2,-1.406191885E-1
1.426040491E1,-8.202786744E-2,5.752603337E-2,-1.363580078E-1
1.426540402E1,-8.948494494E-2,4.687306657E-2,-1.342274100E-1
1.427072262E1,-1.001379117E-1,3.408950195E-2,-1.289009303E-1
1.427558726E1,-1.107908785E-1,2.343653329E-2,-1.278356314E-1
1.428073871E1,-1.225091442E-1,1.278356276E-2,-1.331621110E-1
1.428581939E1,-1.384886056E-1,1.171826664E-2,-1.352927089E-1
1.429110835E1,-1.534027606E-1,4.261187743E-3,-1.331621110E-1
1.429595726E1,-1.683169156E-1,-1.065296959E-2,-1.267703325E-1
1.430117424E1,-1.885575503E-1,-1.917534508E-2,-1.193132550E-1
1.430606148E1,-2.087981999E-1,-1.171826664E-2,-1.086602882E-1
1.431113627E1,-2.237123549E-1,2.130593872E-3,-9.481142461E-2
1.431619101E1,-2.333000302E-1,1.704475097E-2,-8.415845782E-2
1.432128216E1,-2.386265099E-1,3.302420676E-2,-7.670138031E-2
1.432628538E1,-2.375612110E-1,4.474247247E-2,-7.137489319E-2
1.433143815E1,-2.311694324E-1,5.646073818E-2,-6.604841352E-2
1.433668023E1,-2.258429527E-1,7.030959427E-2,-5.965662748E-2
1.434166002E1,-2.205164731E-1,8.415845782E-2,-5.113425106E-2
1.434656008E1,-2.141246796E-1,9.268083423E-2,-4.580776766E-2
1.435173659E1,-2.056023031E-1,9.481142461E-2,-4.367717355E-2
1.435675669E1,-2.034717202E-1,9.055023640E-2,-4.154657945E-2
1.436201143E1,-1.992105246E-1,8.202786744E-2,-3.622009605E-2
1.436683690E1,-1.970799267E-1,6.817900389E-2,-3.302420676E-2
1.437194263E1,-1.992105246E-1,4.900366068E-2,-3.302420676E-2
1.437697987E1,-2.013411224E-1,2.450183034E-2,-3.408950195E-2
1.438216086E1,-1.992105246E-1,-7.457078435E-3,-3.408950195E-2
1.438715320E1,-2.034717202E-1,-5.006895587E-2,-3.195890784E-2
1.439229638E1,-2.087981999E-1,-9.374613315E-2,-3.089361079E-2
1.439735857E1,-2.205164731E-1,-1.310315281E-1,-3.408950195E-2
1.440266768E1,-2.375612110E-1,-1.576639414E-1,-3.941598535E-2
1.440745831E1,-2.556712627E-1,-1.747086942E-1,-4.687306657E-2
1.441256456E1,-2.705854177E-1,-1.832310706E-1,-5.006895587E-2
1.441758842E1,-2.791078091E-1,-1.789698899E-1,-5.539543927E-2
1.442272394E1,-2.759118974E-1,-1.672516167E-1,-6.178722158E-2
1.442766336E1,-2.684548199E-1,-1.427497864E-1,-7.350549102E-2
1.443281836E1,-2.471488863E-1,-1.235744432E-1,-7.776667923E-2
1.443783936E1,-2.119940966E-1,-9.907261282E-2,-7.563608140E-2
1.444309409E1,-1.661863178E-1,-6.285251677E-2,-7.563608140E-2
1.444819404E1,-1.139867753E-1,-2.024064213E-2,-7.457078248E-2
1.445328550E1,-6.498311460E-2,1.811004803E-2,-6.817900389E-2
1.445841493E1,-2.024064213E-2,5.433014408E-2,-5.965662748E-2
1.446325535E1,1.384885982E-2,7.989726961E-2,-5.433014408E-2
1.446848759E1,3.515479714E-2,9.161553532E-2,-4.793836176E-2
1.447357785E1,4.154657945E-2,9.374613315E-2,-4.154657945E-2
1.447846686E1,3.622009605E-2,8.309315890E-2,-3.835069016E-2
1.448351014E1,2.237123623E-2,6.285251677E-2,-3.622009605E-2
1.448853566E1,1.065296936E-3,2.876301669E-2,-3.195890784E-2
1.449382821E1,-2.343653329E-2,-6.391781382E-3,-3.089361079E-2
1.449868389E1,-4.261187837E-2,-3.941598535E-2,-3.089361079E-2
1.450383592E1,-5.752603337E-2,-7.137489319E-2,-3.089361079E-2
1.450899092E1,-6.817900389E-2,-9.907261282E-2,-2.982831374E-2
1.451401145E1,-7.883197069E-2,-1.214438528E-1,-2.876301669E-2
1.451908134E1,-8.522375673E-2,-1.374233067E-1,-2.237123623E-2
1.452414645E1,-8.522375673E-2,-1.534027606E-1,-1.597945392E-2
1.452909504E1,-8.202786744E-2,-1.651210189E-1,-1.278356276E-2
1.453422655E1,-7.989726961E-2,-1.725780964E-1,-1.171826664E-2
1.453935817E1,-7.883197069E-2,-1.821657717E-1,-9.587672539E-3
1.454442952E1,-8.202786744E-2,-1.885575503E-1,-9.587672539E-3
1.454959020E1,-8.735434711E-2,-1.874922663E-1,-1.278356276E-2
1.455456291E1,-9.694202244E-2,-1.864269674E-1,-2.450183034E-2
1.455951301E1,-9.907261282E-2,-1.992105246E-1,-2.876301669E-2
1.456470208E1,-9.800732136E-2,-2.056023031E-1,-3.195890784E-2
1.456969468E1,-9.481142461E-2,-1.992105246E-1,-3.941598535E-2
1.457482864E1,-8.735434711E-2,-1.874922663E-1,-4.261187837E-2
1.457984296E1,-7.776667923E-2,-1.768392920E-1,-4.580776766E-2
1.458493515E1,-6.817900389E-2,-1.715128124E-1,-4.793836176E-2
1.459001869E1,-6.285251677E-2,-1.661863178E-1,-4.900366068E-2
1.459534036E1,-5.752603337E-2,-1.502068639E-1,-4.793836176E-2
1.460050250E1,-5.646073818E-2,-1.225091442E-1,-3.941598535E-2
1.460525192E1,-5.646073818E-2,-8.628904819E-2,-2.982831374E-2
1.461025733E1,-5.646073818E-2,-5.219954997E-2,-1.811004803E-2
1.461566729E1,-5.752603337E-2,-2.130593918E-2,-7.457078435E-3
1.462033010E1,-5.965662748E-2,1.065296936E-3,0.000000000E0
1.462542707E1,-6.498311460E-2,1.384885982E-2,-1.065296936E-3
1.463057057E1,-6.604841352E-2,2.024064213E-2,-6.391781382E-3
1.463566786E1,-6.604841352E-2,1.917534508E-2,-8.522375487E-3
1.464062729E1,-6.604841352E-2,1.384885982E-2,-1.065296959E-2
1.464596380E1,-6.604841352E-2,3.195890691E-3,-1.065296959E-2
1.465091662E1,-6.498311460E-2,-8.522375487E-3,-1.171826664E-2
1.465598724E1,-5.965662748E-2,-1.704475097E-2,-1.065296959E-2
1.466095672E1,-5.859133229E-2,-3.089361079E-2,-5.326484796E-3
1.466605349E1,-5.965662748E-2,-4.367717355E-2,-1.065296936E-3
1.467110964E1,-6.072192639E-2,-5.752603337E-2,6.391781382E-3
1.467629063E1,-5.859133229E-2,-7.776667923E-2,1.065296959E-2
1.468129521E1,-5.859133229E-2,-1.054643989E-1,1.491415687E-2
1.468634589E1,-6.072192639E-2,-1.363580078E-1,1.917534508E-2
1.469136954E1,-6.924430281E-2,-1.661863178E-1,2.024064213E-2
1.469661568E1,-7.776667923E-2,-1.853616685E-1,1.917534508E-2
1.470152329E1,-9.374613315E-2,-1.938840449E-1,1.704475097E-2
1.470665798E1,-1.086602882E-1,-1.970799267E-1,1.917534508E-2
1.471166199E1,-1.182479635E-1,-1.885575503E-1,2.130593918E-2
1.471681032E1,-1.193132550E-1,-1.789698899E-1,2.130593918E-2
1.472185272E1,-1.150520667E-1,-1.789698899E-1,2.663242258E-2
1.472703063E1,-1.054643989E-1,-1.821657717E-1,2.769771963E-2
1.473198090E1,-1.022685021E-1,-1.949493438E-1,2.450183034E-2
1.473709168E1,-9.694202244E-2,-2.247776538E-1,3.408950195E-2
1.474212084E1,-9.481142461E-2,-2.492794842E-1,4.048128426E-2
1.474721965E1,-9.800732136E-2,-2.663242221E-1,4.367717355E-2
1.475223183E1,-1.022685021E-1,-2.780424953E-1,3.941598535E-2
1.475733678E1,-1.086602882E-1,-2.940219641E-1,4.367717355E-2
1.476241512E1,-1.150520667E-1,-3.078708053E-1,4.580776766E-2
1.476751111E1,-1.203785539E-1,-3.206543922E-1,4.580776766E-2
1.477251231E1,-1.246397421E-1,-3.249155581E-1,4.261187837E-2
1.477805132E1,-1.267703325E-1,-3.259808719E-1,4.261187837E-2
1.478265996E1,-1.235744432E-1,-3.281114697E-1,4.261187837E-2
1.478776387E1,-1.246397421E-1,-3.259808719E-1,4.048128426E-2
1.479278012E1,-1.289009303E-1,-3.281114697E-1,3.408950195E-2
1.479796819E1,-1.331621110E-1,-3.451561928E-1,4.261187837E-2
1.480297648E1,-1.406191885E-1,-3.568744659E-1,5.433014408E-2
1.480805168E1,-1.534027606E-1,-3.558091819E-1,5.965662748E-2
1.481306418E1,-1.661863178E-1,-3.504827023E-1,6.178722158E-2
1.481818898E1,-1.757739931E-1,-3.430256248E-1,6.178722158E-2
1.482327247E1,-1.853616685E-1,-3.323726356E-1,5.752603337E-2
1.482833544E1,-1.938840449E-1,-3.163931966E-1,5.326484516E-2
1.483343116E1,-2.002758235E-1,-3.036096394E-1,4.580776766E-2
1.483855747E1,-1.970799267E-1,-2.972178459E-1,3.835069016E-2
1.484357070E1,-1.864269674E-1,-2.929566503E-1,4.154657945E-2
1.484876085E1,-1.715128124E-1,-2.812383771E-1,3.941598535E-2
1.485368502E1,-1.555333585E-1,-2.641936541E-1,3.941598535E-2
1.485885018E1,-1.395539045E-1,-2.460835874E-1,3.728539124E-2
1.486381669E1,-1.235744432E-1,-2.364959270E-1,3.728539124E-2
1.486896528E1,-1.129214764E-1,-2.354306281E-1,3.089361079E-2
1.487398518E1,-1.075949892E-1,-2.258429527E-1,2.556712553E-2
1.487910174E1,-9.694202244E-2,-2.119940966E-1,2.450183034E-2
1.488407377E1,-8.415845782E-2,-1.992105246E-1,2.237123623E-2
1.488917560E1,-7.457078248E-2,-1.928187460E-1,1.704475097E-2
1.489421200E1,-6.711370498E-2,-1.992105246E-1,1.917534508E-2
1.489937221E1,-6.711370498E-2,-2.151899785E-1,3.089361079E-2
1.490444357E1,-7.457078248E-2,-2.205164731E-1,3.728539124E-2
1.490949451E1,-8.628904819E-2,-2.247776538E-1,4.048128426E-2
1.491457289E1,-1.012032107E-1,-2.333000302E-1,4.261187837E-2
1.491977945E1,-1.193132550E-1,-2.460835874E-1,4.154657945E-2
1.492469862E1,-1.416844875E-1,-2.535406649E-1,3.835069016E-2
1.492983992E1,-1.619251370E-1,-2.578018606E-1,3.302420676E-2
1.493498222E1,-1.821657717E-1,-2.599324584E-1,3.089361079E-2
1.493996659E1,-1.960146427E-1,-2.567365468E-1,2.769771963E-2
1.494509133E1,-2.119940966E-1,-2.471488863E-1,2.876301669E-2
1.495010743E1,-2.258429527E-1,-2.301041335E-1,2.343653329E-2
1.495520503E1,-2.333000302E-1,-2.141246796E-1,8.522375487E-3
1.496036128E1,-2.364959270E-1,-2.119940966E-1,1.065296959E-2
1.496536722E1,-2.290388346E-1,-1.938840449E-1,1.384885982E-2
1.497034962E1,-2.205164731E-1,-1.725780964E-1,9.587672539E-3
1.497555118E1,-2.066676021E-1,-1.523374617E-1,3.195890691E-3
1.498059462E1,-1.874922663E-1,-1.363580078E-1,-6.391781382E-3
1.498570701E1,-1.629904360E-1,-1.289009303E-1,-1.811004803E-2
1.499073988E1,-1.480762810E-1,-1.267703325E-1,-3.195890784E-2
1.499567785E1,-1.416844875E-1,-1.225091442E-1,-4.687306657E-2
1.500099931E1,-1.374233067E-1,-1.107908785E-1,-6.072192639E-2
1.500588280E1,-1.406191885E-1,-9.907261282E-2,-7.137489319E-2
1.501091087E1,-1.459456831E-1,-9.161553532E-2,-8.415845782E-2
1.501598858E1,-1.470109820E-1,-8.841964602E-2,-9.694202244E-2
1.502107722E1,-1.470109820E-1,-7.563608140E-2,-1.054643989E-1
1.502616889E1,-1.438150853E-1,-6.285251677E-2,-1.171826646E-1
1.503132306E1,-1.352927089E-1,-4.474247247E-2,-1.278356314E-1
1.503627514E1,-1.246397421E-1,-2.237123623E-2,-1.363580078E-1
1.504150254E1,-1.075949892E-1,-4.261187743E-3,-1.406191885E-1
1.504638535E1,-9.374613315E-2,9.587672539E-3,-1.470109820E-1
1.505167332E1,-8.202786744E-2,1.917534508E-2,-1.544680595E-1
1.505651723E1,-6.711370498E-2,3.089361079E-2,-1.576639414E-1
1.506162098E1,-5.539543927E-2,4.261187837E-2,-1.565986425E-1
1.506675390E1,-3.941598535E-2,4.048128426E-2,-1.555333585E-1
1.507180900E1,-2.450183034E-2,2.663242258E-2,-1.544680595E-1
1.507678931E1,-1.278356276E-2,1.171826664E-2,-1.512721628E-1
1.508192270E1,-7.457078435E-3,-9.587672539E-3,-1.523374617E-1
1.508694817E1,-1.065296959E-2,-3.622009605E-2,-1.459456831E-1
1.509206473E1,-1.171826664E-2,-6.498311460E-2,-1.331621110E-1
1.509717749E1,-1.384885982E-2,-9.587672353E-2,-1.267703325E-1
1.510232145E1,-2.237123623E-2,-1.299662292E-1,-1.182479635E-1
1.510723708E1,-2.876301669E-2,-1.640557349E-1,-1.107908785E-1
1.511251406E1,-3.515479714E-2,-1.906881481E-1,-1.075949892E-1
1.511756713E1,-4.261187837E-2,-2.098634988E-1,-1.075949892E-1
1.512286984E1,-5.219954997E-2,-2.226470560E-1,-1.065296903E-1
1.512758203E1,-5.752603337E-2,-2.226470560E-1,-1.097255871E-1
1.513265276E1,-5.965662748E-2,-2.151899785E-1,-1.139867753E-1
1.513778166E1,-5.859133229E-2,-2.045370042E-1,-1.150520667E-1
1.514285099E1,-5.433014408E-2,-1.896228492E-1,-1.171826646E-1
1.514791422E1,-4.793836176E-2,-1.715128124E-1,-1.182479635E-1
1.515298151E1,-4.154657945E-2,-1.523374617E-1,-1.203785539E-1
1.515799875E1,-3.302420676E-2,-1.320968270E-1,-1.257050335E-1
1.516307547E1,-2.663242258E-2,-1.118561774E-1,-1.299662292E-1
1.516816031E1,-1.597945392E-2,-9.268083423E-2,-1.331621110E-1
1.517326615E1,-5.326484796E-3,-7.883197069E-2,-1.406191885E-1
1.517829250E1,8.522375487E-3,-7.030959427E-2,-1.470109820E-1
1.518332511E1,2.663242258E-2,-6.711370498E-2,-1.544680595E-1
1.518840380E1,4.154657945E-2,-6.711370498E-2,-1.597945392E-1
1.519362162E1,5.433014408E-2,-7.137489319E-2,-1.597945392E-1
1.519862912E1,6.498311460E-2,-8.522375673E-2,-1.576639414E-1
1.520375756E1,6.604841352E-2,-9.800732136E-2,-1.534027606E-1
1.520872912E1,6.498311460E-2,-1.129214764E-1,-1.512721628E-1
1.521380485E1,5.539543927E-2,-1.235744432E-1,-1.491415650E-1
1.521880876E1,3.941598535E-2,-1.235744432E-1,-1.459456831E-1
1.522399657E1,1.704475097E-2,-1.139867753E-1,-1.395539045E-1
1.522895412E1,-4.261187743E-3,-9.481142461E-2,-1.310315281E-1
1.523410110E1,-3.195890784E-2,-7.030959427E-2,-1.214438528E-1
1.523909084E1,-6.072192639E-2,-3.728539124E-2,-1.097255871E-1
1.524434704E1,-8.415845782E-2,-5.326484796E-3,-9.800732136E-2
1.524933954E1,-1.033338010E-1,2.982831374E-2,-8.735434711E-2
1.525448542E1,-1.171826646E-1,5.539543927E-2,-7.350549102E-2
1.525953116E1,-1.310315281E-1,7.563608140E-2,-5.965662748E-2
1.526449006E1,-1.331621110E-1,8.628904819E-2,-4.687306657E-2
1.526961090E1,-1.342274100E-1,8.841964602E-2,-3.515479714E-2
1.527477043E1,-1.342274100E-1,8.309315890E-2,-2.450183034E-2
1.527965319E1,-1.342274100E-1,7.030959427E-2,-1.491415687E-2
1.528488236E1,-1.310315281E-1,5.326484516E-2,-1.065296959E-2
1.528983725E1,-1.331621110E-1,3.622009605E-2,-9.587672539E-3
1.529497579E1,-1.374233067E-1,1.704475097E-2,-7.457078435E-3
1.529994507E1,-1.395539045E-1,6.391781382E-3,-9.587672539E-3
1.530511126E1,-1.363580078E-1,-2.130593872E-3,-1.278356276E-2
1.531016507E1,-1.299662292E-1,-7.457078435E-3,-1.278356276E-2
1.531529403E1,-1.214438528E-1,-2.130593872E-3,-9.587672539E-3
1.532034606E1,-1.107908785E-1,8.522375487E-3,-4.261187743E-3
1.532556403E1,-9.481142461E-2,1.704475097E-2,0.000000000E0
1.533038366E1,-7.350549102E-2,2.556712553E-2,5.326484796E-3
1.533552549E1,-5.113425106E-2,3.408950195E-2,8.522375487E-3
1.534070726E1,-2.769771963E-2,3.835069016E-2,8.522375487E-3
1.534569340E1,-4.261187743E-3,4.367717355E-2,8.522375487E-3
1.535068700E1,1.917534508E-2,4.793836176E-2,1.171826664E-2
1.535591486E1,3.835069016E-2,4.580776766E-2,1.278356276E-2
1.536095861E1,5.433014408E-2,4.048128426E-2,1.704475097E-2
1.536594132E1,6.817900389E-2,3.408950195E-2,1.384885982E-2
1.537084028E1,7.457078248E-2,2.769771963E-2,1.278356276E-2
1.537618971E1,8.309315890E-2,2.343653329E-2,1.171826664E-2
1.538117940E1,9.161553532E-2,2.130593918E-2,1.171826664E-2
1.538621330E1,9.587672353E-2,1.811004803E-2,1.597945392E-2
1.539126221E1,9.587672353E-2,1.811004803E-2,2.343653329E-2
1.539639174E1,9.161553532E-2,2.343653329E-2,3.302420676E-2
1.540138987E1,8.309315890E-2,3.302420676E-2,4.048128426E-2
1.540651143E1,7.457078248E-2,5.006895587E-2,5.113425106E-2
1.541158919E1,7.244019210E-2,6.498311460E-2,5.965662748E-2
1.541667018E1,7.137489319E-2,7.350549102E-2,6.924430281E-2
1.542166060E1,7.137489319E-2,8.202786744E-2,7.670138031E-2
1.542707185E1,7.457078248E-2,9.055023640E-2,8.735434711E-2
1.543183763E1,7.457078248E-2,9.481142461E-2,1.012032107E-1
1.543694846E1,7.244019210E-2,9.800732136E-2,1.182479635E-1
1.544200107E1,7.350549102E-2,1.086602882E-1,1.299662292E-1
1.544706779E1,7.776667923E-2,1.203785539E-1,1.352927089E-1
1.545224852E1,8.096256852E-2,1.320968270E-1,1.416844875E-1
1.545719378E1,8.096256852E-2,1.384886056E-1,1.502068639E-1
1.546234060E1,8.202786744E-2,1.395539045E-1,1.555333585E-1
1.546751586E1,8.415845782E-2,1.384886056E-1,1.576639414E-1
1.547242691E1,8.628904819E-2,1.374233067E-1,1.640557349E-1
1.547748592E1,8.522375673E-2,1.320968270E-1,1.704475135E-1
1.548253857E1,8.522375673E-2,1.257050335E-1,1.821657717E-1
1.548766227E1,7.989726961E-2,1.203785539E-1,1.938840449E-1
1.549290508E1,7.030959427E-2,1.107908785E-1,2.119940966E-1
1.549781019E1,5.752603337E-2,9.800732136E-2,2.311694324E-1
1.550290108E1,3.728539124E-2,9.055023640E-2,2.471488863E-1
1.550796269E1,1.704475097E-2,9.161553532E-2,2.631283402E-1
1.551296810E1,-2.130593872E-3,9.800732136E-2,2.791078091E-1
1.551802514E1,-1.597945392E-2,1.150520667E-1,2.961525619E-1
1.552312030E1,-1.811004803E-2,1.470109820E-1,3.121320009E-1
1.552839967E1,-1.065296959E-2,1.842963696E-1,3.259808719E-1
1.553322410E1,1.278356276E-2,2.247776538E-1,3.398297131E-1
1.553833019E1,4.261187837E-2,2.578018606E-1,3.590050638E-1
1.554339228E1,7.670138031E-2,2.812383771E-1,3.835068941E-1
1.554848285E1,1.107908785E-1,2.972178459E-1,4.112046063E-1
1.555336650E1,1.427497864E-1,3.046749234E-1,4.420982301E-1
1.555868879E1,1.672516167E-1,3.163931966E-1,4.719265401E-1
1.556372837E1,1.853616685E-1,3.259808719E-1,4.985589683E-1
1.556889988E1,2.034717202E-1,3.281114697E-1,5.230607986E-1
1.557381921E1,2.130593807E-1,3.238502741E-1,5.454320312E-1
1.557892905E1,2.226470560E-1,3.142625988E-1,5.667379498E-1
1.558419155E1,2.269082516E-1,3.110667169E-1,5.795215368E-1
1.558913629E1,2.237123549E-1,3.142625988E-1,5.901744962E-1
1.559429119E1,2.183858752E-1,3.238502741E-1,5.997622013E-1
1.559919520E1,2.141246796E-1,3.408950269E-1,6.157416105E-1
1.560423312E1,2.141246796E-1,3.653968573E-1,6.306557655E-1
1.560935098E1,2.215817571E-1,3.845722079E-1,6.413087845E-1
1.561445796E1,2.333000302E-1,3.920292854E-1,6.455699205E-1
1.561948057E1,2.588671446E-1,3.920292854E-1,6.413087845E-1
1.562454729E1,2.854995728E-1,3.867027760E-1,6.253293157E-1
1.562967817E1,3.131972849E-1,3.707233369E-1,6.082845330E-1
1.563463682E1,3.440909088E-1,3.440909088E-1,5.933703780E-1
1.563983546E1,3.728539348E-1,3.153278828E-1,5.805868506E-1
1.564481036E1,3.984210491E-1,2.854995728E-1,5.741950274E-1
1.565000395E1,4.207922816E-1,2.503447831E-1,5.656726956E-1
1.565493396E1,4.410329461E-1,2.151899785E-1,5.518237948E-1
1.566018432E1,4.570123851E-1,1.821657717E-1,5.337137580E-1
1.566510651E1,4.687306583E-1,1.502068639E-1,5.134730935E-1
1.567020614E1,4.740571380E-1,1.278356314E-1,4.974936545E-1
1.567530724E1,4.793836176E-1,1.054643989E-1,4.793836176E-1
1.568032614E1,4.793836176E-1,8.096256852E-2,4.644694626E-1
1.568543021E1,4.740571380E-1,5.859133229E-2,4.506205916E-1
1.569059891E1,4.676653445E-1,3.941598535E-2,4.378370345E-1
1.569548932E1,4.570123851E-1,2.343653329E-2,4.207922816E-1
1.570066474E1,4.463594258E-1,1.278356276E-2,4.016169310E-1
1.570566292E1,4.378370345E-1,4.261187743E-3,3.792456985E-1
1.571078396E1,4.325105548E-1,-5.326484796E-3,3.611356616E-1
1.571600526E1,4.261187613E-1,-1.278356276E-2,3.440909088E-1
1.572094542E1,4.186616838E-1,-2.024064213E-2,3.302420378E-1
1.572595006E1,4.101393223E-1,-2.556712553E-2,3.153278828E-1
1.573109334E1,4.016169310E-1,-2.556712553E-2,3.014790416E-1
1.573617006E1,3.920292854E-1,-2.237123623E-2,2.908260524E-1
1.574125422E1,3.856374919E-1,-2.024064213E-2,2.812383771E-1
1.574625740E1,3.749845326E-1,-2.130593918E-2,2.695201337E-1
1.575135209E1,3.643315434E-1,-2.130593918E-2,2.578018606E-1
1.575646001E1,3.515479863E-1,-1.811004803E-2,2.471488863E-1
1.576161475E1,3.387644291E-1,-1.917534508E-2,2.386265099E-1
1.576664084E1,3.270461559E-1,-2.130593918E-2,2.311694324E-1
1.577165589E1,3.142625988E-1,-2.343653329E-2,2.194511741E-1
1.577663537E1,3.014790416E-1,-2.556712553E-2,2.024064213E-1
1.578181730E1,2.908260524E-1,-2.876301669E-2,1.864269674E-1
1.578686267E1,2.812383771E-1,-3.089361079E-2,1.725780964E-1
1.579199777E1,2.759118974E-1,-3.622009605E-2,1.576639414E-1
1.579695668E1,2.663242221E-1,-3.941598535E-2,1.416844875E-1
1.580227574E1,2.556712627E-1,-4.261187837E-2,1.299662292E-1
1.580707600E1,2.407571077E-1,-4.687306657E-2,1.161173657E-1
1.581224762E1,2.258429527E-1,-4.900366068E-2,1.065296903E-1
1.581721710E1,2.151899785E-1,-5.326484516E-2,9.481142461E-2
1.582241298E1,2.002758235E-1,-5.646073818E-2,8.735434711E-2
1.582739689E1,1.864269674E-1,-5.539543927E-2,8.202786744E-2
1.583260152E1,1.757739931E-1,-4.793836176E-2,7.883197069E-2
1.583748283E1,1.725780964E-1,-4.580776766E-2,7.563608140E-2
1.584271757E1,1.661863178E-1,-5.006895587E-2,6.711370498E-2
1.584773371E1,1.629904360E-1,-5.965662748E-2,5.752603337E-2
1.585274424E1,1.587292403E-1,-7.137489319E-2,4.793836176E-2
1.585782814E1,1.491415650E-1,-7.670138031E-2,4.048128426E-2
1.586294179E1,1.331621110E-1,-8.202786744E-2,2.663242258E-2
1.586796299E1,1.182479635E-1,-7.776667923E-2,1.278356276E-2
1.587306762E1,1.033338010E-1,-6.711370498E-2,7.457078435E-3
1.587809064E1,8.841964602E-2,-4.900366068E-2,8.522375487E-3
1.588323684E1,7.137489319E-2,-2.556712553E-2,1.171826664E-2
1.588822601E1,4.687306657E-2,6.391781382E-3,2.024064213E-2
1.589344591E1,2.876301669E-2,4.474247247E-2,3.195890784E-2
1.589840908E1,9.587672539E-3,7.030959427E-2,4.474247247E-2
1.590350471E1,-7.457078435E-3,8.309315890E-2,5.433014408E-2
1.590854544E1,-1.917534508E-2,8.628904819E-2,5.859133229E-2
1.591367033E1,-2.876301669E-2,8.096256852E-2,6.072192639E-2
1.591873596E1,-3.515479714E-2,7.350549102E-2,6.711370498E-2
1.592381544E1,-4.367717355E-2,6.178722158E-2,7.563608140E-2
1.592882018E1,-5.326484516E-2,5.646073818E-2,8.202786744E-2
1.593387211E1,-6.178722158E-2,5.326484516E-2,8.841964602E-2
1.593897497E1,-6.178722158E-2,5.113425106E-2,1.001379117E-1
1.594401549E1,-5.433014408E-2,5.113425106E-2,1.161173657E-1
1.594906331E1,-4.048128426E-2,4.367717355E-2,1.438150853E-1
1.595429320E1,-2.556712553E-2,2.450183034E-2,1.704475135E-1
1.595926320E1,-1.065296959E-2,0.000000000E0,1.938840449E-1
1.596432961E1,3.195890691E-3,-1.917534508E-2,2.162552774E-1
1.596938446E1,7.457078435E-3,-2.769771963E-2,2.450182885E-1
1.597453987E1,6.391781382E-3,-2.556712553E-2,2.748466134E-1
1.597953737E1,0.000000000E0,-9.587672539E-3,3.110667169E-1
1.598469279E1,-1.278356276E-2,1.491415687E-2,3.504827023E-1
1.598962701E1,-2.876301669E-2,4.474247247E-2,3.877680898E-1
1.599480847E1,-4.580776766E-2,7.989726961E-2,4.239881933E-1
1.599977092E1,-5.859133229E-2,1.193132550E-1,4.591429830E-1
1.600460534E1,-7.030959427E-2,1.619251370E-1,4.942977726E-1
1.600991087E1,-7.989726961E-2,2.002758235E-1,5.262566805E-1
1.601503576E1,-8.415845782E-2,2.301041335E-1,5.582156181E-1
1.602003415E1,-8.202786744E-2,2.460835874E-1,5.912398100E-1
1.602541930E1,-8.096256852E-2,2.588671446E-1,6.231986880E-1
1.603034019E1,-7.989726961E-2,2.769772112E-1,6.477005482E-1
1.603550956E1,-7.457078248E-2,3.014790416E-1,6.711370945E-1
1.604042254E1,-6.711370498E-2,3.366338313E-1,6.988347769E-1
1.604551889E1,-6.178722158E-2,3.707233369E-1,7.254672050E-1
1.605045519E1,-5.326484516E-2,4.112046063E-1,7.467731237E-1
1.605566342E1,-3.941598535E-2,4.570123851E-1,7.606220245E-1
1.606063301E1,-2.663242258E-2,4.889712930E-1,7.659484744E-1
1.606575540E1,-2.237123623E-2,5.060160160E-1,7.638179064E-1
1.607081441E1,-2.450183034E-2,5.102772117E-1,7.552955151E-1
1.607595712E1,-2.663242258E-2,5.145384073E-1,7.382507920E-1
1.608093223E1,-2.663242258E-2,5.241261125E-1,7.233366370E-1
1.608607509E1,-2.343653329E-2,5.518237948E-1,7.020306587E-1
1.609107525E1,-1.917534508E-2,5.986968875E-1,6.849859357E-1
1.609615926E1,-1.278356276E-2,6.647452712E-1,6.732676625E-1
1.610121150E1,-2.130593872E-3,7.414466739E-1,6.658105850E-1
1.610634796E1,1.278356276E-2,8.085603714E-1,6.572881937E-1
1.611139067E1,3.515479714E-2,8.618252277E-1,6.466352344E-1
1.611656530E1,5.859133229E-2,8.873923421E-1,6.295905113E-1
1.612151317E1,8.628904819E-2,8.980453014E-1,5.965662599E-1
1.612669030E1,1.235744432E-1,9.065676928E-1,5.518237948E-1
1.613169484E1,1.725780964E-1,8.969800472E-1,5.038854480E-1
1.613692676E1,2.290388346E-1,8.586293459E-1,4.538165033E-1
1.614175156E1,2.791078091E-1,8.021686077E-1,3.984210491E-1
1.614707583E1,3.174584806E-1,7.457078695E-1,3.376991153E-1
1.615209197E1,3.451561928E-1,6.956388950E-1,2.801730931E-1
1.615713838E1,3.622009456E-1,6.455699205E-1,2.290388346E-1
1.616207348E1,3.717886209E-1,6.008274555E-1,1.832310706E-1
1.616716338E1,3.771151006E-1,5.603461862E-1,1.406191885E-1
1.617230427E1,3.867027760E-1,5.230607986E-1,9.481142461E-2
1.617732906E1,3.941598535E-1,4.942977726E-1,5.113425106E-2
1.618235989E1,4.080087245E-1,4.676653445E-1,0.000000000E0
1.618747041E1,4.303799570E-1,4.516859055E-1,-6.817900389E-2
1.619249219E1,4.591429830E-1,4.282493591E-1,-1.491415650E-1
1.619759015E1,4.825794995E-1,3.813762963E-1,-2.375612110E-1
1.620282838E1,4.900365770E-1,3.249155581E-1,-3.313073516E-1
1.620792010E1,4.825794995E-1,2.791078091E-1,-4.250534773E-1
1.621281302E1,4.634041786E-1,2.546059787E-1,-5.124078393E-1
1.621793229E1,4.378370345E-1,2.663242221E-1,-5.795215368E-1
1.622294646E1,4.165311158E-1,3.068055212E-1,-6.274598837E-1
1.622809484E1,3.984210491E-1,3.579397798E-1,-6.583535075E-1
1.623305245E1,3.930945694E-1,4.186616838E-1,-6.700717807E-1
1.623818808E1,3.973557651E-1,5.038854480E-1,-6.636800170E-1
1.624285578E1,4.016169310E-1,6.295905113E-1,-6.349169612E-1
1.624828089E1,4.101393223E-1,7.925809026E-1,-5.699338317E-1
1.625366417E1,4.080087245E-1,9.459837079E-1,-4.932324886E-1
1.625844761E1,4.048128426E-1,1.103647590E0,-4.325105548E-1
1.626366355E1,4.186616838E-1,1.344404697E0,-3.611356616E-1
1.626862167E1,4.399676323E-1,1.584096551E0,-2.727160156E-1
1.627363423E1,4.623388648E-1,1.753478765E0,-1.779045910E-1
1.627888787E1,4.772530198E-1,1.852551341E0,-7.989726961E-2
1.628377990E1,4.708612561E-1,1.922860980E0,1.704475097E-2
1.628871985E1,4.452941120E-1,1.997431755E0,1.118561774E-1
1.629407355E1,3.941598535E-1,2.090112686E0,2.066676021E-1
1.629915938E1,3.217196763E-1,2.197707653E0,3.100014031E-1
1.630402183E1,2.290388346E-1,2.307433128E0,4.261187613E-1
1.630960350E1,1.299662292E-1,2.418224096E0,5.560849905E-1
1.631416538E1,3.089361079E-2,2.531145573E0,6.924430132E-1
1.631933876E1,-5.646073818E-2,2.638740540E0,8.256051540E-1
1.632435178E1,-1.320968270E-1,2.727160215E0,9.406571984E-1
1.632964569E1,-1.970799267E-1,2.831559181E0,1.043990970E0
1.633449371E1,-2.503447831E-1,2.997745514E0,1.132410645E0
1.633958215E1,-2.876301706E-1,3.244894505E0,1.202720284E0
1.634469303E1,-3.025443256E-1,3.563418150E0,1.291139841E0
1.634980501E1,-2.801730931E-1,3.903248072E0,1.400865436E0
1.635480981E1,-2.077329010E-1,4.262252808E0,1.519113421E0
1.635989673E1,-6.817900389E-2,4.679849625E0,1.635230780E0
1.636490538E1,1.342274100E-1,5.172016621E0,1.759870529E0
1.636998840E1,3.920292854E-1,5.715318203E0,1.918599725E0
1.637521788E1,7.030959725E-1,6.292708874E0,2.108222723E0
1.638017377E1,1.057839870E0,6.870100021E0,2.336196184E0
1.638539892E1,1.443477392E0,7.408074856E0,2.587606192E0
1.639038408E1,1.853616714E0,7.904503345E0,2.857126474E0
1.639546132E1,2.276539564E0,8.345536232E0,3.161801338E0
1.640049325E1,2.701592922E0,8.702410698E0,3.490978003E0
1.640549231E1,3.109601736E0,8.918665886E0,3.832938433E0
1.641097747E1,3.480324984E0,9.006020546E0,4.166376114E0
1.641568143E1,3.791391850E0,8.974061012E0,4.464659691E0
1.642088841E1,4.039606094E0,8.941037178E0,4.725656986E0
1.642591346E1,4.235620499E0,8.964473724E0,4.940847397E0
1.643089382E1,4.366652012E0,9.000694275E0,5.101706982E0
1.643599758E1,4.420982361E0,9.003890038E0,5.211432457E0
1.644104419E1,4.406068325E0,8.988975525E0,5.286003590E0
1.644606471E1,4.348542213E0,8.984714508E0,5.339268208E0
1.645122549E1,4.279297829E0,9.037979126E0,5.374423027E0
1.645598633E1,4.208988190E0,9.127464294E0,5.392533302E0
1.646101565E1,4.144005299E0,9.198839188E0,5.410643101E0
1.646639450E1,4.085413933E0,9.256364822E0,5.445797920E0
1.647157497E1,4.035344601E0,9.288324356E0,5.512911797E0
1.647648737E1,3.999124765E0,9.233993530E0,5.607723236E0
1.648178586E1,3.962904692E0,9.052893639E0,5.690816402E0
1.648662857E1,3.917096853E0,8.824919701E0,5.764321804E0
1.649174737E1,3.874485016E0,8.622513771E0,5.868721008E0
1.649685701E1,3.823350668E0,8.376429558E0,5.989099503E0
1.650198091E1,3.757302284E0,8.060036659E0,6.097759724E0
1.650693435E1,3.696580410E0,7.709553719E0,6.148893833E0
1.651230274E1,3.641185045E0,7.355875492E0,6.126522541E0
1.651719050E1,3.581528187E0,7.018176079E0,6.053017139E0
1.652219008E1,3.516545296E0,6.714566708E0,5.970989227E0
1.652719826E1,3.435582638E0,6.448242188E0,5.916659355E0
1.653226581E1,3.341836452E0,6.234117508E0,5.906006336E0
1.653744212E1,3.250221014E0,6.057278156E0,5.906006336E0
1.654243967E1,3.160736084E0,5.907071590E0,5.879374027E0
1.654745264E1,3.068055153E0,5.784562588E0,5.813325405E0
1.655260925E1,2.972178459E0,5.678032875E0,5.720644474E0
1.655908144E1,2.879497528E0,5.537413597E0,5.620506763E0
1.656294332E1,2.785751581E0,5.304113388E0,5.527825832E0
1.656781852E1,2.706919432E0,4.976002216E0,5.430883884E0
1.657293467E1,2.646197557E0,4.579711437E0,5.306243896E0
1.657795597E1,2.602520466E0,4.189812660E0,5.132600784E0
1.658297665E1,2.564169645E0,3.887268543E0,4.908888340E0
1.658811478E1,2.523688555E0,3.685927391E0,4.668131351E0
1.659309749E1,2.474684715E0,3.553830624E0,4.440157413E0
1.659824025E1,2.422485113E0,3.484586239E0,4.218575954E0
1.660323744E1,2.374546766E0,3.459019184E0,4.004451275E0
1.660841405E1,2.326608419E0,3.424929619E0,3.797783613E0
1.661339869E1,2.279735327E0,3.372730017E0,3.618813753E0
1.661851426E1,2.231796980E0,3.317334652E0,3.477129221E0
1.662353067E1,2.176401615E0,3.251286268E0,3.382317781E0
1.662855686E1,2.114614487E0,3.178846121E0,3.329052925E0
1.663373108E1,2.053892374E0,3.081903934E0,3.298159361E0
1.663873171E1,2.007019520E0,2.957264185E0,3.281114578E0
1.664386088E1,1.960146308E0,2.818775654E0,3.268331051E0
1.664914635E1,1.917534471E0,2.713311195E0,3.249155760E0
1.665402213E1,1.875987887E0,2.612107992E0,3.236371994E0
1.665924541E1,1.835506678E0,2.444856405E0,3.220392704E0
1.666444286E1,1.760935783E0,2.105026722E0,3.185237885E0
1.666926963E1,1.635230780E0,1.741760492E0,3.090426445E0
1.667440692E1,1.537223458E0,1.885575533E0,3.025443316E0
1.667944979E1,1.451999664E0,2.176401615E0,3.016920805E0
1.668437114E1,1.343339443E0,2.294649601E0,3.022247314E0
1.668955515E1,1.221895576E0,2.305302620E0,3.028639078E0
1.669449619E1,1.100451708E0,2.196642399E0,3.035031080E0
1.669981442E1,9.481142759E-1,1.866400242E0,2.975374460E0
1.670464797E1,8.138868809E-1,1.850420833E0,2.886954784E0
1.670985385E1,7.137489319E-1,2.101830959E0,2.854995728E0
1.671481031E1,6.125457287E-1,2.198772907E0,2.864583492E0
1.672008495E1,5.070813298E-1,2.132724524E0,2.885889292E0
1.672507224E1,4.069434404E-1,1.920730352E0,2.898673058E0
1.673010911E1,3.323726356E-1,1.599010706E0,2.890150547E0
1.673517386E1,2.759118974E-1,1.343339443E0,2.829428673E0
1.674021302E1,2.237123549E-1,1.254919767E0,2.713311195E0
1.674534557E1,1.768392920E-1,1.268768668E0,2.600389719E0
1.675040651E1,1.363580078E-1,1.318837643E0,2.537537336E0
1.675562302E1,1.097255871E-1,1.381690145E0,2.550320864E0
1.676052964E1,8.309315890E-2,1.378494263E0,2.627022266E0
1.676568980E1,6.604841352E-2,1.342274189E0,2.723964214E0
1.677073355E1,6.604841352E-2,1.334817052E0,2.798535109E0
1.677568287E1,9.268083423E-2,1.333751798E0,2.835820436E0
1.678114615E1,1.470109820E-1,1.311380506E0,2.814514399E0
1.678597636E1,2.226470560E-1,1.336947680E0,2.749531507E0
1.679093240E1,3.014790416E-1,1.355057716E0,2.687744141E0
1.679593011E1,3.696580231E-1,1.286878705E0,2.621695757E0
1.680125480E1,4.346411526E-1,1.209112048E0,2.532210827E0
1.680621074E1,4.974936545E-1,1.147324800E0,2.423550606E0
1.681128475E1,5.624767542E-1,1.056774616E0,2.305302620E0
1.681621303E1,6.317210793E-1,9.491795897E-1,2.180662870E0
1.682144339E1,7.062918544E-1,8.873923421E-1,2.061349630E0
1.682669756E1,7.819279432E-1,7.648832202E-1,1.950558662E0
1.683169116E1,8.618252277E-1,5.965662599E-1,1.839767814E0
1.683649574E1,9.406571984E-1,3.622009456E-1,1.719389200E0
1.684170183E1,1.003509760E0,-8.202786744E-2,1.516982794E0
1.684668496E1,1.094059944E0,-2.609977424E-1,1.279421568E0
1.685190881E1,1.204850793E0,-2.013411224E-1,1.127084136E0
1.685693548E1,1.308184624E0,-2.631283402E-1,1.051448107E0
1.686198512E1,1.392343044E0,-3.685927391E-1,9.790078998E-1
1.686706298E1,1.441346765E0,-4.495553076E-1,9.076330066E-1
1.687209803E1,1.447738528E0,-4.506205916E-1,8.522375226E-1
1.687718543E1,1.409387827E0,-3.568744659E-1,8.160174489E-1
1.688237121E1,1.330555916E0,-2.301041335E-1,8.160174489E-1
1.688740887E1,1.212307930E0,-9.374613315E-2,8.415845633E-1
1.689234944E1,1.074884653E0,-2.769771963E-2,8.831311464E-1
1.689744450E1,9.332001209E-1,-1.811004803E-2,8.863270283E-1
1.690248210E1,7.584913969E-1,5.113425106E-2,6.317210793E-1
1.690756622E1,6.338516474E-1,2.151899785E-1,2.556712627E-1
1.691271429E1,5.848480463E-1,1.917534471E-1,1.789698899E-1
1.691767163E1,5.859133005E-1,8.735434711E-2,6.178722158E-2
1.692277392E1,5.955010056E-1,-2.982831374E-2,-1.811004728E-1
1.692786481E1,5.315831900E-1,-6.924430281E-2,-3.653968573E-1
1.693291486E1,4.708612561E-1,-1.491415687E-2,-3.131972849E-1
1.693802200E1,4.506205916E-1,1.491415687E-2,-1.182479635E-1
1.694329528E1,4.612735808E-1,1.043990999E-1,4.580776766E-2
1.694829304E1,4.804489315E-1,1.928187460E-1,1.480762810E-1
1.695351934E1,5.017548800E-1,2.929566503E-1,1.683169156E-1
1.695823721E1,5.156037211E-1,4.175963998E-1,1.331621110E-1
1.696357742E1,5.187996030E-1,5.017548800E-1,7.350549102E-2
1.696838763E1,5.369096398E-1,5.273219943E-1,-5.326484796E-3
1.697372049E1,5.624767542E-1,4.996242523E-1,-1.097255871E-1
1.697854133E1,5.614115000E-1,4.005516469E-1,-2.279735506E-1
1.698365976E1,5.294525623E-1,2.237123549E-1,-3.355685472E-1
1.698872768E1,4.740571380E-1,6.072192639E-2,-4.218575954E-1
1.699400128E1,4.122699201E-1,-3.622009605E-2,-4.761877358E-1
1.699884529E1,3.526133001E-1,-8.202786744E-2,-4.900365770E-1
1.700397133E1,3.057402074E-1,-8.309315890E-2,-4.676653445E-1
1.700907456E1,2.865648866E-1,-7.137489319E-2,-4.144005179E-1
1.701407857E1,3.068055212E-1,-4.580776766E-2,-3.632662594E-1
1.701933232E1,3.717886209E-1,-2.769771963E-2,-3.163931966E-1
1.702424144E1,4.538165033E-1,2.876301669E-2,-2.641936541E-1
1.703107716E1,5.337137580E-1,8.096256852E-2,-2.087981999E-1
1.703429435E1,5.880439281E-1,2.524753809E-1,-1.608598381E-1
1.703946524E1,6.050886512E-1,3.717886209E-1,-1.267703325E-1
1.704450117E1,6.125457287E-1,3.611356616E-1,-1.012032107E-1
1.704960717E1,6.338516474E-1,3.376991153E-1,-5.965662748E-2
1.705455128E1,6.700717807E-1,3.057402074E-1,-1.171826664E-2
1.705986529E1,7.254672050E-1,3.366338313E-1,1.384885982E-2
1.706478894E1,7.755361795E-1,3.984210491E-1,1.491415687E-2
1.706989113E1,8.042991757E-1,4.452941120E-1,1.171826664E-2
1.707500509E1,8.085603714E-1,4.676653445E-1,2.876301669E-2
1.708016863E1,8.138868809E-1,4.623388648E-1,5.752603337E-2
1.708499800E1,8.213439584E-1,4.229228795E-1,7.030959427E-2
1.709016707E1,8.266704082E-1,3.568744659E-1,6.178722158E-2
1.709520155E1,8.021686077E-1,2.716507316E-1,3.941598535E-2
1.710034290E1,7.339895964E-1,1.725780964E-1,9.587672539E-3
1.710547670E1,6.402434707E-1,2.386265099E-1,-3.195890784E-2
1.711041394E1,5.124078393E-1,4.080087245E-1,-8.309315890E-2
1.711546170E1,3.813762963E-1,4.442288280E-1,-1.363580078E-1
1.712057696E1,2.695201337E-1,4.080087245E-1,-1.864269674E-1
1.712570957E1,1.597945392E-1,3.515479863E-1,-2.343653291E-1
1.713070738E1,4.154657945E-2,2.546059787E-1,-2.833689749E-1
1.713578113E1,-3.728539124E-2,1.896228492E-1,-3.419603109E-1
1.714087442E1,-7.350549102E-2,2.237123549E-1,-4.090740085E-1
1.714589838E1,-9.374613315E-2,2.759118974E-1,-4.559471011E-1
1.715116009E1,-1.320968270E-1,1.992105246E-1,-4.772530198E-1
1.715611213E1,-1.693822145E-1,4.474247247E-2,-4.868406951E-1
1.716133832E1,-1.747086942E-1,-9.800732136E-2,-4.676653445E-1
1.716612760E1,-1.427497864E-1,-1.992105246E-1,-4.229228795E-1
1.717137822E1,-1.086602882E-1,-2.450182885E-1,-3.909639716E-1
1.717633327E1,-1.012032107E-1,-2.759118974E-1,-3.824416101E-1
1.718156390E1,-1.139867753E-1,-2.950872481E-1,-4.175963998E-1
1.718647890E1,-1.139867753E-1,-2.940219641E-1,-4.793836176E-1
1.719159218E1,-1.150520667E-1,-2.876301706E-1,-5.187996030E-1
1.719664140E1,-1.075949892E-1,-2.908260524E-1,-5.528891087E-1
1.720190749E1,-9.268083423E-2,-2.950872481E-1,-6.029580832E-1
1.720673239E1,-9.800732136E-2,-3.025443256E-1,-6.636800170E-1
1.721180411E1,-1.299662292E-1,-2.823036909E-1,-7.361201644E-1
1.721684385E1,-1.768392920E-1,-2.205164731E-1,-8.256051540E-1
1.722205692E1,-2.311694324E-1,-1.065296903E-1,-9.491795897E-1
1.722704812E1,-2.844342887E-1,-7.457078435E-3,-1.072754025E0
1.723210739E1,-3.376991153E-1,3.835069016E-2,-1.176087856E0
1.723730182E1,-3.717886209E-1,7.137489319E-2,-1.259181023E0
1.724234172E1,-4.005516469E-1,9.055023640E-2,-1.327360034E0
1.724733266E1,-4.335758388E-1,1.161173657E-1,-1.389147162E0
1.725244458E1,-4.857754111E-1,1.565986425E-1,-1.444542646E0
1.725753281E1,-5.646073818E-1,2.194511741E-1,-1.503134012E0
1.726260599E1,-6.647452712E-1,3.014790416E-1,-1.555333495E0
1.726773110E1,-7.680791020E-1,4.026822448E-1,-1.613924861E0
1.727277740E1,-8.724781871E-1,5.209302306E-1,-1.675712109E0
1.727803703E1,-9.694201946E-1,6.487658620E-1,-1.721519828E0
1.728302438E1,-1.070623398E0,7.797973752E-1,-1.736433983E0
1.728799927E1,-1.169696093E0,9.236124158E-1,-1.733238101E0
1.729305422E1,-1.263442159E0,1.051448107E0,-1.735368729E0
1.729801438E1,-1.353992462E0,1.168630719E0,-1.753478765E0
1.730322000E1,-1.439216137E0,1.251723886E0,-1.782241821E0
1.730782188E1,-1.511656404E0,1.192067266E0,-1.817396522E0
1.731326782E1,-1.552137613E0,1.090864062E0,-1.862138987E0
1.731832527E1,-1.569182396E0,1.108974099E0,-1.931383371E0
1.732347943E1,-1.555333495E0,1.182479620E0,-2.007019520E0
1.732845110E1,-1.511656404E0,1.198459029E0,-2.068806648E0
1.733360329E1,-1.434955001E0,1.154781938E0,-2.111418486E0
1.733854600E1,-1.324164033E0,1.085537553E0,-2.134855032E0
1.734379334E1,-1.184610248E0,9.800731540E-1,-2.134855032E0
1.734883116E1,-1.021619797E0,8.383886814E-1,-2.125267506E0
1.735394657E1,-8.383886814E-1,6.881818175E-1,-2.114614487E0
1.735900324E1,-6.477005482E-1,5.305178761E-1,-2.097569704E0
1.736401772E1,-4.538165033E-1,3.994863629E-1,-2.065610647E0
1.736903371E1,-2.812383771E-1,3.345032334E-1,-2.032586575E0
1.737410986E1,-1.331621110E-1,3.483521044E-1,-2.000627756E0
1.737920767E1,-1.704475097E-2,4.186616838E-1,-1.981452346E0
1.738454668E1,8.096256852E-2,5.060160160E-1,-1.964407563E0
1.738958491E1,1.747086942E-1,5.795215368E-1,-1.943101645E0
1.739446168E1,2.673895359E-1,6.317210793E-1,-1.926056862E0
1.739944772E1,3.472867906E-1,6.466352344E-1,-1.917534471E0
1.740454710E1,4.122699201E-1,6.040233374E-1,-1.909012079E0
1.740968918E1,4.570123851E-1,5.060160160E-1,-1.903685570E0
1.741481074E1,4.857754111E-1,3.781804144E-1,-1.902620316E0
1.741974887E1,4.900365770E-1,2.333000302E-1,-1.900489688E0
1.742455043E1,4.719265401E-1,8.096256852E-2,-1.894097924E0
1.742989778E1,4.410329461E-1,-8.841964602E-2,-1.862138987E0
1.743496523E1,4.090740085E-1,-2.695201337E-1,-1.811004758E0
1.744007866E1,3.771151006E-1,-4.399676323E-1,-1.749217510E0
1.744511158E1,3.419603109E-1,-5.848480463E-1,-1.676777363E0
1.745020288E1,3.046749234E-1,-6.988347769E-1,-1.606467724E0
1.745534554E1,2.695201337E-1,-7.883197069E-1,-1.548941731E0
1.746038934E1,2.386265099E-1,-8.586293459E-1,-1.509525776E0
1.746551106E1,2.056023031E-1,-9.076330066E-1,-1.485023975E0
1.747071716E1,1.747086942E-1,-9.417225122E-1,-1.469044447E0
1.747561330E1,1.448803842E-1,-9.651589990E-1,-1.458391547E0
1.748064752E1,1.075949892E-1,-9.672896266E-1,-1.445607901E0
1.748571049E1,6.711370498E-2,-9.513101578E-1,-1.430693746E0
1.749079185E1,2.237123623E-2,-9.161553383E-1,-1.411518455E0
1.749596008E1,-2.450183034E-2,-8.639557958E-1,-1.388081908E0
1.750081044E1,-5.752603337E-2,-7.819279432E-1,-1.362514734E0
1.750594169E1,-7.883197069E-2,-6.732676625E-1,-1.334817052E0
1.751106076E1,-9.587672353E-2,-5.507585406E-1,-1.306053996E0
1.751613914E1,-1.086602882E-1,-4.165311158E-1,-1.269833922E0
1.752121112E1,-1.267703325E-1,-2.854995728E-1,-1.234679103E0
1.752645888E1,-1.502068639E-1,-1.693822145E-1,-1.197393775E0
1.753132529E1,-1.768392920E-1,-7.244019210E-2,-1.165434837E0
1.753648149E1,-2.087981999E-1,-4.261187743E-3,-1.144128919E0
1.754145420E1,-2.418224066E-1,3.941598535E-2,-1.124953508E0
1.754656852E1,-2.812383771E-1,5.752603337E-2,-1.112169981E0
1.755163946E1,-3.249155581E-1,5.433014408E-2,-1.113235354E0
1.755670430E1,-3.739192188E-1,1.811004803E-2,-1.094059944E0
1.756178670E1,-4.144005179E-1,-4.261187837E-2,-1.058905125E0
1.756723529E1,-4.538165033E-1,-1.129214764E-1,-1.015228033E0
1.757192477E1,-4.900365770E-1,-1.885575503E-1,-9.619631171E-1
1.757837951E1,-5.177342892E-1,-2.620630562E-1,-9.086982608E-1
1.758218180E1,-5.411708355E-1,-3.217196763E-1,-8.628905416E-1
1.758715269E1,-5.656726956E-1,-3.611356616E-1,-8.234745264E-1
1.759222639E1,-5.837827325E-1,-3.717886209E-1,-7.936462164E-1
1.759696649E1,-5.912398100E-1,-3.483521044E-1,-7.648832202E-1
1.760232576E1,-5.923051238E-1,-2.886954844E-1,-7.339895964E-1
1.760764878E1,-5.827174187E-1,-2.024064213E-1,-6.967042089E-1
1.761245691E1,-5.667379498E-1,-9.481142461E-2,-6.402434707E-1
1.761789316E1,-5.454320312E-1,3.302420676E-2,-5.763256550E-1
1.762269493E1,-5.379749537E-1,1.480762810E-1,-5.070813298E-1
1.762768623E1,-5.411708355E-1,2.546059787E-1,-4.207922816E-1
1.763267342E1,-5.326484442E-1,3.845722079E-1,-3.281114697E-1
1.763789186E1,-5.187996030E-1,5.166690350E-1,-2.514100671E-1
1.764285650E1,-5.038854480E-1,6.125457287E-1,-1.970799267E-1
1.764821118E1,-4.889712930E-1,6.466352344E-1,-1.629904360E-1
1.765301155E1,-4.655347466E-1,6.423740387E-1,-1.480762810E-1
1.765832176E1,-4.378370345E-1,6.072192788E-1,-1.395539045E-1
1.766317692E1,-4.186616838E-1,5.315831900E-1,-1.352927089E-1
1.766847348E1,-4.165311158E-1,4.250534773E-1,-1.299662292E-1
1.767327515E1,-4.357064366E-1,3.046749234E-1,-1.320968270E-1
1.767841968E1,-4.708612561E-1,1.853616685E-1,-1.363580078E-1
1.768344135E1,-5.198649168E-1,7.030959427E-2,-1.448803842E-1
1.768868249E1,-5.731297731E-1,-2.876301669E-2,-1.470109820E-1
1.769359984E1,-6.157416105E-1,-1.043990999E-1,-1.374233067E-1
1.769875848E1,-6.423740387E-1,-1.470109820E-1,-1.214438528E-1
1.770369739E1,-6.551576257E-1,-1.534027606E-1,-9.587672353E-2
1.770886827E1,-6.604840755E-1,-1.278356314E-1,-6.817900389E-2
1.771391874E1,-6.423740387E-1,-6.604841352E-2,-5.646073818E-2
1.771901161E1,-5.912398100E-1,3.195890784E-2,-7.457078248E-2
1.772399093E1,-5.113425255E-1,1.864269674E-1,-1.065296903E-1
1.772914666E1,-4.314452708E-1,3.100014031E-1,-1.310315281E-1
1.773417479E1,-3.302420378E-1,4.303799570E-1,-1.289009303E-1
1.773932307E1,-1.992105246E-1,5.550196767E-1,-9.481142461E-2
1.774431953E1,-6.817900389E-2,6.295905113E-1,-5.646073818E-2
1.774952187E1,4.474247247E-2,6.732676625E-1,-1.491415687E-2
1.775450734E1,1.257050335E-1,7.137489319E-1,5.326484516E-2
1.775958708E1,1.320968270E-1,6.743329763E-1,1.299662292E-1
1.776465620E1,9.268083423E-2,6.189374924E-1,1.491415650E-1
1.776988489E1,8.841964602E-2,6.530269980E-1,1.097255871E-1
1.777470854E1,1.033338010E-1,6.892471313E-1,6.178722158E-2
1.778007073E1,9.907261282E-2,6.466352344E-1,-1.917534508E-2
1.778490474E1,8.415845782E-2,5.315831900E-1,-1.161173657E-1
1.779000568E1,8.096256852E-2,4.016169310E-1,-1.917534471E-1
1.779500485E1,9.694202244E-2,3.323726356E-1,-2.503447831E-1
1.780011630E1,1.523374617E-1,3.451561928E-1,-2.908260524E-1
1.780517078E1,2.578018606E-1,4.335758388E-1,-2.801730931E-1
1.781025761E1,3.867027760E-1,6.008274555E-1,-1.960146427E-1
1.781543250E1,4.761877358E-1,7.520996332E-1,-1.129214764E-1
1.782057745E1,5.475625992E-1,9.097635746E-1,-2.450183034E-2
1.782515105E1,6.551576257E-1,1.138802409E0,6.924430281E-2
1.783064188E1,7.425119877E-1,1.308184624E0,2.183858752E-1
1.783552761E1,7.883197069E-1,1.376363635E0,3.930945694E-1
1.784066120E1,8.000379801E-1,1.378494263E0,5.177342892E-1
1.784568938E1,8.213439584E-1,1.297531724E0,5.603461862E-1
1.785089068E1,9.033718109E-1,1.126018882E0,5.070813298E-1
1.785584490E1,1.037599206E0,8.746087551E-1,4.122699201E-1
1.786095662E1,1.192067266E0,5.901744962E-1,3.568744659E-1
1.786619527E1,1.307119370E0,3.195890784E-1,3.238502741E-1
1.787112194E1,1.371037126E0,1.118561774E-1,2.503447831E-1
1.787617553E1,1.428563237E0,-2.876301669E-2,1.448803842E-1
1.788146037E1,1.494611621E0,-1.459456831E-1,5.965662748E-2
1.788625444E1,1.552137613E0,-2.482141852E-1,8.522375487E-3
1.789164694E1,1.596880078E0,-3.206543922E-1,-1.811004803E-2
1.789650157E1,1.644818425E0,-3.238502741E-1,-2.556712553E-2
1.790158006E1,1.691691518E0,-2.620630562E-1,-2.556712553E-2
1.790671465E1,1.735368729E0,-1.693822145E-1,-3.302420676E-2
1.791179408E1,1.760935783E0,-7.989726961E-2,-5.006895587E-2
1.791675892E1,1.770523548E0,-1.065296936E-3,-6.924430281E-2
1.792183960E1,1.770523548E0,7.670138031E-2,-8.841964602E-2
1.792698262E1,1.764131784E0,1.406191885E-1,-1.171826646E-1
1.793202309E1,1.751348138E0,1.832310706E-1,-1.512721628E-1
1.793712595E1,1.726846337E0,2.066676021E-1,-1.874922663E-1
1.794209048E1,1.699148655E0,2.024064213E-1,-2.247776538E-1
1.794679637E1,1.666124463E0,1.811004728E-1,-2.609977424E-1
1.795226283E1,1.628839016E0,1.470109820E-1,-2.929566503E-1
1.795731611E1,1.595814824E0,1.118561774E-1,-3.121320009E-1
1.796251413E1,1.570247650E0,7.776667923E-2,-3.174584806E-1
1.796739137E1,1.550006986E0,3.835069016E-2,-3.057402074E-1
1.797262231E1,1.525505185E0,6.391781382E-3,-2.588671446E-1
1.797757247E1,1.491415739E0,-5.326484796E-3,-1.779045910E-1
1.798268768E1,1.450934410E0,2.343653329E-2,-6.285251677E-2
1.798777518E1,1.404061317E0,6.711370498E-2,5.539543927E-2
1.799284205E1,1.336947680E0,8.948494494E-2,1.597945392E-1
1.799790872E1,1.259181023E0,6.711370498E-2,2.386265099E-1
1.800301898E1,1.172891974E0,-8.522375487E-3,3.036096394E-1
1.800811888E1,1.078080535E0,-1.406191885E-1,3.664621413E-1
1.801318528E1,9.843343496E-1,-3.302420378E-1,4.293146729E-1
1.801809950E1,8.916535378E-1,-5.454320312E-1,4.815142155E-1
1.802327966E1,8.074950576E-1,-7.766014934E-1,5.209302306E-1
1.802824424E1,7.414466739E-1,-1.009901524E0,5.486279130E-1
1.803345273E1,6.945735812E-1,-1.215503812E0,5.603461862E-1
1.803837664E1,6.668758988E-1,-1.376363635E0,5.646073818E-1
1.804326357E1,6.711370945E-1,-1.477566838E0,5.635420680E-1
1.804855581E1,7.180101275E-1,-1.506329894E0,5.624767542E-1
1.805373471E1,8.128215671E-1,-1.442412019E0,5.614115000E-1
1.805883878E1,9.608978629E-1,-1.267703295E0,5.550196767E-1
1.806380461E1,1.179283738E0,-9.651589990E-1,5.422361493E-1
1.806881894E1,1.453065038E0,-5.709991455E-1,5.571503043E-1
1.807417118E1,1.770523548E0,-9.481142461E-2,6.274598837E-1
1.807900112E1,2.133789778E0,4.974936545E-1,7.265325189E-1
1.808416904E1,2.553516865E0,1.292205215E0,8.543681502E-1
1.808909847E1,2.994549751E0,2.231796980E0,1.043990970E0
1.809423628E1,3.400427818E0,3.161801338E0,1.257050395E0
1.809927201E1,3.737061739E0,3.973557472E0,1.423236728E0
1.810446930E1,4.003386021E0,4.603147984E0,1.522309303E0
1.810940285E1,4.195139408E0,4.962152958E0,1.586227179E0
1.811454134E1,4.301669121E0,5.182669640E0,1.563855886E0
1.811972519E1,4.330431938E0,5.221020222E0,1.457326174E0
1.812469779E1,4.271840572E0,5.033527851E0,1.319902897E0
1.812970061E1,4.100327969E0,4.716069698E0,1.165434837E0
1.813481227E1,3.827611923E0,4.293146610E0,9.822037816E-1
1.813985780E1,3.469672203E0,3.754106283E0,7.883197069E-1
1.814499207E1,3.074446917E0,3.157540083E0,6.008274555E-1
1.815004696E1,2.656850576E0,2.563104391E0,4.389023483E-1
1.815508957E1,2.213686943E0,1.989974618E0,3.185237944E-1
1.816012796E1,1.766262293E0,1.479697466E0,2.354306281E-1
1.816495587E1,1.320968151E0,9.896608591E-1,1.523374617E-1
1.817024671E1,8.575640321E-1,4.751224220E-1,3.622009605E-2
1.817543421E1,3.771151006E-1,-2.450183034E-2,-9.374613315E-2
1.818050540E1,-1.065296903E-1,-4.058781266E-1,-2.162552774E-1
1.818588145E1,-5.667379498E-1,-6.445046663E-1,-3.195890784E-1
1.819052739E1,-9.928567410E-1,-7.819279432E-1,-4.080087245E-1
1.819566624E1,-1.377428889E0,-8.660864234E-1,-5.081466436E-1
1.820079457E1,-1.724715710E0,-9.332001209E-1,-6.082845330E-1
1.820579442E1,-2.032586575E0,-1.008836150E0,-7.009654045E-1
1.821086780E1,-2.292519093E0,-1.081276417E0,-7.787320614E-1
1.821595067E1,-2.499186516E0,-1.157977819E0,-8.362581134E-1
1.822100781E1,-2.655785322E0,-1.247462749E0,-8.692823052E-1
1.822620343E1,-2.762315035E0,-1.353992462E0,-8.831311464E-1
1.823126988E1,-2.831559181E0,-1.465848565E0,-8.863270283E-1
1.823624286E1,-2.865648746E0,-1.563855886E0,-8.916535378E-1
1.824137635E1,-2.866714001E0,-1.633100152E0,-8.905882239E-1
1.824643312E1,-2.836885691E0,-1.662928462E0,-8.778046966E-1
1.825160697E1,-2.768706799E0,-1.662928462E0,-8.575640321E-1
1.825653578E1,-2.662177086E0,-1.637361407E0,-8.288010359E-1
1.826163401E1,-2.527949572E0,-1.567051768E0,-8.149521351E-1
1.826683765E1,-2.385199785E0,-1.479697466E0,-8.479763865E-1
1.827166734E1,-2.234992981E0,-1.436020255E0,-9.001759291E-1
1.827686114E1,-2.062414885E0,-1.423236728E0,-9.300042391E-1
1.828148156E1,-1.853616714E0,-1.374233007E0,-9.118942022E-1
1.828692729E1,-1.616055489E0,-1.266638041E0,-8.799352646E-1
1.829210901E1,-1.361449480E0,-1.122823000E0,-8.341274858E-1
1.829725057E1,-1.074884653E0,-9.342654347E-1,-7.691444159E-1
1.830213839E1,-7.584913969E-1,-7.009654045E-1,-6.732676625E-1
1.830721130E1,-4.261187613E-1,-4.410329461E-1,-5.603461862E-1
1.831224636E1,-9.374613315E-2,-1.651210189E-1,-4.857754111E-1
1.831738521E1,2.311694324E-1,1.054643989E-1,-4.570123851E-1
1.832242114E1,5.283873081E-1,3.217196763E-1,-4.442288280E-1
1.832751979E1,7.840585709E-1,4.655347466E-1,-4.293146729E-1
1.833294454E1,1.009901524E0,5.965662599E-1,-4.037475288E-1
1.833768808E1,1.211242557E0,7.457078695E-1,-3.941598535E-1
1.834272750E1,1.378494263E0,8.756740689E-1,-4.165311158E-1
1.834782698E1,1.518048167E0,9.630284309E-1,-4.420982301E-1
1.835302933E1,1.641622543E0,1.039729834E0,-4.708612561E-1
1.835795339E1,1.747087002E0,1.101517081E0,-5.145384073E-1
1.836300719E1,1.818461895E0,1.136671782E0,-5.571503043E-1
1.836819146E1,1.879183769E0,1.193132520E0,-5.805868506E-1
1.837317594E1,1.931383371E0,1.270899296E0,-5.848480463E-1
1.837830532E1,1.976125836E0,1.353992462E0,-6.029580832E-1
1.838355782E1,1.996366501E0,1.397669554E0,-6.349169612E-1
1.838834985E1,2.010215282E0,1.418975472E0,-6.413087845E-1
1.839344017E1,2.027260065E0,1.421106100E0,-6.317210793E-1
1.839817418E1,2.057088375E0,1.390212536E0,-6.136110425E-1
1.840363282E1,2.069871902E0,1.366775990E0,-6.327863932E-1
1.840874371E1,1.996366501E0,1.306053996E0,-7.190754414E-1
1.841365850E1,1.853616714E0,1.152651310E0,-8.128215671E-1
1.841879230E1,1.721519828E0,9.449183941E-1,-8.192133307E-1
1.842390720E1,1.633100152E0,9.822037816E-1,-7.307937145E-1
1.842895324E1,1.525505185E0,1.115365863E0,-6.455699205E-1
1.843397293E1,1.402996063E0,1.273029804E0,-5.923051238E-1
1.843921163E1,1.297531724E0,1.349731207E0,-5.699338317E-1
1.844431731E1,1.179283738E0,1.287943959E0,-5.699338317E-1
1.844947158E1,1.065296888E0,1.147324800E0,-5.709991455E-1
1.845433892E1,9.715508223E-1,1.016293287E0,-5.763256550E-1
1.845939007E1,8.724781871E-1,8.916535378E-1,-6.008274555E-1
1.846442627E1,7.702096701E-1,7.584913969E-1,-6.508964300E-1
1.846959856E1,6.881818175E-1,6.317210793E-1,-7.180101275E-1
1.847450585E1,6.295905113E-1,5.379749537E-1,-7.797973752E-1
1.847988778E1,5.923051238E-1,4.804489315E-1,-8.224092126E-1
1.848471632E1,5.731297731E-1,4.623388648E-1,-8.490416408E-1
1.848986017E1,5.603461862E-1,4.772530198E-1,-8.735435009E-1
1.849480231E1,5.507585406E-1,4.697959423E-1,-9.055023789E-1
1.850000242E1,5.390402675E-1,3.760498166E-1,-9.491795897E-1
1.850495002E1,4.548817873E-1,4.580776766E-2,-1.085537553E0
1.851023835E1,2.226470560E-1,-7.233366370E-1,-1.394473672E0
1.851513695E1,-1.640557349E-1,-1.874922633E0,-1.697018027E0
1.852025117E1,-3.195890784E-1,-2.376677513E0,-1.457326174E0
1.852547825E1,-1.171826664E-2,-1.552137613E0,-9.843343496E-1
1.853053330E1,3.345032334E-1,-2.663242221E-1,-7.691444159E-1
1.853549987E1,6.295905113E-1,6.935083270E-1,-7.499690652E-1
1.854062466E1,8.351927996E-1,9.204165339E-1,-9.385265708E-1
1.854561409E1,7.531649470E-1,2.748466134E-1,-1.351861835E0
1.855070560E1,6.626147032E-1,-3.323726356E-1,-1.474370956E0
1.855575372E1,7.595567107E-1,-1.960146427E-1,-1.324164033E0
1.856076971E1,7.947115302E-1,2.716507316E-1,-1.218699694E0
1.856580232E1,8.106909394E-1,6.519617438E-1,-1.144128919E0
1.857096883E1,8.650211096E-1,8.362581134E-1,-1.114300609E0
1.857598279E1,8.873923421E-1,7.989727259E-1,-1.129214764E0
1.858110180E1,8.511722684E-1,6.253293157E-1,-1.205916166E0
1.858608951E1,7.627525926E-1,3.835068941E-1,-1.339078307E0
1.859131680E1,5.656726956E-1,-1.001379117E-1,-1.573443532E0
1.859633576E1,2.407571077E-1,-9.523754716E-1,-2.060284376E0
1.860139821E1,3.622009605E-2,-1.727911592E0,-2.242449999E0
1.860639112E1,1.395539045E-1,-1.821657777E0,-2.113549232E0
1.861158790E1,5.049507618E-1,-1.002444386E0,-1.881314397E0
1.861660524E1,9.172206521E-1,1.608598381E-1,-1.515917540E0
1.862174399E1,1.285813451E0,1.075949907E0,-1.210177302E0
1.862665274E1,1.472240329E0,1.400865436E0,-1.082341671E0
1.863189170E1,1.506329894E0,1.146259546E0,-1.066362262E0
1.863678967E1,1.487154484E0,7.116183639E-1,-1.070623398E0
1.864193269E1,1.413649082E0,4.048128426E-1,-1.108974099E0
1.864717748E1,1.284748077E0,2.524753809E-1,-1.168630719E0
1.865211931E1,1.122823000E0,1.470109820E-1,-1.204850793E0
1.865726957E1,9.598325491E-1,5.219954997E-2,-1.221895576E0
1.866248951E1,8.021686077E-1,-9.587672539E-3,-1.245332122E0
1.866737284E1,6.498311162E-1,-3.089361079E-2,-1.277291059E0
1.867234295E1,3.941598535E-1,-3.803110123E-1,-1.302858114E0
1.867718400E1,-2.162552774E-1,-1.475436211E0,-1.703409791E0
1.868259894E1,-7.989727259E-1,-2.552451372E0,-2.453378916E0
1.868759223E1,-1.658667326E0,-4.530707836E0,-2.350044966E0
1.869266296E1,-2.245646000E0,-5.829304695E0,-1.979321718E0
1.869769327E1,-2.157226324E0,-5.331810951E0,-1.670385599E0
1.870279431E1,-1.679973245E0,-3.427060127E0,-1.331621170E0
1.870785530E1,-1.220830321E0,-1.586227179E0,-1.052513361E0
1.871295843E1,-8.288010359E-1,-2.759118974E-1,-8.362581134E-1
1.871799369E1,-4.112046063E-1,5.837827325E-1,-7.968420982E-1
1.872310655E1,-5.433014408E-2,9.960526228E-1,-9.118942022E-1
1.872816197E1,1.789698899E-1,1.009901524E0,-1.094059944E0
1.873335963E1,3.046749234E-1,7.691444159E-1,-1.278356314E0
1.873823640E1,3.451561928E-1,5.049507618E-1,-1.406191945E0
1.874354921E1,3.302420378E-1,3.877680898E-1,-1.450934410E0
1.874858514E1,2.908260524E-1,4.122699201E-1,-1.397669554E0
1.875347176E1,2.290388346E-1,4.889712930E-1,-1.266638041E0
1.875850859E1,1.182479635E-1,5.528891087E-1,-1.089798808E0
1.876369192E1,-4.261187837E-2,5.944356918E-1,-8.969800472E-1
1.876876843E1,-2.578018606E-1,6.072192788E-1,-7.041612864E-1
1.877391026E1,-5.177342892E-1,5.145384073E-1,-5.390402675E-1
1.877880494E1,-7.915156484E-1,3.100014031E-1,-4.154658020E-1
1.878398666E1,-1.021619797E0,2.130593872E-3,-2.396918088E-1
1.878895385E1,-1.216569066E0,-2.791078091E-1,-4.687306657E-2
1.879431401E1,-1.395539045E0,-4.932324886E-1,7.883197069E-2
1.879908880E1,-1.574508905E0,-5.859133005E-1,1.448803842E-1
1.880418067E1,-1.725781083E0,-5.784562230E-1,1.619251370E-1
1.880923469E1,-1.840833068E0,-5.028201342E-1,1.576639414E-1
1.881437458E1,-1.927122116E0,-4.229228795E-1,1.310315281E-1
1.881934490E1,-1.970799327E0,-3.462215066E-1,6.285251677E-2
1.882451562E1,-2.027260065E0,-2.748466134E-1,-8.522375487E-3
1.882962172E1,-2.131659269E0,-1.938840449E-1,-9.907261282E-2
1.883473760E1,-2.250972509E0,-1.661863178E-1,-2.205164731E-1
1.883970245E1,-2.355371475E0,-1.885575503E-1,-3.515479863E-1
1.884490229E1,-2.482141972E0,-1.981452256E-1,-4.815142155E-1
1.885015521E1,-2.603585720E0,-2.396918088E-1,-6.210681200E-1
1.885512427E1,-2.639805794E0,-3.345032334E-1,-7.670137882E-1
1.885996954E1,-2.599324465E0,-4.112046063E-1,-8.905882239E-1
1.886519073E1,-2.454444170E0,-5.326484442E-1,-9.406571984E-1
1.887024214E1,-2.282931328E0,-6.626147032E-1,-9.118942022E-1
1.887537865E1,-2.140181541E0,-7.190754414E-1,-8.341274858E-1
1.888034313E1,-1.952689290E0,-7.435772419E-1,-6.956388950E-1
1.888545407E1,-1.738564610E0,-7.808626294E-1,-5.582156181E-1
1.889043490E1,-1.511656404E0,-7.659484744E-1,-4.751224220E-1
1.889553079E1,-1.265572786E0,-6.146763563E-1,-4.644694626E-1
1.890057746E1,-1.026946187E0,-3.632662594E-1,-5.219954848E-1
1.890569449E1,-8.458457589E-1,-1.171826646E-1,-5.837827325E-1
1.891067542E1,-7.052266002E-1,8.522375673E-2,-6.285251975E-1
1.891577381E1,-5.869786143E-1,3.153278828E-1,-6.636800170E-1
1.892095537E1,-4.751224220E-1,5.859133005E-1,-6.732676625E-1
1.892591553E1,-3.590050638E-1,8.788699508E-1,-6.487658620E-1
1.893101366E1,-2.290388346E-1,1.164369583E0,-5.891091824E-1
1.893610616E1,-1.012032107E-1,1.391277790E0,-5.070813298E-1
1.894107548E1,9.587672539E-3,1.526570559E0,-4.250534773E-1
1.894626131E1,9.268083423E-2,1.552137613E0,-3.440909088E-1
1.895130387E1,1.438150853E-1,1.467979193E0,-2.652589381E-1
1.895642230E1,1.949493438E-1,1.318837643E0,-1.853616685E-1
1.896145392E1,2.301041335E-1,1.143063664E0,-1.171826646E-1
1.896654553E1,2.386265099E-1,9.928567410E-1,-7.989726961E-2
1.897154705E1,2.428877056E-1,8.618252277E-1,-6.498311460E-2
1.897678439E1,2.578018606E-1,7.520996332E-1,-6.391781569E-2
1.898169017E1,2.833689749E-1,6.743329763E-1,-6.498311460E-2
1.898865934E1,3.110667169E-1,6.285251975E-1,-5.113425106E-2
1.899191122E1,3.419603109E-1,6.168069243E-1,-3.622009605E-2
1.899701637E1,3.728539348E-1,6.338516474E-1,-7.457078435E-3
1.900197226E1,4.005516469E-1,6.690064669E-1,3.728539124E-2
1.900707757E1,4.282493591E-1,7.244018912E-1,1.001379117E-1
1.901174742E1,4.548817873E-1,7.915156484E-1,1.704475135E-1
1.901724596E1,4.847100973E-1,8.671516776E-1,2.333000302E-1
1.902234950E1,5.134730935E-1,9.566366673E-1,2.929566503E-1
1.902733356E1,5.369096398E-1,1.038664460E0,3.419603109E-1
1.903250210E1,5.486279130E-1,1.104712963E0,3.771151006E-1
1.903752997E1,5.433014631E-1,1.148390055E0,3.867027760E-1
1.904257231E1,5.305178761E-1,1.143063664E0,3.760498166E-1
1.904766278E1,5.017548800E-1,1.059970498E0,3.526133001E-1
1.905270914E1,4.708612561E-1,9.758120179E-1,3.206543922E-1
1.905782304E1,4.634041786E-1,1.039729834E0,2.812383771E-1
1.906276659E1,4.538165033E-1,1.064231634E0,2.578018606E-1
1.906793961E1,4.719265401E-1,1.045056343E0,2.460835874E-1
1.907312185E1,5.102772117E-1,9.949873090E-1,2.471488863E-1
1.907806596E1,5.518237948E-1,9.193512797E-1,2.471488863E-1
1.908320258E1,5.784562230E-1,8.607599139E-1,2.514100671E-1
1.908821773E1,6.114804149E-1,7.947115302E-1,2.844342887E-1
1.909326789E1,6.466352344E-1,7.286630869E-1,3.227849603E-1
1.909841044E1,6.690064669E-1,6.892471313E-1,3.451561928E-1
1.910350237E1,6.796594262E-1,6.551576257E-1,3.302420378E-1
1.910857034E1,6.881818175E-1,5.848480463E-1,2.950872481E-1
1.911352612E1,6.945735812E-1,5.006895661E-1,2.737812996E-1
1.911884492E1,6.999000907E-1,4.506205916E-1,2.716507316E-1
1.912380404E1,7.052266002E-1,4.410329461E-1,2.812383771E-1
1.912883998E1,7.073571682E-1,4.559471011E-1,3.025443256E-1
1.913378305E1,7.020306587E-1,4.761877358E-1,3.323726356E-1
1.913889284E1,6.871165037E-1,4.879060090E-1,3.462215066E-1
1.914411003E1,6.668758988E-1,4.687306583E-1,3.579397798E-1
1.914907165E1,6.327863932E-1,4.207922816E-1,3.643315434E-1
1.915410050E1,5.944356918E-1,3.653968573E-1,3.558091819E-1
1.915934675E1,5.603461862E-1,3.227849603E-1,3.185237944E-1
1.916425967E1,5.358443856E-1,2.737812996E-1,2.535406649E-1
1.916942425E1,5.283873081E-1,2.109287977E-1,1.736433953E-1
1.917433899E1,5.198649168E-1,1.565986425E-1,7.563608140E-2
1.917946425E1,4.868406951E-1,1.054643989E-1,-1.597945392E-2
1.918420712E1,4.346411526E-1,4.793836176E-2,-7.350549102E-2
1.918960910E1,3.749845326E-1,-4.154657945E-2,-1.033338010E-1
1.919469905E1,3.110667169E-1,-1.374233067E-1,-1.235744432E-1
1.919984894E1,2.524753809E-1,-2.279735506E-1,-1.597945392E-1
1.920478207E1,1.992105246E-1,-3.185237944E-1,-2.034717202E-1
1.921027066E1,1.459456831E-1,-3.973557651E-1,-2.514100671E-1
1.921513572E1,9.268083423E-2,-4.602082670E-1,-2.961525619E-1
1.922003754E1,3.728539124E-2,-5.049507618E-1,-3.185237944E-1
1.922504301E1,-1.491415687E-2,-4.953630865E-1,-3.345032334E-1
1.923020915E1,-5.965662748E-2,-4.687306583E-1,-3.515479863E-1
1.923524166E1,-8.096256852E-2,-4.868406951E-1,-3.813762963E-1
1.924033488E1,-1.203785539E-1,-4.612735808E-1,-4.026822448E-1
1.924539947E1,-1.885575503E-1,-3.749845326E-1,-4.314452708E-1
1.925053395E1,-2.418224066E-1,-3.504827023E-1,-4.879060090E-1
1.925553400E1,-3.089361191E-1,-3.419603109E-1,-5.358443856E-1
1.926100874E1,-3.781804144E-1,-3.494173884E-1,-5.592808723E-1
1.926565156E1,-4.495553076E-1,-3.771151006E-1,-5.731297731E-1
1.927082051E1,-5.017548800E-1,-3.813762963E-1,-5.752603412E-1
1.927579390E1,-5.283873081E-1,-3.579397798E-1,-5.614115000E-1
1.928105734E1,-5.475625992E-1,-2.641936541E-1,-5.273219943E-1
1.928604359E1,-5.315831900E-1,-1.640557349E-1,-4.974936545E-1
1.929116046E1,-5.187996030E-1,-9.587672353E-2,-4.751224220E-1
1.929611864E1,-5.070813298E-1,-5.006895587E-2,-4.719265401E-1
1.930124583E1,-5.038854480E-1,5.326484516E-2,-4.580776691E-1
1.930616703E1,-4.921671748E-1,1.502068639E-1,-4.335758388E-1
1.931152109E1,-4.772530198E-1,2.301041335E-1,-4.165311158E-1
1.931636411E1,-4.580776691E-1,2.940219641E-1,-3.909639716E-1
1.932152026E1,-3.877680898E-1,3.302420378E-1,-3.153278828E-1
1.932652208E1,-2.886954844E-1,4.026822448E-1,-2.279735506E-1
1.933182562E1,-1.683169156E-1,5.092119575E-1,-1.587292403E-1
1.933669760E1,-1.171826664E-2,5.923051238E-1,-6.817900389E-2
1.934182385E1,1.715128124E-1,6.221334338E-1,7.883197069E-2
1.934684630E1,4.207922816E-1,5.699338317E-1,3.238502741E-1
1.935196490E1,8.735435009E-1,4.016169310E-1,6.807247400E-1
1.935693990E1,1.749217510E0,-5.539543927E-2,1.147324800E0
1.936206323E1,3.325856924E0,-8.554334641E-1,1.470109820E0
1.936707282E1,4.792770863E0,-9.140247703E-1,1.151585937E0
1.937217818E1,5.700403690E0,-3.813762963E-1,7.361201644E-1
1.937721110E1,6.140371323E0,7.137489319E-2,7.457078695E-1
1.938240104E1,6.294839382E0,1.214438528E-1,9.939220548E-1
1.938738584E1,6.290578365E0,-1.065296936E-3,1.203785539E0
1.939245401E1,6.151024342E0,-1.086602882E-1,1.250658631E0
1.939761100E1,5.849545479E0,-2.237123549E-1,1.157977819E0
1.940270594E1,5.300917625E0,-2.439530045E-1,9.928567410E-1
1.940770219E1,4.586103439E0,-1.864269674E-1,7.989727259E-1
1.941279516E1,3.873419762E0,-1.065296936E-3,6.029580832E-1
1.941780057E1,3.177780867E0,3.036096394E-1,3.909639716E-1
1.942290115E1,2.480011225E0,5.294525623E-1,1.906881481E-1
1.942794537E1,1.818461895E0,6.402434707E-1,-1.491415687E-2
1.943315188E1,1.192067266E0,7.648832202E-1,-2.556712627E-1
1.943804584E1,5.273219943E-1,1.010966778E0,-5.166690350E-1
1.944338110E1,-1.448803842E-1,1.245332122E0,-7.425119877E-1
1.944823584E1,-6.136110425E-1,1.169696093E0,-8.522375226E-1
1.945341590E1,-8.841964602E-1,9.044371247E-1,-9.150900841E-1
1.945838736E1,-1.052513361E0,6.700717807E-1,-9.598325491E-1
1.946373387E1,-1.138802409E0,4.836448133E-1,-9.577019215E-1
1.946869960E1,-1.161173701E0,3.472867906E-1,-9.491795897E-1
1.947360345E1,-1.138802409E0,2.311694324E-1,-9.534407854E-1
1.947876788E1,-1.071688771E0,1.384886056E-1,-9.694201946E-1
1.948375736E1,-9.822037816E-1,6.711370498E-2,-9.939220548E-1
1.948882074E1,-9.108288884E-1,-4.261187743E-3,-1.036533952E0
1.949391527E1,-8.596946001E-1,-1.001379117E-1,-1.087668180E0
1.949889850E1,-8.330622315E-1,-1.683169156E-1,-1.127084136E0
1.950406476E1,-8.383886814E-1,-2.716507316E-1,-1.133475900E0
1.950923476E1,-8.554334641E-1,-4.303799570E-1,-1.119627118E0
1.951419413E1,-8.554334641E-1,-4.847100973E-1,-1.123888254E0
1.951922809E1,-8.841964602E-1,-4.527511895E-1,-1.173957229E0
1.952432799E1,-9.438530803E-1,-4.527511895E-1,-1.241070986E0
1.952933366E1,-9.907261729E-1,-5.241261125E-1,-1.292205215E0
1.953454325E1,-1.026946187E0,-5.912398100E-1,-1.335882306E0
1.953951606E1,-1.069558144E0,-5.848480463E-1,-1.367841244E0
1.954463606E1,-1.118561745E0,-5.273219943E-1,-1.387016654E0
1.954964669E1,-1.149455428E0,-4.623388648E-1,-1.393408418E0
1.955480908E1,-1.160108328E0,-4.218575954E-1,-1.387016654E0
1.955978799E1,-1.152651310E0,-4.122699201E-1,-1.379559517E0
1.956510205E1,-1.104712963E0,-3.803110123E-1,-1.333751798E0
1.956992971E1,-1.015228033E0,-2.311694324E-1,-1.247462749E0
1.957517315E1,-8.671516776E-1,2.024064213E-2,-1.113235354E0
1.958004185E1,-6.711370945E-1,2.929566503E-1,-9.704855084E-1
1.958536086E1,-5.113425255E-1,5.113425255E-1,-9.001759291E-1
1.959020966E1,-3.653968573E-1,6.200028062E-1,-8.511722684E-1
1.959549388E1,-2.588671446E-1,6.743329763E-1,-7.968420982E-1
1.960043435E1,-2.407571077E-1,7.201407552E-1,-7.435772419E-1
1.960550643E1,-2.705854177E-1,7.723402977E-1,-7.020306587E-1
1.961049815E1,-3.078708053E-1,8.160174489E-1,-6.913776994E-1
1.961572315E1,-3.398297131E-1,8.522375226E-1,-7.009654045E-1
1.962063643E1,-3.462215066E-1,9.417225122E-1,-7.116183639E-1
1.962573341E1,-3.398297131E-1,9.907261729E-1,-7.318589687E-1
1.963077232E1,-3.249155581E-1,9.481142759E-1,-7.670137882E-1
1.963594352E1,-2.929566503E-1,9.278736115E-1,-7.893850207E-1
1.964094560E1,-2.641936541E-1,9.651589990E-1,-7.670137882E-1
1.964610060E1,-2.258429527E-1,1.001379132E0,-6.668758988E-1
1.965110602E1,-1.874922663E-1,1.017358541E0,-5.337137580E-1
1.965621154E1,-1.779045910E-1,1.051448107E0,-4.431635141E-1
1.966125696E1,-1.608598381E-1,1.089798808E0,-3.749845326E-1
1.966635451E1,-1.427497864E-1,1.127084136E0,-3.206543922E-1
1.967160201E1,-1.448803842E-1,1.139867663E0,-2.705854177E-1
1.967655956E1,-1.629904360E-1,1.128149509E0,-2.205164731E-1
1.968114332E1,-1.811004728E-1,1.114300609E0,-1.683169156E-1
1.968689540E1,-1.874922663E-1,1.098321199E0,-1.246397421E-1
1.969187243E1,-1.928187460E-1,1.065296888E0,-8.735434711E-2
1.969679227E1,-1.970799267E-1,1.038664460E0,-4.687306657E-2
1.970182884E1,-1.896228492E-1,1.022685051E0,7.457078435E-3
1.970717462E1,-1.842963696E-1,9.651589990E-1,3.622009605E-2
1.971203780E1,-1.800351888E-1,9.172206521E-1,4.261187837E-2
1.971703535E1,-1.811004728E-1,9.161553383E-1,4.900366068E-2
1.972205525E1,-1.832310706E-1,9.044371247E-1,7.457078248E-2
1.972735379E1,-1.885575503E-1,8.788699508E-1,1.182479635E-1
1.973229665E1,-2.013411224E-1,8.564987183E-1,1.523374617E-1
1.973757493E1,-2.130593807E-1,8.074950576E-1,1.683169156E-1
1.974245098E1,-2.162552774E-1,7.755361795E-1,1.842963696E-1
1.974714306E1,-2.258429527E-1,7.723402977E-1,1.970799267E-1
1.975249671E1,-2.322347313E-1,8.192133307E-1,2.087981999E-1
1.975758379E1,-2.279735506E-1,8.586293459E-1,1.842963696E-1
1.976263134E1,-2.109287977E-1,8.831311464E-1,1.246397421E-1
1.976779848E1,-1.874922663E-1,9.758120179E-1,9.268083423E-2
1.977277530E1,-1.736433953E-1,1.065296888E0,7.350549102E-2
1.977789051E1,-1.661863178E-1,1.100451708E0,2.024064213E-2
1.978292270E1,-1.544680595E-1,1.124953508E0,-5.326484516E-2
1.978804223E1,-1.470109820E-1,1.184610248E0,-1.289009303E-1
1.979306999E1,-1.459456831E-1,1.246397376E0,-2.162552774E-1
1.979816932E1,-1.363580078E-1,1.282617569E0,-2.865648866E-1
1.980322062E1,-1.214438528E-1,1.268768668E0,-3.121320009E-1
1.980831447E1,-1.225091442E-1,1.193132520E0,-3.142625988E-1
1.981332796E1,-1.299662292E-1,1.130280018E0,-3.185237944E-1
1.981867380E1,-1.150520667E-1,1.096190572E0,-2.929566503E-1
1.982345208E1,-8.309315890E-2,1.032272696E0,-2.578018606E-1
1.982872104E1,-4.900366068E-2,9.481142759E-1,-2.237123549E-1
1.983380338E1,-2.556712553E-2,8.873923421E-1,-1.842963696E-1
1.983874385E1,-1.065296936E-3,8.106909394E-1,-1.384886056E-1
1.984392541E1,3.195890784E-2,7.158795595E-1,-1.139867753E-1
1.984891244E1,7.244019210E-2,6.253293157E-1,-1.012032107E-1
1.985399302E1,1.022685021E-1,5.358443856E-1,-8.841964602E-2
1.985906734E1,1.203785539E-1,4.708612561E-1,-7.776667923E-2
1.986401964E1,1.384886056E-1,4.037475288E-1,-7.563608140E-2
1.986929646E1,1.459456831E-1,3.259808719E-1,-9.374613315E-2
1.987425198E1,1.544680595E-1,2.705854177E-1,-1.289009303E-1
1.987946182E1,1.597945392E-1,2.428877056E-1,-1.672516167E-1
1.988436349E1,1.597945392E-1,2.194511741E-1,-2.002758235E-1
1.988952594E1,1.608598381E-1,1.949493438E-1,-2.301041335E-1
1.989468662E1,1.651210189E-1,1.725780964E-1,-2.588671446E-1
1.989967214E1,1.683169156E-1,1.661863178E-1,-2.812383771E-1
1.990464193E1,1.757739931E-1,1.470109820E-1,-2.801730931E-1
1.990978094E1,1.853616685E-1,1.459456831E-1,-2.823036909E-1
1.991476474E1,1.757739931E-1,1.480762810E-1,-2.918913662E-1
1.992001787E1,1.608598381E-1,1.331621110E-1,-3.100014031E-1
1.992504339E1,1.597945392E-1,1.139867753E-1,-3.227849603E-1
1.993010350E1,1.725780964E-1,1.203785539E-1,-3.281114697E-1
1.993507777E1,1.981452256E-1,1.171826646E-1,-3.142625988E-1
1.994035532E1,2.215817571E-1,9.694202244E-2,-2.961525619E-1
1.994520042E1,2.333000302E-1,7.244019210E-2,-2.780424953E-1
1.995035954E1,2.311694324E-1,5.539543927E-2,-2.620630562E-1
1.995546334E1,2.237123549E-1,5.113425106E-2,-2.524753809E-1
1.996054605E1,2.066676021E-1,5.752603337E-2,-2.514100671E-1
1.996549183E1,1.874922663E-1,6.178722158E-2,-2.546059787E-1
1.997056907E1,1.661863178E-1,5.752603337E-2,-2.524753809E-1
1.997566032E1,1.512721628E-1,6.498311460E-2,-2.578018606E-1
1.998085788E1,1.512721628E-1,7.670138031E-2,-2.716507316E-1
1.998580819E1,1.544680595E-1,8.522375673E-2,-2.865648866E-1
1.999102876E1,1.565986425E-1,1.001379117E-1,-3.046749234E-1
1.999586246E1,1.651210189E-1,1.139867753E-1,-3.174584806E-1
2.000100902E1,1.725780964E-1,8.735434711E-2,-3.302420378E-1
2.000619606E1,1.896228492E-1,-3.835069016E-2,-3.366338313E-1
2.001118001E1,1.960146427E-1,-2.183858752E-1,-3.302420378E-1
2.001616548E1,1.331621110E-1,-2.993484437E-1,-3.675274551E-1
2.002148684E1,7.457078248E-2,-3.835068941E-1,-4.175963998E-1
2.002646986E1,3.835069016E-2,-4.697959423E-1,-4.612735808E-1
2.003156413E1,7.457078435E-3,-4.602082670E-1,-5.273219943E-1
2.003654632E1,-1.278356276E-2,-5.198649168E-1,-5.656726956E-1
2.004187220E1,8.202786744E-2,-5.038854480E-1,-5.912398100E-1
2.004667309E1,1.161173657E-1,-3.313073516E-1,-6.349169612E-1
2.005183273E1,8.415845782E-2,-1.992105246E-1,-6.413087845E-1
2.005681684E1,1.065296903E-1,-1.384886056E-1,-6.253293157E-1
2.006253174E1,1.257050335E-1,-9.481142461E-2,-6.104151607E-1
2.006699320E1,1.086602882E-1,-9.907261282E-2,-5.869786143E-1
2.007208856E1,1.001379117E-1,-1.235744432E-1,-5.656726956E-1
2.007706705E1,1.097255871E-1,-1.182479635E-1,-5.667379498E-1
2.008220653E1,1.289009303E-1,-1.033338010E-1,-5.773909688E-1
2.008721372E1,1.331621110E-1,-9.694202244E-2,-5.891091824E-1
2.009235065E1,1.118561774E-1,-8.415845782E-2,-5.880439281E-1
2.009732685E1,9.374613315E-2,-6.072192639E-2,-5.827174187E-1
2.010244940E1,8.948494494E-2,-4.687306657E-2,-5.720644593E-1
2.010754794E1,8.202786744E-2,-6.604841352E-2,-5.518237948E-1
2.011260086E1,6.178722158E-2,-1.054643989E-1,-5.326484442E-1
2.011784836E1,4.048128426E-2,-1.406191885E-1,-5.187996030E-1
2.012276924E1,2.024064213E-2,-1.736433953E-1,-5.028201342E-1
2.012785008E1,-4.261187743E-3,-2.119940966E-1,-4.857754111E-1
2.013298539E1,-3.302420676E-2,-2.631283402E-1,-4.495553076E-1
2.013806451E1,-5.006895587E-2,-2.940219641E-1,-3.994863629E-1
2.014312253E1,-6.178722158E-2,-2.854995728E-1,-3.600703776E-1
2.014794456E1,-7.670138031E-2,-2.524753809E-1,-3.323726356E-1
2.015347742E1,-1.043990999E-1,-2.247776538E-1,-2.993484437E-1
2.015819696E1,-1.289009303E-1,-2.109287977E-1,-2.556712627E-1
2.016335633E1,-1.480762810E-1,-2.066676021E-1,-2.311694324E-1
2.016840201E1,-1.565986425E-1,-2.130593807E-1,-2.226470560E-1
2.017351800E1,-1.555333585E-1,-2.183858752E-1,-2.364959270E-1
2.017850503E1,-1.512721628E-1,-2.333000302E-1,-2.407571077E-1
2.018376743E1,-1.331621110E-1,-2.333000302E-1,-2.205164731E-1
2.018859941E1,-1.097255871E-1,-2.386265099E-1,-1.800351888E-1
2.019374300E1,-7.563608140E-2,-2.791078091E-1,-1.320968270E-1
2.019869701E1,-2.024064213E-2,-3.110667169E-1,-1.033338010E-1
2.020388347E1,3.302420676E-2,-2.972178459E-1,-9.907261282E-2
2.020891592E1,7.776667923E-2,-2.514100671E-1,-1.107908785E-1
2.021407691E1,1.043990999E-1,-2.418224066E-1,-1.203785539E-1
2.021906618E1,1.139867753E-1,-2.396918088E-1,-1.278356314E-1
2.022420951E1,1.246397421E-1,-2.109287977E-1,-1.363580078E-1
2.022918540E1,1.299662292E-1,-1.597945392E-1,-1.427497864E-1
2.023434202E1,1.097255871E-1,-1.043990999E-1,-1.448803842E-1
2.023932931E1,7.137489319E-2,-6.285251677E-2,-1.576639414E-1
2.024454030E1,2.876301669E-2,3.195890691E-3,-1.938840449E-1
2.024952525E1,-3.089361079E-2,4.580776766E-2,-2.705854177E-1
2.025462749E1,-7.989726961E-2,5.752603337E-2,-3.270461559E-1
2.025960155E1,-1.193132550E-1,1.150520667E-1,-3.760498166E-1
2.026473290E1,-1.811004728E-1,1.342274100E-1,-4.165311158E-1
2.026944639E1,-2.237123549E-1,1.683169156E-1,-4.250534773E-1
2.027485202E1,-2.013411224E-1,2.290388346E-1,-3.941598535E-1
2.027986447E1,-1.416844875E-1,2.865648866E-1,-3.419603109E-1
2.028503749E1,-8.202786744E-2,3.068055212E-1,-2.780424953E-1
2.029005041E1,-5.219954997E-2,2.865648866E-1,-2.034717202E-1
2.029519759E1,-7.989726961E-2,2.002758235E-1,-1.161173657E-1
2.030019504E1,-2.087981999E-1,-3.728539124E-2,-3.941598535E-2
2.030547228E1,-2.791078091E-1,-1.310315281E-1,-1.384885982E-2
2.031034853E1,-2.194511741E-1,-1.065296936E-3,-7.776667923E-2
2.031559895E1,-1.864269674E-1,-1.065296936E-3,-1.150520667E-1
2.032053364E1,-1.608598381E-1,-4.261187837E-2,-1.342274100E-1
2.032559859E1,-1.193132550E-1,-9.587672539E-3,-1.704475135E-1
2.033094182E1,-8.309315890E-2,1.597945392E-2,-2.066676021E-1
2.033600765E1,-5.539543927E-2,-8.522375487E-3,-2.237123549E-1
2.034080317E1,-3.515479714E-2,-2.556712553E-2,-2.269082516E-1
2.034594676E1,-2.982831374E-2,-2.343653329E-2,-2.364959270E-1
2.035089526E1,-4.367717355E-2,-3.195890784E-2,-2.364959270E-1
2.035603213E1,-7.670138031E-2,-3.195890784E-2,-2.322347313E-1
2.036103557E1,-1.693822145E-1,-1.640557349E-1,-2.002758235E-1
2.036657932E1,-1.970799267E-1,-2.183858752E-1,-1.949493438E-1
2.037119026E1,-1.683169156E-1,-1.193132550E-1,-2.130593807E-1
2.037640265E1,-1.949493438E-1,-1.235744432E-1,-2.418224066E-1
2.038137672E1,-1.640557349E-1,-6.391781382E-3,-2.748466134E-1
2.038646120E1,-1.043990999E-1,1.970799267E-1,-2.897607684E-1
2.039152901E1,-7.670138031E-2,2.056023031E-1,-2.716507316E-1
2.039666615E1,-6.604841352E-2,1.374233067E-1,-2.492794842E-1
2.040175266E1,-7.670138031E-2,1.118561774E-1,-2.375612110E-1
2.040677688E1,-8.628904819E-2,7.776667923E-2,-2.162552774E-1
2.041178011E1,-9.268083423E-2,5.006895587E-2,-1.906881481E-1
2.041686089E1,-1.129214764E-1,3.302420676E-2,-1.619251370E-1
2.042168438E1,-1.438150853E-1,-3.195890691E-3,-1.384886056E-1
2.042729703E1,-1.821657717E-1,-2.663242258E-2,-1.235744432E-1
2.043239240E1,-2.620630562E-1,-1.033338010E-1,-1.012032107E-1
2.043730329E1,-3.653968573E-1,-2.482141852E-1,-7.030959427E-2
2.044216943E1,-3.366338313E-1,-1.118561774E-1,-9.587672353E-2
2.044748459E1,-3.238502741E-1,4.261187837E-2,-9.374613315E-2
2.045235709E1,-3.462215066E-1,3.941598535E-2,-5.006895587E-2
2.045763594E1,-3.504827023E-1,1.597945392E-2,-1.597945392E-2
2.046248777E1,-3.568744659E-1,2.769771963E-2,8.522375487E-3
2.046761475E1,-3.568744659E-1,3.302420676E-2,5.113425106E-2
2.047264938E1,-3.355685472E-1,3.408950195E-2,8.309315890E-2
2.047783595E1,-3.036096394E-1,4.154657945E-2,9.694202244E-2
2.048278031E1,-2.769772112E-1,3.302420676E-2,1.075949892E-1
2.048799371E1,-2.631283402E-1,-1.491415687E-2,1.118561774E-1
2.049287334E1,-2.748466134E-1,-7.670138031E-2,1.235744432E-1
2.049819407E1,-2.886954844E-1,-1.150520667E-1,1.384886056E-1
2.050314965E1,-2.546059787E-1,-2.034717202E-1,1.747086942E-1
2.050817720E1,-1.853616685E-1,-3.451561928E-1,2.269082516E-1
2.051314288E1,-1.960146427E-1,-2.950872481E-1,2.620630562E-1
2.051846986E1,-2.024064213E-1,-9.587672353E-2,3.014790416E-1
2.052329845E1,-1.384886056E-1,1.278356276E-2,2.098634988E-1
2.052848350E1,-5.965662748E-2,8.202786744E-2,1.139867753E-1
2.053317668E1,-9.481142461E-2,1.065296903E-1,1.427497864E-1
2.053860366E1,-2.418224066E-1,-2.450183034E-2,3.408950269E-1
2.054367011E1,-3.206543922E-1,-4.900366068E-2,5.028201342E-1
2.054887132E1,-3.249155581E-1,3.622009605E-2,6.104151607E-1
2.055377642E1,-3.206543922E-1,6.711370498E-2,7.030959725E-1
2.055884637E1,-3.313073516E-1,5.219954997E-2,7.574261427E-1
2.056397491E1,-3.430256248E-1,6.711370498E-2,7.382507920E-1
2.056906976E1,-3.526133001E-1,9.587672353E-2,6.881818175E-1
2.057415575E1,-3.504827023E-1,1.129214764E-1,6.317210793E-1
2.057915241E1,-3.366338313E-1,1.555333585E-1,5.635420680E-1
2.058436158E1,-3.078708053E-1,2.045370042E-1,4.868406951E-1
2.058947132E1,-2.833689749E-1,2.290388346E-1,4.378370345E-1
2.059429976E1,-2.492794842E-1,2.492794842E-1,4.090740085E-1
2.059911820E1,-2.034717202E-1,2.737812996E-1,3.632662594E-1
2.060446028E1,-1.629904360E-1,3.131972849E-1,3.068055212E-1
2.060963809E1,-1.235744432E-1,3.653968573E-1,2.482141852E-1
2.061476117E1,-7.670138031E-2,3.547438681E-1,2.119940966E-1
2.061976148E1,-3.941598535E-2,2.950872481E-1,2.024064213E-1
2.062478570E1,-2.024064213E-2,3.131972849E-1,1.981452256E-1
2.063012049E1,5.326484796E-3,3.472867906E-1,2.087981999E-1
2.063492252E1,1.917534508E-2,3.526133001E-1,2.226470560E-1
2.064006680E1,2.130593918E-2,3.664621413E-1,2.375612110E-1
2.064521154E1,1.597945392E-2,3.856374919E-1,2.599324584E-1
2.065013476E1,9.587672539E-3,3.845722079E-1,2.844342887E-1
2.065518680E1,1.491415687E-2,3.781804144E-1,2.982831299E-1
2.066034971E1,2.769771963E-2,3.717886209E-1,2.993484437E-1
2.066528305E1,4.048128426E-2,3.696580231E-1,3.014790416E-1
2.067060690E1,6.072192639E-2,3.398297131E-1,2.854995728E-1
2.067575029E1,7.244019210E-2,3.036096394E-1,2.684548199E-1
2.068091529E1,7.137489319E-2,2.791078091E-1,2.556712627E-1
2.068560883E1,7.350549102E-2,2.343653291E-1,2.311694324E-1
2.069093492E1,7.350549102E-2,1.757739931E-1,1.928187460E-1
2.069577024E1,5.859133229E-2,1.065296903E-1,1.608598381E-1
2.070083008E1,2.769771963E-2,3.408950195E-2,1.310315281E-1
2.070608862E1,-2.130593872E-3,-1.811004803E-2,1.022685021E-1
2.071116305E1,-1.917534508E-2,-4.580776766E-2,7.457078248E-2
2.071601586E1,-2.769771963E-2,-4.154657945E-2,3.835069016E-2
2.072115701E1,-2.450183034E-2,-1.917534508E-2,5.326484796E-3
2.072616686E1,-2.237123623E-2,-1.065296936E-3,-3.302420676E-2
2.073127837E1,-2.024064213E-2,1.384885982E-2,-6.498311460E-2
2.073634076E1,-2.343653329E-2,3.195890784E-2,-9.268083423E-2
2.074155941E1,-2.343653329E-2,4.580776766E-2,-1.118561774E-1
2.074662207E1,-9.587672539E-3,4.261187837E-2,-1.257050335E-1
2.075153592E1,1.597945392E-2,1.597945392E-2,-1.363580078E-1
2.075659957E1,4.367717355E-2,-2.769771963E-2,-1.363580078E-1
2.076175134E1,6.711370498E-2,-6.924430281E-2,-1.320968270E-1
2.076676629E1,7.989726961E-2,-1.107908785E-1,-1.225091442E-1
2.077186889E1,9.055023640E-2,-1.619251370E-1,-1.086602882E-1
2.077687134E1,1.012032107E-1,-2.354306281E-1,-8.841964602E-2
2.078197004E1,1.150520667E-1,-3.110667169E-1,-6.285251677E-2
2.078700879E1,1.246397421E-1,-3.685927391E-1,-3.941598535E-2
2.079216764E1,1.278356314E-1,-4.197269976E-1,-2.237123623E-2
2.079723410E1,1.299662292E-1,-4.666000605E-1,-1.811004803E-2
2.080226259E1,1.267703325E-1,-5.198649168E-1,-2.556712553E-2
2.080749733E1,1.235744432E-1,-5.688685775E-1,-4.154657945E-2
2.081239869E1,1.225091442E-1,-5.901744962E-1,-5.006895587E-2
2.081745936E1,1.150520667E-1,-6.274598837E-1,-4.580776766E-2
2.082225895E1,1.118561774E-1,-6.455699205E-1,-5.539543927E-2
2.082722369E1,1.001379117E-1,-6.242640018E-1,-7.030959427E-2
2.083236801E1,1.001379117E-1,-6.253293157E-1,-7.563608140E-2
2.083737364E1,1.139867753E-1,-6.743329763E-1,-7.563608140E-2
2.084252312E1,1.257050335E-1,-7.339895964E-1,-8.309315890E-2
2.084752765E1,1.267703325E-1,-7.744708657E-1,-9.694202244E-2
2.085272640E1,1.182479635E-1,-8.138868809E-1,-1.001379117E-1
2.085765968E1,1.107908785E-1,-8.660864234E-1,-9.374613315E-2
2.086278213E1,9.800732136E-2,-9.662243128E-1,-6.711370498E-2
2.086781427E1,1.171826646E-1,-1.039729834E0,-3.941598535E-2
2.087297057E1,1.672516167E-1,-1.057839870E0,-3.941598535E-2
2.087794708E1,2.087981999E-1,-1.065296888E0,-6.178722158E-2
2.088307260E1,2.418224066E-1,-1.021619797E0,-7.989726961E-2
2.088808833E1,2.673895359E-1,-9.406571984E-1,-8.202786744E-2
2.089322823E1,2.982831299E-1,-8.575640321E-1,-7.989726961E-2
2.089823234E1,3.366338313E-1,-7.936462164E-1,-7.457078248E-2
2.090334229E1,3.675274551E-1,-7.275978327E-1,-6.924430281E-2
2.090836943E1,3.707233369E-1,-6.072192788E-1,-5.326484516E-2
2.091349193E1,3.462215066E-1,-4.239881933E-1,-3.408950195E-2
2.091850896E1,3.174584806E-1,-2.460835874E-1,-9.587672539E-3
2.092380245E1,2.982831299E-1,-1.310315281E-1,1.704475097E-2
2.092896771E1,2.897607684E-1,-5.859133229E-2,3.089361079E-2
2.093378886E1,2.897607684E-1,-9.587672539E-3,4.154657945E-2
2.093910485E1,2.908260524E-1,1.278356276E-2,5.326484516E-2
2.094435641E1,2.908260524E-1,2.450183034E-2,7.244019210E-2
2.094924797E1,2.844342887E-1,4.367717355E-2,9.055023640E-2
2.095449636E1,2.727160156E-1,7.137489319E-2,1.065296903E-1
2.095960172E1,2.556712627E-1,1.065296903E-1,1.193132550E-1
2.096456823E1,2.418224066E-1,1.395539045E-1,1.225091442E-1
2.096958063E1,2.333000302E-1,1.661863178E-1,1.086602882E-1
2.097472344E1,2.226470560E-1,1.811004728E-1,7.776667923E-2
2.097992881E1,2.151899785E-1,1.928187460E-1,4.687306657E-2
2.098515245E1,2.087981999E-1,2.013411224E-1,2.556712553E-2
2.098997167E1,1.981452256E-1,1.757739931E-1,1.384885982E-2
2.099505136E1,1.896228492E-1,1.470109820E-1,2.130593918E-2
2.100004553E1,1.704475135E-1,1.320968270E-1,6.178722158E-2
2.100523037E1,1.438150853E-1,1.107908785E-1,8.309315890E-2
2.101020808E1,1.704475135E-1,1.619251370E-1,7.776667923E-2
2.101529136E1,2.439530045E-1,3.366338313E-1,7.989726961E-2
2.102031272E1,2.322347313E-1,3.803110123E-1,6.604841352E-2
2.102546584E1,2.087981999E-1,1.480762810E-1,-2.130593872E-3
2.103050527E1,2.237123549E-1,-1.299662292E-1,-8.841964602E-2
2.103558152E1,1.502068639E-1,-1.768392920E-1,-1.043990999E-1
2.104068439E1,1.171826664E-2,-9.161553532E-2,-2.663242258E-2
2.104575850E1,-8.841964602E-2,1.384885982E-2,5.859133229E-2
2.105068762E1,-1.022685021E-1,1.118561774E-1,6.817900389E-2
2.105599902E1,-7.776667923E-2,1.757739931E-1,3.089361079E-2
2.106093116E1,-8.096256852E-2,1.757739931E-1,1.491415687E-2
2.106613918E1,-1.171826646E-1,1.438150853E-1,1.704475097E-2
2.107100033E1,-1.406191885E-1,1.182479635E-1,-3.195890691E-3
2.107629429E1,-1.310315281E-1,1.267703325E-1,-3.941598535E-2
2.108114575E1,-9.587672353E-2,1.832310706E-1,-8.735434711E-2
2.108632496E1,-5.326484516E-2,2.631283402E-1,-1.235744432E-1
2.109139668E1,-3.408950195E-2,3.174584806E-1,-1.459456831E-1
2.109644413E1,-2.876301669E-2,3.366338313E-1,-1.534027606E-1
2.110114018E1,-3.302420676E-2,3.036096394E-1,-1.576639414E-1
2.110660799E1,-4.900366068E-2,2.237123549E-1,-1.491415650E-1
2.111174570E1,-5.965662748E-2,1.416844875E-1,-1.342274100E-1
2.111669028E1,-6.924430281E-2,6.604841352E-2,-1.118561774E-1
2.112171247E1,-7.670138031E-2,8.522375487E-3,-9.055023640E-2
2.112815460E1,-7.670138031E-2,-3.622009605E-2,-7.137489319E-2
2.113192398E1,-7.457078248E-2,-6.604841352E-2,-5.326484516E-2
2.113693987E1,-7.883197069E-2,-8.415845782E-2,-3.728539124E-2
2.114206367E1,-8.628904819E-2,-1.012032107E-1,-3.941598535E-2
2.114721653E1,-9.481142461E-2,-1.171826646E-1,-5.646073818E-2
2.115223523E1,-1.012032107E-1,-1.299662292E-1,-7.776667923E-2
2.115753758E1,-1.054643989E-1,-1.278356314E-1,-8.841964602E-2
2.116257336E1,-1.139867753E-1,-9.055023640E-2,-7.670138031E-2
2.116749528E1,-1.257050335E-1,-4.580776766E-2,-7.030959427E-2
2.117248648E1,-1.374233067E-1,-7.457078435E-3,-5.006895587E-2
2.117759690E1,-1.448803842E-1,4.793836176E-2,-2.024064213E-2
2.118260857E1,-1.640557349E-1,4.367717355E-2,-2.024064213E-2
2.118771654E1,-1.789698899E-1,-2.556712553E-2,-3.728539124E-2
2.119286534E1,-1.800351888E-1,-7.457078248E-2,-5.113425106E-2
2.119788050E1,-1.821657717E-1,-6.391781569E-2,-6.072192639E-2
2.120287727E1,-1.736433953E-1,-1.917534508E-2,-5.219954997E-2
2.120795946E1,-1.523374617E-1,2.450183034E-2,-3.941598535E-2
2.121302591E1,-1.310315281E-1,6.178722158E-2,-3.195890784E-2
2.121810295E1,-1.235744432E-1,9.481142461E-2,-2.450183034E-2
2.122317170E1,-1.235744432E-1,1.693822145E-1,-4.261187743E-3
2.122841237E1,-1.161173657E-1,2.940219641E-1,1.917534508E-2
2.123335951E1,-9.907261282E-2,4.165311158E-1,2.663242258E-2
2.123848597E1,-9.907261282E-2,4.879060090E-1,1.597945392E-2
2.124356847E1,-1.118561774E-1,4.942977726E-1,1.065296959E-2
2.124861795E1,-1.352927089E-1,4.697959423E-1,1.917534508E-2
2.125363389E1,-1.629904360E-1,4.389023483E-1,8.522375487E-3
2.125874399E1,-1.874922663E-1,3.824416101E-1,-2.876301669E-2
2.126370326E1,-2.045370042E-1,3.270461559E-1,-5.965662748E-2
2.126884014E1,-2.247776538E-1,2.290388346E-1,-7.670138031E-2
2.127385983E1,-2.482141852E-1,1.171826646E-1,-7.244019210E-2
2.127904748E1,-2.578018606E-1,8.841964602E-2,-6.178722158E-2
2.128398884E1,-2.514100671E-1,1.257050335E-1,-5.859133229E-2
2.128908581E1,-2.247776538E-1,1.086602882E-1,-5.326484516E-2
2.129412077E1,-1.960146427E-1,2.130593918E-2,-4.793836176E-2
2.129942993E1,-1.725780964E-1,-4.261187743E-3,-3.941598535E-2
2.130428962E1,-1.502068639E-1,2.237123623E-2,-1.704475097E-2
2.130952832E1,-1.214438528E-1,3.728539124E-2,-1.065296936E-3
2.131444254E1,-9.800732136E-2,2.450183034E-2,7.457078435E-3
2.131966837E1,-8.202786744E-2,1.491415687E-2,9.587672539E-3
2.132474395E1,-5.965662748E-2,2.343653329E-2,8.522375487E-3
2.132972869E1,-3.515479714E-2,3.728539124E-2,3.195890691E-3
2.133488973E1,-1.917534508E-2,4.687306657E-2,5.326484796E-3
2.133988275E1,-6.391781382E-3,4.900366068E-2,9.587672539E-3
2.134510832E1,2.130593872E-3,4.687306657E-2,2.343653329E-2
2.135008025E1,1.384885982E-2,4.687306657E-2,3.408950195E-2
2.135503760E1,1.811004803E-2,3.728539124E-2,3.515479714E-2
2.136008905E1,1.278356276E-2,2.237123623E-2,4.261187837E-2
2.136510952E1,5.326484796E-3,9.587672539E-3,5.433014408E-2
2.137044385E1,-1.278356276E-2,-2.024064213E-2,6.924430281E-2
2.137532802E1,-2.663242258E-2,-4.261187837E-2,7.457078248E-2
2.138039416E1,-3.515479714E-2,-5.752603337E-2,6.072192639E-2
2.138543286E1,-3.195890784E-2,-7.244019210E-2,3.408950195E-2
2.139059765E1,-2.237123623E-2,-7.350549102E-2,5.326484796E-3
2.139561474E1,-2.450183034E-2,-6.604841352E-2,-3.728539124E-2
2.140070166E1,-5.539543927E-2,-9.907261282E-2,-6.817900389E-2
2.140571427E1,-8.628904819E-2,-1.331621110E-1,-1.118561774E-1
2.141104239E1,-8.522375673E-2,-9.374613315E-2,-1.523374617E-1
2.141586818E1,-4.580776766E-2,2.343653329E-2,-1.512721628E-1
2.142121448E1,-8.522375487E-3,1.065296903E-1,-8.415845782E-2
2.142615240E1,-2.130593872E-3,1.203785539E-1,-3.195890784E-2
2.143117213E1,-2.024064213E-2,9.481142461E-2,-2.982831374E-2
2.143623792E1,-3.195890784E-2,6.711370498E-2,-3.408950195E-2
2.144129802E1,-7.457078435E-3,9.694202244E-2,-3.835069016E-2
2.144647083E1,4.048128426E-2,1.768392920E-1,-3.728539124E-2
2.145115365E1,7.350549102E-2,2.375612110E-1,-1.811004803E-2
2.145654146E1,6.178722158E-2,2.237123549E-1,-1.811004803E-2
2.146157068E1,2.343653329E-2,1.715128124E-1,-4.048128426E-2
2.146663203E1,-1.278356276E-2,1.022685021E-1,-7.563608140E-2
2.147189578E1,-8.309315890E-2,-8.522375487E-3,-1.448803842E-1
2.147673615E1,-3.206543922E-1,-3.483521044E-1,-3.792456985E-1
2.148196980E1,-4.559471011E-1,-4.985589683E-1,-7.457078695E-1
2.148697876E1,-2.727160156E-1,-1.704475135E-1,-9.182859659E-1
2.149212266E1,1.597945392E-2,2.535406649E-1,-8.895229697E-1
2.149700339E1,3.078708053E-1,4.772530198E-1,-7.819279432E-1
2.150225037E1,4.570123851E-1,4.911018908E-1,-6.434393525E-1
2.150719782E1,3.930945694E-1,4.090740085E-1,-4.793836176E-1
2.151247980E1,2.311694324E-1,2.215817571E-1,-2.982831299E-1
2.151738568E1,8.202786744E-2,1.384885982E-2,-1.075949892E-1
2.152249360E1,-1.704475097E-2,-1.384886056E-1,3.195890784E-2
2.152742808E1,-4.367717355E-2,-2.024064213E-1,7.670138031E-2
2.153258610E1,-1.704475097E-2,-2.183858752E-1,7.989726961E-2
2.153758110E1,9.587672539E-3,-1.970799267E-1,6.498311460E-2
2.154267105E1,1.704475097E-2,-1.736433953E-1,4.261187837E-2
2.154793965E1,1.704475097E-2,-1.459456831E-1,1.491415687E-2
2.155288225E1,2.237123623E-2,-8.202786744E-2,-3.408950195E-2
2.155799746E1,4.261187837E-2,-8.202786744E-2,-1.704475097E-2
2.156461590E1,3.728539124E-2,-9.481142461E-2,-1.811004803E-2
2.156833943E1,2.024064213E-2,-8.841964602E-2,-2.769771963E-2
2.157278501E1,1.491415687E-2,-1.129214764E-1,-3.728539124E-2
2.157823762E1,1.704475097E-2,-1.203785539E-1,-5.539543927E-2
2.158327496E1,2.237123623E-2,-1.118561774E-1,-7.350549102E-2
2.158831772E1,2.982831374E-2,-1.139867753E-1,-9.374613315E-2
2.159346600E1,2.556712553E-2,-1.161173657E-1,-1.054643989E-1
2.159841574E1,8.522375487E-3,-1.107908785E-1,-1.075949892E-1
2.160358569E1,-1.278356276E-2,-9.800732136E-2,-1.065296903E-1
2.160892351E1,-2.769771963E-2,-7.883197069E-2,-1.086602882E-1
2.161373434E1,-3.728539124E-2,-5.219954997E-2,-1.161173657E-1
2.161869366E1,-4.048128426E-2,-1.384885982E-2,-1.257050335E-1
2.162350122E1,-3.622009605E-2,3.195890784E-2,-1.331621110E-1
2.162883111E1,-3.408950195E-2,1.012032107E-1,-1.395539045E-1
2.163405528E1,-3.302420676E-2,1.885575503E-1,-1.502068639E-1
2.163898247E1,-2.556712553E-2,2.599324584E-1,-1.608598381E-1
2.164424950E1,-1.917534508E-2,3.174584806E-1,-1.651210189E-1
2.164923200E1,-1.704475097E-2,3.653968573E-1,-1.693822145E-1
2.165431200E1,-1.917534508E-2,4.016169310E-1,-1.683169156E-1
2.165935341E1,-2.769771963E-2,4.346411526E-1,-1.672516167E-1
2.166435200E1,-3.728539124E-2,4.538165033E-1,-1.608598381E-1
2.166942674E1,-4.900366068E-2,4.697959423E-1,-1.502068639E-1
2.167465872E1,-8.096256852E-2,4.538165033E-1,-1.289009303E-1
2.167958164E1,-1.086602882E-1,4.186616838E-1,-9.800732136E-2
2.168474862E1,-1.065296903E-1,4.591429830E-1,-1.086602882E-1
2.168969883E1,-1.129214764E-1,5.251913667E-1,-1.384886056E-1
2.169492575E1,-1.171826646E-1,6.615493894E-1,-1.502068639E-1
2.169986674E1,-1.139867753E-1,7.744708657E-1,-1.459456831E-1
2.170500300E1,-1.107908785E-1,7.989727259E-1,-1.438150853E-1
2.171015722E1,-1.214438528E-1,7.734055519E-1,-1.225091442E-1
2.171513414E1,-1.342274100E-1,7.180101275E-1,-9.268083423E-2
2.172020732E1,-1.597945392E-1,6.732676625E-1,-6.604841352E-2
2.172525492E1,-1.874922663E-1,6.434393525E-1,-4.261187837E-2
2.173035545E1,-2.194511741E-1,6.540923119E-1,-1.278356276E-2
2.173537961E1,-2.439530045E-1,6.679411530E-1,2.450183034E-2
2.174041607E1,-2.247776538E-1,6.072192788E-1,3.941598535E-2
2.174578263E1,-1.885575503E-1,5.731297731E-1,3.622009605E-2
2.175067519E1,-1.427497864E-1,6.029580832E-1,2.556712553E-2
2.175605238E1,-9.587672353E-2,6.839206219E-1,4.261187743E-3
2.176083863E1,-7.776667923E-2,7.350549102E-1,1.171826664E-2
2.176590883E1,-8.628904819E-2,7.062918544E-1,2.769771963E-2
2.177085134E1,-1.022685021E-1,6.242640018E-1,5.326484516E-2
2.177597165E1,-1.139867753E-1,5.294525623E-1,8.096256852E-2
2.178105368E1,-1.257050335E-1,4.591429830E-1,9.800732136E-2
2.178624160E1,-1.470109820E-1,4.197269976E-1,1.129214764E-1
2.179134175E1,-1.715128124E-1,3.898986876E-1,1.267703325E-1
2.179636597E1,-1.981452256E-1,3.451561928E-1,1.544680595E-1
2.180129676E1,-2.364959270E-1,2.791078091E-1,1.811004728E-1
2.180652566E1,-2.663242221E-1,2.428877056E-1,1.842963696E-1
2.181146410E1,-2.823036909E-1,2.407571077E-1,1.651210189E-1
2.181652587E1,-2.918913662E-1,2.247776538E-1,1.555333585E-1
2.182158655E1,-2.972178459E-1,1.811004728E-1,1.640557349E-1
2.182678493E1,-2.961525619E-1,1.491415650E-1,1.587292403E-1
2.183190171E1,-2.801730931E-1,1.043990999E-1,1.523374617E-1
2.183698910E1,-2.609977424E-1,4.048128426E-2,1.448803842E-1
2.184173238E1,-2.407571077E-1,1.065296936E-3,1.267703325E-1
2.184693556E1,-2.141246796E-1,-1.917534508E-2,1.118561774E-1
2.185204504E1,-1.757739931E-1,-7.244019210E-2,1.118561774E-1
2.185676212E1,-1.448803842E-1,-1.001379117E-1,1.150520667E-1
2.186207103E1,-1.320968270E-1,-1.022685021E-1,1.171826646E-1
2.186723921E1,-1.118561774E-1,-1.118561774E-1,1.193132550E-1
2.187251249E1,-8.202786744E-2,-1.502068639E-1,1.289009303E-1
2.187763765E1,-6.178722158E-2,-1.842963696E-1,1.384886056E-1
2.188242640E1,-5.006895587E-2,-2.087981999E-1,1.576639414E-1
2.188761249E1,-3.941598535E-2,-2.386265099E-1,1.789698899E-1
2.189257593E1,-3.195890784E-2,-2.780424953E-1,1.949493438E-1
2.189792301E1,-2.450183034E-2,-3.036096394E-1,2.024064213E-1
2.190258989E1,-1.597945392E-2,-2.886954844E-1,1.938840449E-1
2.190782567E1,7.457078435E-3,-2.279735506E-1,1.747086942E-1
2.191305974E1,3.622009605E-2,-1.555333585E-1,1.619251370E-1
2.191798833E1,3.941598535E-2,-1.885575503E-1,1.736433953E-1
2.192294672E1,4.474247247E-2,-2.247776538E-1,2.066676021E-1
2.192833145E1,4.048128426E-2,-2.727160156E-1,2.418224066E-1
2.193310916E1,2.556712553E-2,-2.961525619E-1,2.695201337E-1
2.193826031E1,2.343653329E-2,-2.716507316E-1,2.876301706E-1
2.194334771E1,3.515479714E-2,-2.354306281E-1,3.068055212E-1
2.194843953E1,6.498311460E-2,-1.619251370E-1,3.057402074E-1
2.195353719E1,1.043990999E-1,-9.374613315E-2,2.886954844E-1
2.195866468E1,1.363580078E-1,-5.113425106E-2,2.684548199E-1
2.196359036E1,1.534027606E-1,-2.876301669E-2,2.524753809E-1
2.196881588E1,1.608598381E-1,-2.024064213E-2,2.428877056E-1
2.197367427E1,1.651210189E-1,-5.326484796E-3,2.396918088E-1
2.197900651E1,1.683169156E-1,2.556712553E-2,2.418224066E-1
2.198383573E1,1.779045910E-1,5.752603337E-2,2.375612110E-1
2.198915089E1,1.789698899E-1,6.391781569E-2,2.301041335E-1
2.199417792E1,1.885575503E-1,7.030959427E-2,2.258429527E-1
2.199927407E1,1.992105246E-1,8.522375673E-2,2.066676021E-1
2.200414954E1,2.013411224E-1,9.161553532E-2,1.842963696E-1
2.200961480E1,1.960146427E-1,7.457078248E-2,1.640557349E-1
2.201431459E1,1.811004728E-1,4.793836176E-2,1.523374617E-1
2.201974297E1,1.629904360E-1,1.278356276E-2,1.416844875E-1
2.202457417E1,1.523374617E-1,-2.237123623E-2,1.352927089E-1
2.202969626E1,1.480762810E-1,-3.835069016E-2,1.267703325E-1
2.203468037E1,1.438150853E-1,-3.835069016E-2,1.150520667E-1
2.203975449E1,1.491415650E-1,-2.769771963E-2,1.033338010E-1
2.204476272E1,1.534027606E-1,-1.065296959E-2,8.948494494E-2
2.204978553E1,1.587292403E-1,1.278356276E-2,8.309315890E-2
2.205485907E1,1.597945392E-1,3.515479714E-2,7.776667923E-2
2.206009714E1,1.555333585E-1,5.539543927E-2,7.457078248E-2
2.206496678E1,1.544680595E-1,9.374613315E-2,7.776667923E-2
2.207011475E1,2.077329010E-1,2.386265099E-1,1.075949892E-1
2.207511355E1,2.514100671E-1,3.994863629E-1,1.065296903E-1
2.208019126E1,2.460835874E-1,4.420982301E-1,9.268083423E-2
2.208528022E1,2.269082516E-1,4.037475288E-1,8.735434711E-2
2.209039100E1,2.013411224E-1,3.227849603E-1,8.628904819E-2
2.209546262E1,1.768392920E-1,2.354306281E-1,8.841964602E-2
2.210063434E1,1.523374617E-1,1.587292403E-1,7.883197069E-2
2.210570793E1,1.438150853E-1,9.161553532E-2,6.924430281E-2
2.211064199E1,1.534027606E-1,5.965662748E-2,7.244019210E-2
2.211585715E1,1.619251370E-1,7.883197069E-2,7.030959427E-2
2.212079574E1,1.757739931E-1,1.320968270E-1,6.498311460E-2
2.212588444E1,1.896228492E-1,1.832310706E-1,5.326484516E-2
2.213106851E1,1.981452256E-1,2.333000302E-1,3.515479714E-2
2.213613934E1,2.066676021E-1,2.663242221E-1,2.024064213E-2
2.214114887E1,2.162552774E-1,2.535406649E-1,2.982831374E-2
2.214614471E1,2.194511741E-1,2.343653291E-1,5.433014408E-2
2.215126997E1,2.098634988E-1,2.194511741E-1,7.137489319E-2
2.215626398E1,1.906881481E-1,2.024064213E-1,7.670138031E-2
2.216135684E1,1.725780964E-1,1.789698899E-1,7.350549102E-2
2.216661825E1,1.565986425E-1,1.576639414E-1,7.350549102E-2
2.217160414E1,1.448803842E-1,1.619251370E-1,7.776667923E-2
2.217674028E1,1.374233067E-1,1.693822145E-1,8.202786744E-2
2.218170065E1,1.406191885E-1,1.416844875E-1,8.202786744E-2
2.218674174E1,1.352927089E-1,2.663242258E-2,8.628904819E-2
2.219147440E1,1.352927089E-1,-2.705854177E-1,1.129214764E-1
2.219679716E1,1.235744432E-1,-5.241261125E-1,1.821657717E-1
2.220207799E1,1.331621110E-1,-6.370475888E-1,2.673895359E-1
2.220704122E1,1.715128124E-1,-6.828553081E-1,3.334379494E-1
2.221218633E1,2.024064213E-1,-6.839206219E-1,4.016169310E-1
2.221711440E1,2.034717202E-1,-7.052266002E-1,4.697959423E-1
2.222224435E1,1.661863178E-1,-7.275978327E-1,5.347790718E-1
2.222725112E1,1.054643989E-1,-7.222713232E-1,5.859133005E-1
2.223250789E1,3.835069016E-2,-7.030959725E-1,6.168069243E-1
2.223745284E1,-1.491415687E-2,-6.413087845E-1,6.231986880E-1
2.224277222E1,-6.604841352E-2,-5.614115000E-1,5.933703780E-1
2.224762081E1,-1.139867753E-1,-4.761877358E-1,5.646073818E-1
2.225295784E1,-1.555333585E-1,-3.941598535E-1,5.528891087E-1
2.225778508E1,-1.906881481E-1,-3.291767538E-1,5.433014631E-1
2.226283748E1,-2.141246796E-1,-2.716507316E-1,5.315831900E-1
2.226780305E1,-2.173205763E-1,-2.013411224E-1,5.113425255E-1
2.227316123E1,-2.194511741E-1,-1.480762810E-1,4.825794995E-1
2.227798128E1,-2.151899785E-1,-1.022685021E-1,4.666000605E-1
2.228313795E1,-2.034717202E-1,-6.072192639E-2,4.570123851E-1
2.228825910E1,-1.928187460E-1,-1.704475097E-2,4.431635141E-1
2.229324566E1,-1.757739931E-1,2.556712553E-2,4.282493591E-1
2.229821420E1,-1.565986425E-1,3.622009605E-2,4.080087245E-1
2.230338753E1,-1.384886056E-1,5.219954997E-2,3.920292854E-1
2.230842300E1,-1.299662292E-1,7.457078248E-2,3.707233369E-1
2.231350035E1,-1.225091442E-1,1.097255871E-1,3.558091819E-1
2.231857785E1,-1.107908785E-1,1.576639414E-1,3.504827023E-1
2.232366530E1,-1.043990999E-1,1.896228492E-1,3.419603109E-1
2.232901728E1,-1.033338010E-1,1.896228492E-1,3.238502741E-1
2.233385676E1,-1.086602882E-1,1.779045910E-1,3.025443256E-1
2.233879806E1,-1.182479635E-1,1.811004728E-1,2.833689749E-1
2.234406098E1,-1.310315281E-1,2.247776538E-1,2.791078091E-1
2.234913645E1,-1.342274100E-1,2.886954844E-1,2.833689749E-1
2.235406264E1,-1.342274100E-1,3.622009456E-1,2.833689749E-1
2.235910759E1,-1.193132550E-1,3.824416101E-1,2.705854177E-1
2.236428389E1,-1.054643989E-1,3.163931966E-1,2.386265099E-1
2.236929285E1,-9.800732136E-2,2.098634988E-1,1.992105246E-1
2.237438994E1,-9.055023640E-2,1.193132550E-1,1.693822145E-1
2.237938462E1,-9.800732136E-2,1.065296903E-1,1.491415650E-1
2.238454692E1,-1.043990999E-1,1.928187460E-1,1.427497864E-1
2.238958030E1,-1.043990999E-1,3.110667169E-1,1.374233067E-1
2.239466765E1,-9.587672353E-2,4.229228795E-1,1.395539045E-1
2.239970239E1,-9.161553532E-2,4.900365770E-1,1.363580078E-1
2.240480218E1,-1.065296903E-1,4.676653445E-1,1.214438528E-1
2.240990656E1,-1.267703325E-1,4.005516469E-1,1.097255871E-1
2.241507353E1,-1.459456831E-1,3.515479863E-1,1.065296903E-1
2.242003677E1,-1.629904360E-1,3.462215066E-1,9.694202244E-2
2.242513947E1,-1.651210189E-1,3.835068941E-1,8.948494494E-2
2.243015088E1,-1.608598381E-1,4.293146729E-1,7.989726961E-2
2.243521567E1,-1.608598381E-1,4.783183336E-1,6.711370498E-2
2.244025843E1,-1.629904360E-1,5.134730935E-1,6.285251677E-2
2.244556052E1,-1.661863178E-1,5.603461862E-1,5.433014408E-2
2.245214562E1,-1.640557349E-1,6.136110425E-1,4.474247247E-2
2.245550135E1,-1.480762810E-1,6.413087845E-1,5.752603337E-2
2.246071239E1,-1.448803842E-1,6.413087845E-1,7.030959427E-2
2.246581297E1,-1.608598381E-1,6.327863932E-1,8.096256852E-2
2.247072364E1,-1.768392920E-1,6.295905113E-1,9.694202244E-2
2.247576661E1,-1.811004728E-1,6.477005482E-1,1.086602882E-1
2.248101083E1,-1.853616685E-1,7.030959725E-1,1.033338010E-1
2.248588125E1,-1.949493438E-1,7.840585709E-1,8.735434711E-2
2.249103490E1,-2.151899785E-1,8.522375226E-1,8.202786744E-2
2.249616745E1,-2.482141852E-1,9.363960028E-1,7.670138031E-2
2.250133505E1,-2.844342887E-1,1.069558144E0,7.350549102E-2
2.250619594E1,-3.270461559E-1,1.235744476E0,6.924430281E-2
2.251128641E1,-3.728539348E-1,1.394473672E0,5.113425106E-2
2.251632724E1,-4.144005179E-1,1.519113421E0,2.130593918E-2
2.252144828E1,-4.474247098E-1,1.596880078E0,-3.195890691E-3
2.252657667E1,-4.729918540E-1,1.609663725E0,-2.663242258E-2
2.253156032E1,-4.804489315E-1,1.576639414E0,-3.515479714E-2
2.253659777E1,-4.719265401E-1,1.529766440E0,-3.622009605E-2
2.254168521E1,-4.527511895E-1,1.457326174E0,-4.048128426E-2
2.254676178E1,-4.112046063E-1,1.387016654E0,-3.089361079E-2
2.255185178E1,-3.632662594E-1,1.322033525E0,-2.556712553E-2
2.255690949E1,-3.217196763E-1,1.245332122E0,-2.663242258E-2
2.256197740E1,-2.695201337E-1,1.162238955E0,-7.457078435E-3
2.256713918E1,-2.237123549E-1,1.067427516E0,1.171826664E-2
2.257237876E1,-1.960146427E-1,9.491795897E-1,1.384885982E-2
2.257728730E1,-1.757739931E-1,8.096256852E-1,2.237123623E-2
2.258235375E1,-1.512721628E-1,7.350549102E-1,5.113425106E-2
2.258733663E1,-1.384886056E-1,6.860512495E-1,8.202786744E-2
2.259237751E1,-1.352927089E-1,6.338516474E-1,1.225091442E-1
2.259732558E1,-1.523374617E-1,5.752603412E-1,1.555333585E-1
2.260251720E1,-1.576639414E-1,5.411708355E-1,1.917534471E-1
2.260755313E1,-1.565986425E-1,5.124078393E-1,1.992105246E-1
2.261269298E1,-1.757739931E-1,4.751224220E-1,1.811004728E-1
2.261762298E1,-1.853616685E-1,4.122699201E-1,1.768392920E-1
2.262296658E1,-1.683169156E-1,3.739192188E-1,1.917534471E-1
2.262789804E1,-1.480762810E-1,3.483521044E-1,2.056023031E-1
2.263302553E1,-1.374233067E-1,3.313073516E-1,1.917534471E-1
2.263796054E1,-1.310315281E-1,3.504827023E-1,1.779045910E-1
2.264308845E1,-1.299662292E-1,3.440909088E-1,1.661863178E-1
2.264810804E1,-1.118561774E-1,3.195890784E-1,1.597945392E-1
2.265329991E1,-9.481142461E-2,2.865648866E-1,1.651210189E-1
2.265814320E1,-9.268083423E-2,2.258429527E-1,1.747086942E-1
2.266335736E1,-7.563608140E-2,1.672516167E-1,2.066676021E-1
2.266840101E1,-5.326484516E-2,1.299662292E-1,2.066676021E-1
2.267352127E1,-3.408950195E-2,1.470109820E-1,1.811004728E-1
2.267849335E1,-1.917534508E-2,1.800351888E-1,1.491415650E-1
2.268365122E1,-5.326484796E-3,2.024064213E-1,1.363580078E-1
2.268866929E1,5.326484796E-3,1.874922663E-1,1.406191885E-1
2.269378695E1,-6.391781382E-3,1.544680595E-1,1.427497864E-1
2.269882013E1,-1.811004803E-2,1.182479635E-1,1.427497864E-1
2.270385877E1,-1.811004803E-2,5.859133229E-2,1.320968270E-1
2.270894669E1,-8.522375487E-3,-3.835069016E-2,1.352927089E-1
2.271420612E1,8.522375487E-3,-1.683169156E-1,1.608598381E-1
2.271903232E1,2.663242258E-2,-2.950872481E-1,1.789698899E-1
2.272394471E1,4.261187837E-2,-3.728539348E-1,2.024064213E-1
2.272896695E1,4.367717355E-2,-3.952251673E-1,2.364959270E-1
2.273406659E1,2.663242258E-2,-3.813762963E-1,2.791078091E-1
2.273908977E1,6.391781382E-3,-3.440909088E-1,3.195890784E-1
2.274420841E1,-2.130593918E-2,-2.865648866E-1,3.494173884E-1
2.274987492E1,-2.450183034E-2,-2.311694324E-1,3.707233369E-1
2.275459919E1,1.278356276E-2,-2.428877056E-1,3.803110123E-1
2.275970060E1,6.498311460E-2,-3.089361191E-1,3.685927391E-1
2.276473456E1,1.310315281E-1,-3.941598535E-1,3.568744659E-1
2.276994357E1,1.981452256E-1,-5.177342892E-1,3.600703776E-1
2.277485670E1,2.599324584E-1,-6.434393525E-1,3.558091819E-1
2.277995545E1,3.004137278E-1,-7.382507920E-1,3.494173884E-1
2.278497331E1,2.940219641E-1,-8.011032939E-1,3.366338313E-1
2.279011925E1,2.865648866E-1,-7.989727259E-1,3.430256248E-1
2.279512342E1,2.950872481E-1,-7.244018912E-1,3.590050638E-1
2.280030868E1,2.940219641E-1,-6.274598837E-1,3.632662594E-1
2.280526977E1,2.791078091E-1,-5.784562230E-1,3.739192188E-1
2.281045972E1,2.578018606E-1,-5.955010056E-1,3.845722079E-1
2.281541430E1,2.279735506E-1,-5.901744962E-1,3.558091819E-1
2.282054748E1,2.034717202E-1,-5.635420680E-1,3.185237944E-1
2.282562899E1,1.779045910E-1,-5.816521049E-1,3.004137278E-1
2.283079451E1,1.661863178E-1,-5.976315737E-1,2.833689749E-1
2.283568530E1,1.629904360E-1,-6.168069243E-1,2.620630562E-1
2.284081894E1,1.640557349E-1,-6.338516474E-1,2.439530045E-1
2.284582644E1,1.693822145E-1,-6.423740387E-1,2.258429527E-1
2.285102884E1,1.896228492E-1,-6.849859357E-1,2.066676021E-1
2.285611150E1,2.759118974E-1,-8.149521351E-1,1.608598381E-1
2.286113941E1,3.025443256E-1,-8.181480169E-1,1.448803842E-1
2.286610858E1,2.812383771E-1,-7.829932570E-1,1.406191885E-1
2.287134655E1,2.780424953E-1,-7.574261427E-1,1.246397421E-1
2.287630988E1,2.886954844E-1,-6.988347769E-1,1.118561774E-1
2.288139712E1,2.769772112E-1,-6.178722382E-1,8.522375673E-2
2.288646124E1,2.290388346E-1,-5.997622013E-1,4.261187837E-2
2.289165087E1,1.704475135E-1,-5.603461862E-1,3.302420676E-2
2.289655541E1,1.470109820E-1,-4.442288280E-1,3.835069016E-2
2.290169910E1,1.438150853E-1,-3.515479863E-1,3.728539124E-2
2.290701093E1,1.352927089E-1,-3.036096394E-1,3.195890784E-2
2.291210790E1,1.289009303E-1,-2.759118974E-1,3.408950195E-2
2.291688838E1,1.203785539E-1,-2.482141852E-1,4.367717355E-2
2.292212874E1,1.150520667E-1,-2.034717202E-1,4.900366068E-2
2.292705812E1,1.161173657E-1,-1.395539045E-1,6.498311460E-2
2.293220046E1,1.022685021E-1,-9.481142461E-2,8.096256852E-2
2.293731739E1,8.628904819E-2,-2.024064213E-2,6.498311460E-2
2.294236359E1,7.883197069E-2,3.195890784E-2,5.433014408E-2
2.294736182E1,7.563608140E-2,5.113425106E-2,5.006895587E-2
2.295281656E1,7.350549102E-2,5.752603337E-2,4.793836176E-2
2.295754895E1,7.244019210E-2,4.900366068E-2,5.326484516E-2
2.296283578E1,6.711370498E-2,2.876301669E-2,5.646073818E-2
2.296771541E1,6.924430281E-2,2.130593918E-2,5.859133229E-2
2.297287083E1,7.457078248E-2,2.556712553E-2,5.113425106E-2
2.297781734E1,8.415845782E-2,4.154657945E-2,4.687306657E-2
2.298292885E1,9.055023640E-2,5.006895587E-2,5.006895587E-2
2.298800182E1,8.841964602E-2,3.515479714E-2,5.646073818E-2
2.299310104E1,8.096256852E-2,2.769771963E-2,6.072192639E-2
2.299937516E1,7.457078248E-2,4.687306657E-2,6.285251677E-2
2.300329891E1,7.030959427E-2,6.391781569E-2,6.711370498E-2
2.300860406E1,6.072192639E-2,7.670138031E-2,6.604841352E-2
2.301325922E1,4.687306657E-2,8.948494494E-2,5.965662748E-2
2.301845234E1,3.302420676E-2,9.694202244E-2,5.113425106E-2
2.302350979E1,2.450183034E-2,1.086602882E-1,4.474247247E-2
2.302855136E1,1.704475097E-2,1.107908785E-1,4.261187837E-2
2.303358360E1,1.171826664E-2,1.075949892E-1,4.048128426E-2
2.303884146E1,1.278356276E-2,1.054643989E-1,3.408950195E-2
2.304379526E1,1.384885982E-2,1.075949892E-1,2.769771963E-2
2.304896125E1,1.704475097E-2,1.043990999E-1,2.024064213E-2
2.305389438E1,2.130593918E-2,9.694202244E-2,1.384885982E-2
2.305911271E1,2.769771963E-2,8.948494494E-2,9.587672539E-3
2.306401089E1,3.515479714E-2,7.563608140E-2,5.326484796E-3
2.306921100E1,3.835069016E-2,5.219954997E-2,1.065296936E-3
2.307414402E1,4.261187837E-2,2.663242258E-2,-8.522375487E-3
2.307928298E1,4.474247247E-2,-1.811004803E-2,-1.597945392E-2
2.308430511E1,4.261187837E-2,-7.670138031E-2,-2.024064213E-2
2.308948225E1,3.941598535E-2,-1.384886056E-1,-2.343653329E-2
2.309449808E1,4.367717355E-2,-2.066676021E-1,-2.343653329E-2
2.309955511E1,3.728539124E-2,-2.194511741E-1,-3.408950195E-2
2.310469782E1,3.622009605E-2,-2.386265099E-1,-3.622009605E-2
2.310989610E1,5.433014408E-2,-2.823036909E-1,-3.195890784E-2
2.311472834E1,9.268083423E-2,-3.302420378E-1,-4.048128426E-2
2.311984371E1,1.214438528E-1,-3.419603109E-1,-4.367717355E-2
2.312486256E1,1.384886056E-1,-3.302420378E-1,-3.515479714E-2
2.313038126E1,1.576639414E-1,-3.302420378E-1,-2.556712553E-2
2.313517585E1,1.768392920E-1,-3.270461559E-1,-1.278356276E-2
2.314020684E1,1.842963696E-1,-2.993484437E-1,-7.457078435E-3
2.314530304E1,2.024064213E-1,-2.865648866E-1,-6.391781382E-3
2.315068027E1,2.247776538E-1,-2.801730931E-1,-1.384885982E-2
2.315530033E1,2.471488863E-1,-2.588671446E-1,-2.237123623E-2
2.316052444E1,2.663242221E-1,-2.162552774E-1,-2.556712553E-2
2.316545304E1,2.716507316E-1,-1.704475135E-1,-2.769771963E-2
2.317066752E1,2.599324584E-1,-1.097255871E-1,-2.450183034E-2
2.317579002E1,2.311694324E-1,-3.728539124E-2,-1.917534508E-2
2.318072658E1,1.949493438E-1,7.457078435E-3,-7.457078435E-3
2.318570830E1,1.565986425E-1,4.048128426E-2,3.195890691E-3
2.319096752E1,1.161173657E-1,4.687306657E-2,1.491415687E-2
2.319586981E1,7.457078248E-2,2.450183034E-2,4.367717355E-2
2.320099189E1,3.089361079E-2,1.597945392E-2,8.096256852E-2
2.320605611E1,-6.391781382E-3,1.171826664E-2,1.161173657E-1
2.321111377E1,-1.597945392E-2,-2.769771963E-2,1.257050335E-1
2.321611940E1,3.195890691E-3,-5.326484516E-2,1.107908785E-1
2.322134038E1,4.154657945E-2,-4.474247247E-2,8.735434711E-2
2.322650393E1,7.776667923E-2,-1.384885982E-2,4.687306657E-2
2.323145539E1,1.075949892E-1,4.261187837E-2,2.130593872E-3
2.323644065E1,1.299662292E-1,9.055023640E-2,-2.556712553E-2
2.324159518E1,1.523374617E-1,1.203785539E-1,-4.793836176E-2
2.324661044E1,1.693822145E-1,1.267703325E-1,-5.326484516E-2
2.325172856E1,1.832310706E-1,1.448803842E-1,-2.663242258E-2
2.325681346E1,2.002758235E-1,1.576639414E-1,2.130593872E-3
2.326202815E1,2.162552774E-1,1.661863178E-1,-3.195890691E-3
2.326697581E1,2.333000302E-1,1.480762810E-1,-3.728539124E-2
2.327208029E1,2.354306281E-1,1.022685021E-1,-6.072192639E-2
2.327712622E1,2.258429527E-1,8.948494494E-2,-6.072192639E-2
2.328216404E1,2.258429527E-1,6.498311460E-2,-6.391781569E-2
2.328728612E1,2.364959270E-1,2.343653329E-2,-9.694202244E-2
2.329232404E1,2.375612110E-1,2.130593872E-3,-1.310315281E-1
2.329733102E1,2.354306281E-1,1.065296936E-3,-1.555333585E-1
2.330244383E1,2.333000302E-1,-5.326484796E-3,-1.629904360E-1
2.330752029E1,2.333000302E-1,-1.065296959E-2,-1.672516167E-1
2.331274149E1,2.322347313E-1,4.261187743E-3,-1.715128124E-1
2.331761107E1,2.269082516E-1,3.195890784E-2,-1.704475135E-1
2.332251050E1,2.205164731E-1,6.072192639E-2,-1.747086942E-1
2.332777535E1,2.151899785E-1,9.374613315E-2,-1.853616685E-1
2.333285899E1,2.119940966E-1,1.161173657E-1,-2.013411224E-1
2.333793550E1,1.981452256E-1,1.289009303E-1,-1.938840449E-1
2.334306993E1,1.779045910E-1,1.470109820E-1,-1.853616685E-1
2.334806915E1,1.544680595E-1,1.789698899E-1,-1.864269674E-1
2.335310436E1,1.235744432E-1,1.981452256E-1,-1.693822145E-1
2.335821066E1,8.522375673E-2,1.747086942E-1,-1.289009303E-1
2.336326108E1,7.350549102E-2,2.151899785E-1,-1.448803842E-1
2.336832847E1,8.096256852E-2,3.025443256E-1,-1.715128124E-1
2.337341457E1,9.268083423E-2,3.462215066E-1,-1.906881481E-1
2.337842540E1,9.694202244E-2,3.558091819E-1,-2.109287977E-1
2.338364196E1,1.022685021E-1,3.728539348E-1,-2.386265099E-1
2.338859941E1,1.118561774E-1,3.898986876E-1,-2.609977424E-1
2.339372801E1,1.289009303E-1,3.930945694E-1,-2.844342887E-1
2.339868561E1,1.523374617E-1,3.994863629E-1,-3.025443256E-1
2.340392270E1,1.736433953E-1,4.080087245E-1,-3.195890784E-1
2.340904009E1,1.906881481E-1,4.293146729E-1,-3.387644291E-1
2.341394264E1,2.087981999E-1,4.879060090E-1,-3.387644291E-1
2.341898629E1,2.279735506E-1,5.944356918E-1,-3.323726356E-1
2.342413676E1,2.503447831E-1,7.350549102E-1,-3.100014031E-1
2.342927843E1,2.737812996E-1,8.927188516E-1,-2.897607684E-1
2.343441400E1,3.004137278E-1,1.007770896E0,-2.876301706E-1
2.343896312E1,3.259808719E-1,1.092994690E0,-2.780424953E-1
2.344445270E1,3.451561928E-1,1.157977819E0,-2.641936541E-1
2.344941895E1,3.696580231E-1,1.179283738E0,-2.641936541E-1
2.345455239E1,3.835068941E-1,1.183544874E0,-2.588671446E-1
2.345974697E1,3.920292854E-1,1.206981421E0,-2.631283402E-1
2.346505411E1,4.058781266E-1,1.229352713E0,-2.663242221E-1
2.346988489E1,4.165311158E-1,1.212307930E0,-2.567365468E-1
2.347484119E1,4.144005179E-1,1.163304210E0,-2.439530045E-1
2.347991062E1,4.112046063E-1,1.098321199E0,-2.183858752E-1
2.348494296E1,4.112046063E-1,1.035468578E0,-1.853616685E-1
2.348977557E1,4.005516469E-1,9.758120179E-1,-1.725780964E-1
2.349514739E1,3.909639716E-1,9.204165339E-1,-1.715128124E-1
2.350010713E1,3.707233369E-1,8.628905416E-1,-1.704475135E-1
2.350533531E1,3.430256248E-1,8.042991757E-1,-1.587292403E-1
2.351032083E1,3.142625988E-1,7.680791020E-1,-1.406191885E-1
2.351561479E1,2.801730931E-1,7.457078695E-1,-1.267703325E-1
2.352041276E1,2.503447831E-1,7.201407552E-1,-9.907261282E-2
2.352555713E1,2.183858752E-1,6.881818175E-1,-6.072192639E-2
2.353056891E1,1.853616685E-1,6.572881937E-1,-3.302420676E-2
2.353565438E1,1.565986425E-1,6.253293157E-1,-2.556712553E-2
2.354072104E1,1.406191885E-1,6.040233374E-1,-3.408950195E-2
2.354579995E1,1.257050335E-1,5.784562230E-1,-2.769771963E-2
2.355082839E1,1.139867753E-1,5.464973450E-1,0.000000000E0
2.355594813E1,1.075949892E-1,5.070813298E-1,1.384885982E-2
2.356101849E1,1.012032107E-1,4.836448133E-1,7.457078435E-3
2.356620448E1,9.374613315E-2,5.060160160E-1,-3.195890784E-2
2.357115860E1,6.604841352E-2,5.038854480E-1,-1.811004803E-2
2.357626344E1,5.113425106E-2,4.911018908E-1,6.391781382E-3
2.358128323E1,7.137489319E-2,5.273219943E-1,3.195890691E-3
2.358661006E1,9.907261282E-2,5.752603412E-1,-1.917534508E-2
2.359142214E1,1.310315281E-1,6.029580832E-1,-4.367717355E-2
2.359654964E1,1.683169156E-1,5.955010056E-1,-5.752603337E-2
2.360152464E1,1.928187460E-1,5.518237948E-1,-7.563608140E-2
2.360674954E1,2.194511741E-1,5.113425255E-1,-9.055023640E-2
2.361193808E1,2.343653291E-1,4.687306583E-1,-9.587672353E-2
2.361681444E1,2.354306281E-1,4.431635141E-1,-1.107908785E-1
2.362187116E1,2.322347313E-1,4.474247098E-1,-1.107908785E-1
2.362715558E1,2.226470560E-1,4.772530198E-1,-1.022685021E-1
2.363204084E1,1.949493438E-1,4.751224220E-1,-8.628904819E-2
2.363730694E1,1.555333585E-1,4.612735808E-1,-5.859133229E-2
2.364216105E1,1.182479635E-1,4.772530198E-1,-3.195890784E-2
2.364745600E1,9.161553532E-2,5.049507618E-1,2.130593872E-3
2.365235460E1,5.646073818E-2,5.081466436E-1,2.450183034E-2
2.365752038E1,1.704475097E-2,5.113425255E-1,3.622009605E-2
2.366211199E1,-6.391781382E-3,5.209302306E-1,6.072192639E-2
2.366749918E1,-3.515479714E-2,5.006895661E-1,7.350549102E-2
2.367271241E1,-5.433014408E-2,4.719265401E-1,7.989726961E-2
2.367776382E1,-4.474247247E-2,4.420982301E-1,9.055023640E-2
2.368279944E1,-2.769771963E-2,3.994863629E-1,7.457078248E-2
2.368781439E1,-1.171826664E-2,3.632662594E-1,5.539543927E-2
2.369298132E1,7.457078435E-3,3.419603109E-1,6.072192639E-2
2.369816502E1,2.343653329E-2,3.121320009E-1,6.498311460E-2
2.370311835E1,3.302420676E-2,2.620630562E-1,5.752603337E-2
2.370825122E1,4.900366068E-2,1.949493438E-1,4.154657945E-2
2.371324773E1,8.415845782E-2,1.320968270E-1,3.622009605E-2
2.371822122E1,1.118561774E-1,6.817900389E-2,3.408950195E-2
2.372342825E1,1.225091442E-1,1.917534508E-2,3.195890784E-2
2.372841726E1,1.289009303E-1,-2.130593872E-3,2.876301669E-2
2.373338268E1,1.342274100E-1,-7.457078435E-3,2.982831374E-2
2.373869320E1,1.342274100E-1,-1.811004803E-2,4.687306657E-2
2.374357893E1,1.416844875E-1,-3.835069016E-2,6.604841352E-2
2.374876247E1,1.523374617E-1,-4.580776766E-2,7.350549102E-2
2.375377377E1,1.576639414E-1,-3.728539124E-2,8.841964602E-2
2.375885726E1,1.565986425E-1,-3.195890784E-2,1.065296903E-1
2.376398112E1,1.523374617E-1,-4.900366068E-2,1.150520667E-1
2.376905726E1,1.470109820E-1,-6.924430281E-2,1.107908785E-1
2.377368831E1,1.448803842E-1,-8.522375673E-2,8.841964602E-2
2.377875622E1,1.384886056E-1,-1.012032107E-1,6.498311460E-2
2.378409331E1,1.267703325E-1,-1.267703325E-1,5.433014408E-2
2.378930784E1,1.065296903E-1,-1.470109820E-1,4.687306657E-2
2.379520195E1,8.309315890E-2,-1.470109820E-1,4.367717355E-2
2.379939513E1,6.498311460E-2,-1.289009303E-1,4.474247247E-2
2.380461898E1,5.113425106E-2,-1.097255871E-1,4.367717355E-2
2.380946847E1,4.154657945E-2,-8.309315890E-2,3.835069016E-2
2.381465706E1,3.302420676E-2,-5.539543927E-2,2.769771963E-2
2.381977268E1,2.024064213E-2,-3.408950195E-2,2.663242258E-2
2.382478716E1,1.384885982E-2,-5.326484796E-3,3.941598535E-2
2.382978013E1,8.522375487E-3,1.384885982E-2,4.367717355E-2
2.383487904E1,9.587672539E-3,2.343653329E-2,4.474247247E-2
2.383996597E1,6.391781382E-3,2.450183034E-2,4.580776766E-2
2.384507758E1,-4.261187743E-3,4.048128426E-2,3.835069016E-2
2.385008706E1,-1.597945392E-2,5.006895587E-2,2.450183034E-2
2.385514269E1,-1.597945392E-2,3.408950195E-2,7.457078435E-3
2.386017785E1,-8.522375487E-3,-5.326484796E-3,-1.065296959E-2
2.386536561E1,4.261187743E-3,-2.876301669E-2,-3.302420676E-2
2.387050108E1,1.384885982E-2,-4.900366068E-2,-4.793836176E-2
2.387552498E1,1.811004803E-2,-8.522375673E-2,-6.391781569E-2
2.388050264E1,2.024064213E-2,-1.107908785E-1,-7.563608140E-2
2.388573102E1,1.597945392E-2,-1.267703325E-1,-7.244019210E-2
2.389077212E1,1.065296959E-2,-1.395539045E-1,-5.752603337E-2
2.389589597E1,1.065296936E-3,-1.470109820E-1,-4.793836176E-2
2.390092066E1,-1.278356276E-2,-1.480762810E-1,-2.876301669E-2
2.390607233E1,-2.982831374E-2,-1.235744432E-1,-7.457078435E-3
2.391122483E1,-5.965662748E-2,-8.415845782E-2,3.195890691E-3
2.391601103E1,-9.055023640E-2,-5.006895587E-2,1.811004803E-2
2.392119712E1,-1.225091442E-1,-3.195890691E-3,1.811004803E-2
2.392632066E1,-1.640557349E-1,2.237123623E-2,-3.195890691E-3
2.393121343E1,-2.066676021E-1,4.474247247E-2,-4.261187837E-2
2.393628155E1,-2.354306281E-1,7.883197069E-2,-9.161553532E-2
2.394146249E1,-2.428877056E-1,1.139867753E-1,-1.278356314E-1
2.394647848E1,-2.428877056E-1,1.406191885E-1,-1.406191885E-1
2.395160723E1,-2.407571077E-1,1.672516167E-1,-1.438150853E-1
2.395679812E1,-2.269082516E-1,1.992105246E-1,-1.203785539E-1
2.396161332E1,-1.928187460E-1,2.247776538E-1,-7.989726961E-2
2.396682588E1,-1.512721628E-1,2.492794842E-1,-3.941598535E-2
2.397190359E1,-1.171826646E-1,2.652589381E-1,-6.391781382E-3
2.397688400E1,-9.800732136E-2,2.876301706E-1,3.195890691E-3
2.398187525E1,-8.522375673E-2,3.206543922E-1,-5.326484796E-3
2.398708046E1,-9.055023640E-2,3.408950269E-1,-1.065296959E-2
2.399202526E1,-1.012032107E-1,3.643315434E-1,-1.917534508E-2
2.399719697E1,-1.043990999E-1,4.048128426E-1,-2.663242258E-2
2.400222140E1,-9.800732136E-2,4.239881933E-1,-2.024064213E-2
2.400738802E1,-8.202786744E-2,3.984210491E-1,-2.343653329E-2
2.401236520E1,-5.646073818E-2,3.472867906E-1,-3.941598535E-2
2.401746317E1,-3.089361079E-2,2.833689749E-1,-4.900366068E-2
2.402245734E1,-1.597945392E-2,2.173205763E-1,-4.580776766E-2
2.402770870E1,-5.326484796E-3,2.045370042E-1,-4.900366068E-2
2.403262239E1,2.130593872E-3,2.215817571E-1,-5.433014408E-2
2.403784047E1,8.522375487E-3,2.343653291E-1,-4.687306657E-2
2.404281484E1,1.811004803E-2,2.301041335E-1,-3.408950195E-2
2.404806182E1,2.556712553E-2,2.247776538E-1,-2.663242258E-2
2.405288667E1,3.622009605E-2,2.333000302E-1,-1.384885982E-2
2.405774161E1,3.622009605E-2,2.546059787E-1,1.065296936E-3
2.406307052E1,2.876301669E-2,2.865648866E-1,5.326484796E-3
2.406832120E1,2.663242258E-2,3.195890784E-1,6.391781382E-3
2.407342334E1,2.876301669E-2,3.387644291E-1,1.065296936E-3
2.407828099E1,2.982831374E-2,3.547438681E-1,-8.522375487E-3
2.408340235E1,2.982831374E-2,3.547438681E-1,-2.024064213E-2
2.408843719E1,3.302420676E-2,3.323726356E-1,-2.982831374E-2
2.409343599E1,3.408950195E-2,2.961525619E-1,-3.941598535E-2
2.409861032E1,3.622009605E-2,2.705854177E-1,-3.835069016E-2
2.410361641E1,4.367717355E-2,2.535406649E-1,-4.580776766E-2
2.410879865E1,5.219954997E-2,2.567365468E-1,-7.244019210E-2
2.411378016E1,5.752603337E-2,2.609977424E-1,-8.628904819E-2
2.411910891E1,6.178722158E-2,2.535406649E-1,-8.628904819E-2
2.412396610E1,7.137489319E-2,2.386265099E-1,-8.522375673E-2
2.412902417E1,8.522375673E-2,2.269082516E-1,-8.628904819E-2
2.413408824E1,8.841964602E-2,2.301041335E-1,-8.841964602E-2
2.413922668E1,7.350549102E-2,2.524753809E-1,-8.522375673E-2
2.414422256E1,5.326484516E-2,2.886954844E-1,-7.457078248E-2
2.414935001E1,3.835069016E-2,3.110667169E-1,-5.646073818E-2
2.415430428E1,2.450183034E-2,3.153278828E-1,-5.006895587E-2
2.415963527E1,8.522375487E-3,3.089361191E-1,-3.941598535E-2
2.416448267E1,-1.171826664E-2,2.929566503E-1,-3.195890784E-2
2.416957032E1,-3.195890784E-2,2.780424953E-1,-2.343653329E-2
2.417460908E1,-4.687306657E-2,2.748466134E-1,-1.278356276E-2
2.417983444E1,-5.113425106E-2,2.705854177E-1,-2.237123623E-2
2.418473798E1,-5.006895587E-2,2.418224066E-1,-3.622009605E-2
2.418990819E1,-5.113425106E-2,2.194511741E-1,-3.302420676E-2
2.419492814E1,-5.433014408E-2,1.779045910E-1,-3.941598535E-2
2.420010272E1,-5.646073818E-2,1.480762810E-1,-5.219954997E-2
2.420508423E1,-6.817900389E-2,1.491415650E-1,-6.391781569E-2
2.421016720E1,-8.735434711E-2,1.715128124E-1,-6.285251677E-2
2.421517658E1,-1.075949892E-1,1.981452256E-1,-5.113425106E-2
2.422033387E1,-1.150520667E-1,2.258429527E-1,-3.408950195E-2
2.422537887E1,-1.171826646E-1,2.343653291E-1,-1.811004803E-2
2.423050059E1,-1.129214764E-1,2.439530045E-1,-8.522375487E-3
2.423556616E1,-1.012032107E-1,2.482141852E-1,-4.261187743E-3
2.424062163E1,-8.415845782E-2,2.418224066E-1,3.195890691E-3
2.424582554E1,-7.883197069E-2,2.343653291E-1,2.024064213E-2
2.425083367E1,-8.309315890E-2,2.343653291E-1,3.622009605E-2
2.425576335E1,-8.948494494E-2,2.567365468E-1,4.048128426E-2
2.426087533E1,-9.481142461E-2,2.865648866E-1,4.474247247E-2
2.426587268E1,-1.033338010E-1,3.036096394E-1,5.113425106E-2
2.427098398E1,-1.075949892E-1,3.025443256E-1,5.859133229E-2
2.427621242E1,-1.033338010E-1,2.982831299E-1,7.030959427E-2
2.428115476E1,-1.065296903E-1,3.004137278E-1,7.670138031E-2
2.428612737E1,-1.118561774E-1,2.950872481E-1,7.989726961E-2
2.429129122E1,-1.033338010E-1,2.748466134E-1,8.202786744E-2
2.429649836E1,-9.374613315E-2,2.492794842E-1,8.628904819E-2
2.430147508E1,-7.883197069E-2,2.322347313E-1,9.481142461E-2
2.430658992E1,-6.178722158E-2,2.173205763E-1,9.374613315E-2
2.431170737E1,-4.474247247E-2,2.130593807E-1,9.374613315E-2
2.431657195E1,-3.195890784E-2,2.013411224E-1,8.735434711E-2
2.432181758E1,-9.587672539E-3,1.960146427E-1,8.202786744E-2
2.432651701E1,7.457078435E-3,2.024064213E-1,8.522375673E-2
2.433191810E1,1.065296936E-3,2.045370042E-1,8.309315890E-2
2.433691612E1,-1.171826664E-2,1.896228492E-1,7.670138031E-2
2.434220862E1,-2.130593918E-2,1.832310706E-1,7.350549102E-2
2.434702451E1,-2.663242258E-2,1.597945392E-1,7.244019210E-2
2.435234680E1,-2.982831374E-2,1.565986425E-1,7.137489319E-2
2.435714737E1,-2.982831374E-2,1.683169156E-1,7.350549102E-2
2.436229873E1,-1.917534508E-2,1.693822145E-1,1.331621110E-1
2.436734842E1,-2.450183034E-2,2.013411224E-1,1.491415650E-1
2.437255274E1,-3.408950195E-2,2.716507316E-1,1.384886056E-1
2.437750821E1,-2.876301669E-2,2.780424953E-1,1.235744432E-1
2.438266477E1,-1.384885982E-2,2.492794842E-1,1.001379117E-1
2.438775415E1,2.130593872E-3,2.290388346E-1,9.694202244E-2
2.439310774E1,1.704475097E-2,2.119940966E-1,8.948494494E-2
2.439791477E1,3.622009605E-2,1.928187460E-1,8.522375673E-2
2.440296566E1,5.219954997E-2,1.832310706E-1,9.055023640E-2
2.440788274E1,4.900366068E-2,1.757739931E-1,9.481142461E-2
2.441304097E1,4.048128426E-2,1.725780964E-1,9.800732136E-2
2.441804577E1,2.876301669E-2,1.704475135E-1,1.054643989E-1
2.442315733E1,1.917534508E-2,1.565986425E-1,1.075949892E-1
2.442818832E1,9.587672539E-3,1.374233067E-1,1.065296903E-1
2.443350144E1,-1.065296936E-3,1.235744432E-1,1.022685021E-1
2.443832832E1,-1.917534508E-2,1.182479635E-1,9.694202244E-2
2.444349582E1,-4.154657945E-2,1.289009303E-1,8.628904819E-2
2.444845634E1,-6.604841352E-2,1.565986425E-1,7.776667923E-2
2.445367660E1,-8.735434711E-2,2.002758235E-1,6.391781569E-2
2.445885124E1,-1.065296903E-1,2.556712627E-1,5.433014408E-2
2.446393353E1,-1.118561774E-1,3.004137278E-1,4.048128426E-2
2.446870858E1,-1.118561774E-1,3.302420378E-1,3.835069016E-2
2.447406374E1,-1.075949892E-1,3.419603109E-1,4.900366068E-2
2.447894707E1,-9.694202244E-2,3.419603109E-1,5.859133229E-2
2.448419286E1,-9.268083423E-2,3.334379494E-1,7.030959427E-2
2.448901426E1,-9.268083423E-2,3.259808719E-1,7.350549102E-2
2.449428780E1,-9.800732136E-2,3.238502741E-1,6.391781569E-2
2.449923744E1,-9.800732136E-2,3.323726356E-1,6.817900389E-2
2.450445161E1,-8.202786744E-2,3.291767538E-1,1.182479635E-1
2.450940926E1,-8.735434711E-2,3.078708053E-1,1.320968270E-1
2.451450546E1,-9.161553532E-2,3.068055212E-1,1.470109820E-1
2.451943317E1,-8.096256852E-2,2.769772112E-1,1.555333585E-1
2.452456255E1,-5.646073818E-2,2.226470560E-1,1.608598381E-1
2.452960802E1,-3.622009605E-2,1.672516167E-1,1.629904360E-1
2.453477020E1,-2.343653329E-2,1.352927089E-1,1.619251370E-1
2.453970729E1,-1.597945392E-2,1.075949892E-1,1.608598381E-1
2.454491328E1,-1.065296959E-2,9.481142461E-2,1.597945392E-1
2.454998979E1,-9.587672539E-3,1.097255871E-1,1.544680595E-1
2.455504151E1,-1.811004803E-2,1.416844875E-1,1.416844875E-1
2.455972838E1,-3.728539124E-2,1.640557349E-1,1.331621110E-1
2.456516864E1,-5.326484516E-2,1.864269674E-1,1.299662292E-1
2.457020458E1,-5.646073818E-2,1.800351888E-1,1.129214764E-1
2.457569219E1,-5.433014408E-2,1.555333585E-1,1.001379117E-1
2.458048917E1,-4.793836176E-2,1.299662292E-1,8.948494494E-2
2.458557896E1,-2.876301669E-2,1.672516167E-1,1.118561774E-1
2.459044255E1,-4.154657945E-2,1.608598381E-1,1.043990999E-1
2.459552854E1,-6.072192639E-2,1.587292403E-1,7.883197069E-2
2.460058006E1,-6.817900389E-2,1.491415650E-1,7.244019210E-2
2.460593698E1,-6.391781569E-2,1.203785539E-1,5.859133229E-2
2.461074422E1,-5.113425106E-2,1.075949892E-1,6.178722158E-2
2.461584119E1,-3.195890784E-2,7.030959427E-2,5.326484516E-2
2.462092454E1,-1.278356276E-2,3.089361079E-2,4.793836176E-2
2.462604537E1,-4.261187743E-3,1.065296959E-2,4.261187837E-2
2.463101563E1,-6.391781382E-3,2.130593872E-3,3.728539124E-2
2.463632870E1,-2.130593918E-2,8.522375487E-3,3.728539124E-2
2.464141188E1,-4.474247247E-2,3.195890784E-2,3.835069016E-2
2.464647833E1,-6.072192639E-2,3.302420676E-2,2.769771963E-2
2.465148053E1,-6.391781569E-2,1.597945392E-2,1.384885982E-2
2.465636386E1,-6.817900389E-2,4.261187743E-3,4.261187743E-3
2.466141131E1,-7.137489319E-2,1.065296959E-2,1.065296936E-3
2.466657256E1,-7.350549102E-2,1.704475097E-2,-2.130593872E-3
2.467154209E1,-6.817900389E-2,2.024064213E-2,2.130593872E-3
2.467672517E1,-3.195890784E-2,1.150520667E-1,6.498311460E-2
2.468169230E1,-5.006895587E-2,1.427497864E-1,6.498311460E-2
2.468685032E1,-6.285251677E-2,1.683169156E-1,3.728539124E-2
2.469210017E1,-5.326484516E-2,1.587292403E-1,3.195890784E-2
2.469701491E1,-3.195890784E-2,1.374233067E-1,1.597945392E-2
2.470198246E1,-1.171826664E-2,1.384886056E-1,2.024064213E-2
2.470717230E1,-6.391781382E-3,1.480762810E-1,1.065296959E-2
2.471221809E1,-9.587672539E-3,1.885575503E-1,6.391781382E-3
2.471743158E1,-2.450183034E-2,2.269082516E-1,-9.587672539E-3
2.472240960E1,-4.580776766E-2,2.673895359E-1,-3.089361079E-2
2.472744074E1,-7.137489319E-2,3.025443256E-1,-5.219954997E-2
2.473244319E1,-9.800732136E-2,3.270461559E-1,-7.457078248E-2
2.473764642E1,-1.161173657E-1,3.451561928E-1,-9.481142461E-2
2.474255585E1,-1.342274100E-1,3.451561928E-1,-1.235744432E-1
2.474748382E1,-1.502068639E-1,3.387644291E-1,-1.491415650E-1
2.475251975E1,-1.587292403E-1,3.270461559E-1,-1.661863178E-1
2.475773851E1,-1.534027606E-1,3.057402074E-1,-1.747086942E-1
2.476277497E1,-1.470109820E-1,2.897607684E-1,-1.779045910E-1
2.476788929E1,-1.406191885E-1,2.641936541E-1,-1.832310706E-1
2.477295169E1,-1.331621110E-1,2.439530045E-1,-1.800351888E-1
2.477808705E1,-1.182479635E-1,2.386265099E-1,-1.736433953E-1
2.478306736E1,-1.065296903E-1,2.503447831E-1,-1.715128124E-1
2.478819851E1,-1.065296903E-1,2.684548199E-1,-1.779045910E-1
2.479320669E1,-1.107908785E-1,2.854995728E-1,-1.885575503E-1
2.479848523E1,-1.235744432E-1,2.865648866E-1,-2.087981999E-1
2.480335320E1,-1.374233067E-1,2.993484437E-1,-2.322347313E-1
2.480853237E1,-1.470109820E-1,3.302420378E-1,-2.514100671E-1
2.481350747E1,-1.534027606E-1,3.622009456E-1,-2.780424953E-1
2.481867528E1,-1.565986425E-1,3.739192188E-1,-3.046749234E-1
2.482364180E1,-1.491415650E-1,3.685927391E-1,-3.185237944E-1
2.482880435E1,-1.427497864E-1,3.675274551E-1,-3.227849603E-1
2.483378320E1,-1.289009303E-1,3.685927391E-1,-3.345032334E-1
2.483897185E1,-1.043990999E-1,3.643315434E-1,-3.494173884E-1
2.484392852E1,-7.670138031E-2,3.653968573E-1,-3.675274551E-1
2.484904628E1,-6.391781569E-2,3.781804144E-1,-3.835068941E-1
2.485405940E1,-7.137489319E-2,4.101393223E-1,-3.952251673E-1
2.485922904E1,-7.457078248E-2,4.516859055E-1,-4.175963998E-1
2.486424508E1,-7.670138031E-2,4.964283705E-1,-4.474247098E-1
2.486935920E1,-8.202786744E-2,5.283873081E-1,-4.687306583E-1
2.487433842E1,-8.628904819E-2,5.454320312E-1,-4.804489315E-1
2.487960888E1,-9.268083423E-2,5.496932268E-1,-4.900365770E-1
2.488448508E1,-1.033338010E-1,5.709991455E-1,-4.900365770E-1
2.488965316E1,-1.257050335E-1,6.263945699E-1,-4.942977726E-1
2.489472118E1,-1.683169156E-1,6.775288582E-1,-5.539544225E-1
2.489981524E1,-2.194511741E-1,6.594188213E-1,-7.190754414E-1
2.490485524E1,-2.162552774E-1,6.178722382E-1,-8.245398402E-1
2.490994456E1,-1.672516167E-1,5.784562230E-1,-8.767393827E-1
2.491499868E1,-1.331621110E-1,5.369096398E-1,-9.055023789E-1
2.492016373E1,-1.278356314E-1,4.825794995E-1,-9.268083572E-1
2.492507868E1,-1.342274100E-1,4.825794995E-1,-8.927188516E-1
2.493019368E1,-1.874922663E-1,4.570123851E-1,-8.288010359E-1
2.493520811E1,-2.950872481E-1,4.186616838E-1,-8.447804451E-1
2.494034139E1,-3.472867906E-1,3.867027760E-1,-8.564987183E-1
2.494538556E1,-3.046749234E-1,3.227849603E-1,-8.863270283E-1
2.495048670E1,-2.269082516E-1,2.173205763E-1,-9.193512797E-1
2.495564415E1,-1.661863178E-1,6.604841352E-2,-9.300042391E-1
2.496063405E1,-1.289009303E-1,-5.219954997E-2,-9.363960028E-1
2.496564728E1,-1.246397421E-1,-1.054643989E-1,-9.321348071E-1
2.497074425E1,-1.235744432E-1,-1.171826646E-1,-9.545060396E-1
2.497605801E1,-1.544680595E-1,-9.481142461E-2,-1.008836150E0
2.498106233E1,-1.906881481E-1,-7.244019210E-2,-1.081276417E0
2.498612207E1,-2.109287977E-1,-5.646073818E-2,-1.156912446E0
2.499112973E1,-2.375612110E-1,-5.219954997E-2,-1.244266868E0
2.499613817E1,-2.535406649E-1,-5.965662748E-2,-1.385951281E0
2.500125296E1,-2.503447831E-1,-7.670138031E-2,-1.555333495E0
2.500635463E1,-2.759118974E-1,-1.395539045E-1,-1.712997437E0
2.501143265E1,-3.622009456E-1,-2.908260524E-1,-1.832310677E0
2.501662853E1,-5.262566805E-1,-4.996242523E-1,-1.881314397E0
2.502161411E1,-6.988347769E-1,-7.936462164E-1,-1.844028950E0
2.502659077E1,-1.032272696E0,-1.574508905E0,-1.643753171E0
2.503219739E1,-1.427497864E0,-3.012659788E0,-1.031207442E0
2.503682130E1,-1.485023975E0,-5.087858200E0,7.797973752E-1
2.504208682E1,-8.533028364E-1,-6.551576138E0,2.215817690E0
2.504687192E1,-4.048128426E-1,-6.419479370E0,1.593684196E0
2.505204020E1,-6.945735812E-1,-5.266828060E0,4.357064366E-1
2.505700765E1,-1.164369583E0,-4.134417534E0,5.006895587E-2
2.506215807E1,-1.302858114E0,-4.228163719E0,6.722023487E-1
2.506712979E1,-7.723402977E-1,-5.735558510E0,1.803547740E0
2.507231401E1,2.482141852E-1,-7.580653191E0,3.188433647E0
2.507756797E1,1.313511133E0,-8.785503387E0,4.656413078E0
2.508259114E1,2.432072878E0,-9.436400414E0,6.021058083E0
2.508751234E1,3.653968573E0,-9.288324356E0,7.258933544E0
2.509261844E1,4.422047615E0,-6.645322323E0,7.823540688E0
2.509759609E1,3.697645664E0,-2.242449999E0,6.838140965E0
2.510269141E1,2.290388346E0,2.154030323E0,5.030332088E0
2.510787276E1,1.040795088E0,4.977067471E0,3.243829250E0
2.511288802E1,1.342274100E-1,5.512911797E0,1.730042219E0
2.511793953E1,-3.675274551E-1,4.495553017E0,4.527511895E-1
2.512309755E1,-4.644694626E-1,2.710115433E0,-4.239881933E-1
2.512821099E1,-2.886954844E-1,9.214818478E-1,-6.285251975E-1
2.513318953E1,4.900366068E-2,-3.281114697E-1,-4.314452708E-1
2.513815652E1,4.090740085E-1,-8.213439584E-1,-2.727160156E-1
2.514385469E1,6.263945699E-1,-7.712749839E-1,-2.226470560E-1
2.514852437E1,6.530269980E-1,-4.911018908E-1,-1.704475135E-1
2.515347214E1,5.614115000E-1,-5.752603337E-2,-8.309315890E-2
2.515847917E1,4.357064366E-1,4.175963998E-1,1.917534508E-2
2.516358766E1,3.121320009E-1,7.915156484E-1,1.203785539E-1
2.516861938E1,1.949493438E-1,1.004575014E0,2.045370042E-1
2.517374761E1,9.800732136E-2,1.071688771E0,2.780424953E-1
2.517883579E1,2.556712553E-2,1.026946187E0,3.249155581E-1
2.518398058E1,-2.663242258E-2,8.969800472E-1,3.494173884E-1
2.518903340E1,-5.965662748E-2,6.977695227E-1,3.494173884E-1
2.519406714E1,-8.202786744E-2,4.634041786E-1,3.185237944E-1
2.519898657E1,-9.800732136E-2,2.290388346E-1,2.524753809E-1
2.520418506E1,-1.214438528E-1,4.261187837E-2,1.864269674E-1
2.520916960E1,-1.523374617E-1,-7.776667923E-2,1.534027606E-1
2.521444465E1,-1.917534471E-1,-1.534027606E-1,1.331621110E-1
2.521929986E1,-2.301041335E-1,-1.896228492E-1,1.118561774E-1
2.522473777E1,-2.578018606E-1,-2.002758235E-1,1.001379117E-1
2.522944001E1,-2.673895359E-1,-1.992105246E-1,9.374613315E-2
2.523453725E1,-2.663242221E-1,-2.056023031E-1,8.096256852E-2
2.523956788E1,-2.503447831E-1,-2.130593807E-1,6.285251677E-2
2.524479814E1,-2.205164731E-1,-2.109287977E-1,3.835069016E-2
2.524996679E1,-1.779045910E-1,-1.949493438E-1,1.491415687E-2
2.525493059E1,-1.310315281E-1,-1.693822145E-1,-1.065296959E-2
2.525997293E1,-8.309315890E-2,-1.352927089E-1,-3.089361079E-2
2.526516746E1,-3.622009605E-2,-9.694202244E-2,-4.687306657E-2
2.527001361E1,2.130593872E-3,-7.030959427E-2,-4.367717355E-2
2.527526085E1,2.982831374E-2,-5.113425106E-2,-2.343653329E-2
2.528013653E1,4.687306657E-2,-4.367717355E-2,5.326484796E-3
2.528530986E1,5.433014408E-2,-4.580776766E-2,2.663242258E-2
2.529028637E1,5.113425106E-2,-4.580776766E-2,4.048128426E-2
2.529549044E1,4.687306657E-2,-3.302420676E-2,5.859133229E-2
2.530059361E1,3.408950195E-2,-4.261187743E-3,8.522375673E-2
2.530555643E1,2.130593918E-2,4.048128426E-2,1.065296903E-1
2.531048257E1,7.457078435E-3,8.735434711E-2,1.203785539E-1
2.531539289E1,-7.457078435E-3,1.235744432E-1,1.289009303E-1
2.532094195E1,-1.704475097E-2,1.491415650E-1,1.320968270E-1
2.532613174E1,-2.982831374E-2,1.597945392E-1,1.289009303E-1
2.533087060E1,-3.728539124E-2,1.587292403E-1,1.225091442E-1
2.533602258E1,-4.048128426E-2,1.491415650E-1,1.182479635E-1
2.534139591E1,-3.941598535E-2,1.235744432E-1,1.246397421E-1
2.534617440E1,-2.450183034E-2,1.075949892E-1,1.320968270E-1
2.535118643E1,5.326484796E-3,1.054643989E-1,1.374233067E-1
2.535628471E1,3.941598535E-2,1.075949892E-1,1.470109820E-1
2.536130393E1,8.096256852E-2,9.907261282E-2,1.576639414E-1
2.536641424E1,1.246397421E-1,8.841964602E-2,1.640557349E-1
2.537145268E1,1.640557349E-1,7.776667923E-2,1.608598381E-1
2.537670534E1,1.779045910E-1,3.408950195E-2,1.597945392E-1
2.538160232E1,1.651210189E-1,-4.154657945E-2,1.661863178E-1
2.538671196E1,1.502068639E-1,-1.107908785E-1,1.619251370E-1
2.539167592E1,1.161173657E-1,-1.651210189E-1,1.640557349E-1
2.539686810E1,2.237123623E-2,-2.343653291E-1,1.789698899E-1
2.540189618E1,-6.391781569E-2,-2.333000302E-1,1.832310706E-1
2.540702284E1,-1.075949892E-1,-1.555333585E-1,1.768392920E-1
2.541202498E1,-1.150520667E-1,-3.835069016E-2,1.693822145E-1
2.541721946E1,-9.268083423E-2,5.646073818E-2,1.768392920E-1
2.542219998E1,-4.793836176E-2,9.800732136E-2,2.024064213E-1
2.542727790E1,1.171826664E-2,9.055023640E-2,2.482141852E-1
2.543236113E1,7.883197069E-2,3.835069016E-2,3.068055212E-1
2.543746878E1,1.491415650E-1,-4.474247247E-2,3.707233369E-1
2.544239394E1,2.056023031E-1,-1.374233067E-1,4.346411526E-1
2.544772738E1,2.418224066E-1,-2.183858752E-1,4.708612561E-1
2.545271686E1,2.631283402E-1,-2.705854177E-1,4.868406951E-1
2.545768868E1,2.801730931E-1,-2.769772112E-1,4.964283705E-1
2.546282785E1,2.886954844E-1,-2.652589381E-1,5.006895661E-1
2.546781920E1,3.025443256E-1,-2.673895359E-1,4.804489315E-1
2.547285889E1,3.622009456E-1,-3.142625988E-1,4.154658020E-1
2.547764478E1,5.837827325E-1,-5.699338317E-1,2.609977424E-1
2.548301816E1,1.192067266E0,-1.443477392E0,-3.302420676E-2
2.548825707E1,1.996366501E0,-2.324477911E0,-3.994863629E-1
2.549315290E1,2.303171873E0,-1.775849938E0,-6.722023487E-1
2.549828983E1,2.173205853E0,-8.000379801E-1,-7.691444159E-1
2.550327488E1,1.795025349E0,-4.697959423E-1,-6.849859357E-1
2.550848285E1,1.213373184E0,-2.109287977E-1,-5.326484442E-1
2.551341770E1,6.072192788E-1,1.320968270E-1,-4.751224220E-1
2.551873291E1,1.299662292E-1,1.779045910E-1,-5.017548800E-1
2.552373551E1,-2.151899785E-1,3.408950195E-2,-4.974936545E-1
2.552876572E1,-3.845722079E-1,-9.374613315E-2,-4.112046063E-1
2.553380916E1,-4.122699201E-1,-1.374233067E-1,-3.025443256E-1
2.553893010E1,-3.749845326E-1,-1.299662292E-1,-2.056023031E-1
2.554391369E1,-3.472867906E-1,-1.235744432E-1,-1.331621110E-1
2.554905744E1,-3.696580231E-1,-1.544680595E-1,-8.415845782E-2
2.555411640E1,-4.303799570E-1,-2.066676021E-1,-4.900366068E-2
2.555918645E1,-4.836448133E-1,-2.492794842E-1,-6.391781382E-3
2.556423557E1,-5.273219943E-1,-2.876301706E-1,4.367717355E-2
2.556926510E1,-5.720644593E-1,-3.057402074E-1,1.299662292E-1
2.557427895E1,-6.295905113E-1,-3.355685472E-1,2.940219641E-1
2.557946161E1,-6.817900538E-1,-3.877680898E-1,4.655347466E-1
2.558408875E1,-7.286630869E-1,-4.655347466E-1,5.731297731E-1
2.558956317E1,-7.787320614E-1,-5.773909688E-1,6.540923119E-1
2.559456849E1,-8.053644896E-1,-6.999000907E-1,7.094877362E-1
2.559995067E1,-8.021686077E-1,-7.883197069E-1,7.190754414E-1
2.560487073E1,-7.616873384E-1,-8.245398402E-1,6.999000907E-1
2.560987328E1,-6.764635444E-1,-8.437151909E-1,6.690064669E-1
2.561495224E1,-5.592808723E-1,-8.586293459E-1,6.349169612E-1
2.562001490E1,-4.080087245E-1,-8.596946001E-1,5.805868506E-1
2.562506099E1,-2.237123549E-1,-8.682169914E-1,5.294525623E-1
2.563012281E1,-4.367717355E-2,-8.373233676E-1,4.580776691E-1
2.563513964E1,8.841964602E-2,-7.457078695E-1,3.675274551E-1
2.564026662E1,1.736433953E-1,-6.263945699E-1,2.876301706E-1
2.564530912E1,2.269082516E-1,-5.081466436E-1,2.215817571E-1
2.565046370E1,2.471488863E-1,-4.090740085E-1,1.672516167E-1
2.565560240E1,2.194511741E-1,-3.387644291E-1,1.352927089E-1
2.566071683E1,1.874922663E-1,-3.408950269E-1,1.384886056E-1
2.566556959E1,1.352927089E-1,-2.950872481E-1,1.193132550E-1
2.567075594E1,7.457078248E-2,-1.949493438E-1,7.670138031E-2
2.567583782E1,3.302420676E-2,-9.161553532E-2,5.006895587E-2
2.568090094E1,2.876301669E-2,-8.522375487E-3,6.072192639E-2
2.568592449E1,4.687306657E-2,3.728539124E-2,8.948494494E-2
2.569095428E1,6.178722158E-2,7.563608140E-2,8.841964602E-2
2.569623839E1,7.350549102E-2,1.193132550E-1,6.924430281E-2
2.570116615E1,8.948494494E-2,1.534027606E-1,5.859133229E-2
2.570616923E1,1.193132550E-1,1.832310706E-1,6.391781569E-2
2.571138511E1,1.597945392E-1,2.215817571E-1,6.391781569E-2
2.571632074E1,2.034717202E-1,2.609977424E-1,7.244019210E-2
2.572144621E1,2.471488863E-1,2.918913662E-1,7.989726961E-2
2.572657517E1,2.791078091E-1,3.142625988E-1,8.628904819E-2
2.573156350E1,3.057402074E-1,3.142625988E-1,9.161553532E-2
2.573660819E1,3.345032334E-1,2.972178459E-1,1.299662292E-1
2.574181569E1,3.898986876E-1,2.759118974E-1,2.013411224E-1
2.574675434E1,4.825794995E-1,2.343653291E-1,3.771151006E-1
2.575190168E1,6.359822750E-1,2.982831374E-2,8.383886814E-1
2.575686356E1,7.307937145E-1,-1.779045910E-1,1.176087856E0
2.576226277E1,7.744708657E-1,-4.048128426E-1,1.388081908E0
2.576698397E1,7.116183639E-1,-5.699338317E-1,1.575574160E0
2.577229944E1,5.699338317E-1,-6.796594262E-1,1.697018027E0
2.577718939E1,4.037475288E-1,-8.319969177E-1,1.732172847E0
2.578231632E1,2.343653291E-1,-1.018423915E0,1.722585201E0
2.578737892E1,1.225091442E-1,-1.171826601E0,1.717258692E0
2.579241486E1,7.457078248E-2,-1.232548594E0,1.730042219E0
2.579741288E1,6.178722158E-2,-1.222960830E0,1.753478765E0
2.580255918E1,6.498311460E-2,-1.154781938E0,1.746021628E0
2.580758820E1,7.030959427E-2,-1.052513361E0,1.700213909E0
2.581266377E1,6.498311460E-2,-9.321348071E-1,1.607533097E0
2.581769970E1,2.982831374E-2,-8.426498771E-1,1.465848565E0
2.582279544E1,-1.278356276E-2,-8.160174489E-1,1.342274189E0
2.582783924E1,-4.154657945E-2,-8.351927996E-1,1.263442159E0
2.583301976E1,-7.350549102E-2,-8.660864234E-1,1.215503812E0
2.583796882E1,-1.203785539E-1,-9.182859659E-1,1.152651310E0
2.584323820E1,-1.853616685E-1,-9.555713534E-1,1.029076815E0
2.584813935E1,-2.386265099E-1,-9.108288884E-1,8.884576559E-1
2.585329216E1,-2.396918088E-1,-8.426498771E-1,7.936462164E-1
2.585830909E1,-2.109287977E-1,-8.149521351E-1,7.318589687E-1
2.586344346E1,-1.821657717E-1,-7.989727259E-1,6.658105850E-1
2.586860096E1,-1.491415650E-1,-7.744708657E-1,5.795215368E-1
2.587363513E1,-1.129214764E-1,-7.233366370E-1,4.591429830E-1
2.587870643E1,-7.883197069E-2,-6.381128430E-1,3.345032334E-1
2.588370581E1,-3.622009605E-2,-5.379749537E-1,2.418224066E-1
2.588867013E1,1.065296959E-2,-4.484900236E-1,1.672516167E-1
2.589391591E1,6.498311460E-2,-3.771151006E-1,9.694202244E-2
2.589886716E1,1.129214764E-1,-3.270461559E-1,4.474247247E-2
2.590395831E1,1.459456831E-1,-2.844342887E-1,2.024064213E-2
2.591029409E1,1.534027606E-1,-2.279735506E-1,-1.811004803E-2
2.591427784E1,1.352927089E-1,-1.384886056E-1,-4.367717355E-2
2.591966206E1,9.161553532E-2,-3.408950195E-2,-3.941598535E-2
2.592420149E1,2.556712553E-2,6.924430281E-2,-1.704475097E-2
2.592930503E1,-4.793836176E-2,1.587292403E-1,0.000000000E0
2.593400451E1,-1.054643989E-1,2.279735506E-1,9.587672539E-3
2.593952092E1,-1.416844875E-1,2.801730931E-1,1.704475097E-2
2.594453045E1,-1.704475135E-1,3.323726356E-1,2.556712553E-2
2.594962238E1,-2.034717202E-1,3.845722079E-1,3.089361079E-2
2.595478384E1,-2.364959270E-1,4.335758388E-1,3.622009605E-2
2.595975852E1,-2.482141852E-1,4.591429830E-1,4.580776766E-2
2.596482837E1,-2.173205763E-1,4.389023483E-1,7.883197069E-2
2.596990936E1,-1.534027606E-1,3.728539348E-1,1.299662292E-1
2.597493743E1,-9.161553532E-2,2.631283402E-1,1.565986425E-1
2.598006358E1,-4.793836176E-2,1.246397421E-1,1.576639414E-1
2.598518603E1,-2.237123623E-2,-3.195890691E-3,1.565986425E-1
2.599022540E1,-1.278356276E-2,-9.481142461E-2,1.672516167E-1
2.599536519E1,-1.491415687E-2,-1.299662292E-1,1.736433953E-1
2.600046087E1,-3.728539124E-2,-1.193132550E-1,1.693822145E-1
2.600544551E1,-8.309315890E-2,-9.481142461E-2,1.811004728E-1
2.601042900E1,-1.374233067E-1,-7.030959427E-2,1.938840449E-1
2.601575389E1,-1.715128124E-1,-6.178722158E-2,1.992105246E-1
2.602064686E1,-1.811004728E-1,-1.086602882E-1,2.471488863E-1
2.602568353E1,-1.661863178E-1,-1.917534471E-1,2.993484437E-1
2.603074869E1,-1.480762810E-1,-2.929566503E-1,3.877680898E-1
2.603583129E1,-1.395539045E-1,-3.760498166E-1,5.358443856E-1
2.604091994E1,-1.289009303E-1,-3.707233369E-1,5.667379498E-1
2.604600775E1,-1.225091442E-1,-3.238502741E-1,5.422361493E-1
2.605116181E1,-1.118561774E-1,-2.759118974E-1,5.102772117E-1
2.605603379E1,-9.694202244E-2,-2.386265099E-1,4.729918540E-1
2.606114166E1,-8.948494494E-2,-2.151899785E-1,4.452941120E-1
2.606618312E1,-7.883197069E-2,-2.226470560E-1,4.197269976E-1
2.607166822E1,-5.433014408E-2,-2.791078091E-1,3.984210491E-1
2.607648369E1,-3.408950195E-2,-3.387644291E-1,4.154658020E-1
2.608148468E1,-2.876301669E-2,-3.952251673E-1,4.570123851E-1
2.608662395E1,-3.515479714E-2,-4.420982301E-1,5.198649168E-1
2.609176833E1,-6.285251677E-2,-4.378370345E-1,5.741950274E-1
2.609672599E1,-1.257050335E-1,-3.824416101E-1,6.008274555E-1
2.610173453E1,-2.045370042E-1,-2.972178459E-1,6.146763563E-1
2.610676229E1,-2.705854177E-1,-2.364959270E-1,6.477005482E-1
2.611209364E1,-3.174584806E-1,-2.013411224E-1,7.158795595E-1
2.611695489E1,-3.494173884E-1,-1.779045910E-1,7.904503345E-1
2.612203057E1,-3.803110123E-1,-1.395539045E-1,8.575640321E-1
2.612705203E1,-4.175963998E-1,-8.415845782E-2,9.044371247E-1
2.613227239E1,-4.495553076E-1,-3.195890691E-3,9.257430434E-1
2.613721260E1,-4.921671748E-1,9.907261282E-2,9.342654347E-1
2.614237838E1,-5.443667173E-1,1.768392920E-1,9.502448440E-1
2.614736511E1,-5.933703780E-1,2.056023031E-1,9.843343496E-1
2.615212010E1,-6.402434707E-1,2.013411224E-1,9.960526228E-1
2.615757474E1,-6.700717807E-1,1.747086942E-1,9.832690954E-1
2.616279698E1,-6.839206219E-1,1.480762810E-1,9.704855084E-1
2.616758698E1,-6.753982306E-1,1.406191885E-1,9.672896266E-1
2.617283130E1,-6.604840755E-1,1.587292403E-1,9.853996634E-1
2.617782506E1,-6.508964300E-1,2.045370042E-1,1.030142188E0
2.618300927E1,-6.359822750E-1,2.247776538E-1,1.110039353E0
2.618799714E1,-6.413087845E-1,2.183858752E-1,1.212307930E0
2.619307974E1,-6.679411530E-1,2.247776538E-1,1.248528004E0
2.619806089E1,-6.892471313E-1,2.343653291E-1,1.258115649E0
2.620323891E1,-7.318589687E-1,2.908260524E-1,1.240005612E0
2.620830449E1,-7.979074121E-1,3.526133001E-1,1.175022483E0
2.621333240E1,-7.947115302E-1,3.387644291E-1,1.154781938E0
2.621835449E1,-7.712749839E-1,3.600703776E-1,1.140933037E0
2.622349048E1,-7.478384376E-1,4.538165033E-1,1.056774616E0
2.622849152E1,-6.359822750E-1,4.346411526E-1,9.971179366E-1
2.623363277E1,-5.582156181E-1,3.259808719E-1,9.523754716E-1
2.623874558E1,-5.550196767E-1,3.238502741E-1,8.618252277E-1
2.624375282E1,-5.102772117E-1,2.908260524E-1,8.394539952E-1
2.624881512E1,-4.847100973E-1,2.460835874E-1,8.426498771E-1
2.625388053E1,-4.953630865E-1,2.886954844E-1,7.787320614E-1
2.625902027E1,-4.442288280E-1,3.440909088E-1,6.988347769E-1
2.626404621E1,-3.526133001E-1,2.972178459E-1,6.626147032E-1
2.626907918E1,-3.600703776E-1,2.854995728E-1,5.411708355E-1
2.627430204E1,-3.792456985E-1,3.558091819E-1,4.207922816E-1
2.627917080E1,-3.483521044E-1,3.259808719E-1,3.930945694E-1
2.628428819E1,-3.632662594E-1,2.897607684E-1,3.408950269E-1
2.628934778E1,-3.877680898E-1,3.227849603E-1,2.705854177E-1
2.629445309E1,-3.632662594E-1,3.227849603E-1,2.407571077E-1
2.629946163E1,-3.643315434E-1,3.014790416E-1,2.077329010E-1
2.630469397E1,-3.845722079E-1,3.163931966E-1,1.374233067E-1
2.630962158E1,-4.069434404E-1,3.057402074E-1,8.841964602E-2
2.631477335E1,-4.357064366E-1,2.716507316E-1,8.522375673E-2
2.631979986E1,-4.410329461E-1,2.578018606E-1,8.096256852E-2
2.632495590E1,-3.877680898E-1,2.375612110E-1,7.137489319E-2
2.632988356E1,-3.142625988E-1,1.725780964E-1,7.883197069E-2
2.633498053E1,-2.727160156E-1,9.481142461E-2,7.989726961E-2
2.633996700E1,-2.492794842E-1,6.391781569E-2,7.883197069E-2
2.634508075E1,-2.439530045E-1,6.817900389E-2,7.563608140E-2
2.635011778E1,-2.396918088E-1,5.219954997E-2,8.415845782E-2
2.635526304E1,-2.269082516E-1,2.450183034E-2,8.948494494E-2
2.636020945E1,-2.151899785E-1,-5.326484796E-3,9.161553532E-2
2.636541674E1,-2.279735506E-1,-2.876301669E-2,1.033338010E-1
2.637036877E1,-2.290388346E-1,3.195890691E-3,1.054643989E-1
2.637561112E1,-2.119940966E-1,3.941598535E-2,9.161553532E-2
2.638054659E1,-2.087981999E-1,2.876301669E-2,7.670138031E-2
2.638568528E1,-2.066676021E-1,2.237123623E-2,5.965662748E-2
2.639064700E1,-1.970799267E-1,3.728539124E-2,4.474247247E-2
2.639581726E1,-2.098634988E-1,5.859133229E-2,2.450183034E-2
2.640088013E1,-2.588671446E-1,1.225091442E-1,-7.457078435E-3
2.640590976E1,-3.217196763E-1,1.864269674E-1,-4.367717355E-2
2.641092513E1,-3.643315434E-1,2.556712627E-1,-6.498311460E-2
2.641612748E1,-3.930945694E-1,3.419603109E-1,-1.043990999E-1
2.642109539E1,-4.016169310E-1,4.452941120E-1,-1.406191885E-1
2.642620456E1,-3.590050638E-1,5.369096398E-1,-1.874922663E-1
2.643125800E1,-2.524753809E-1,6.242640018E-1,-2.396918088E-1
2.643637211E1,-9.587672353E-2,7.148142457E-1,-2.929566503E-1
2.644136097E1,8.096256852E-2,6.977695227E-1,-3.760498166E-1
2.644650815E1,2.482141852E-1,6.018927693E-1,-4.527511895E-1
2.645166175E1,3.675274551E-1,5.070813298E-1,-4.900365770E-1
2.645683034E1,4.186616838E-1,3.632662594E-1,-4.527511895E-1
2.646171284E1,4.101393223E-1,1.502068639E-1,-3.462215066E-1
2.646684274E1,2.567365468E-1,-2.609977424E-1,-2.247776538E-1
2.647184384E1,-1.534027606E-1,-9.204165339E-1,-7.244019210E-2
2.647690800E1,-6.413087845E-1,-1.407257199E0,7.776667923E-2
2.648195946E1,-9.523754716E-1,-1.426432610E0,1.832310706E-1
2.648722878E1,-1.068492770E0,-1.199524403E0,2.471488863E-1
2.649214681E1,-1.130280018E0,-1.035468578E0,2.482141852E-1
2.649711003E1,-1.148390055E0,-8.564987183E-1,2.247776538E-1
2.650223592E1,-1.129214764E0,-6.210681200E-1,2.194511741E-1
2.650735988E1,-1.085537553E0,-4.154658020E-1,2.396918088E-1
2.651237207E1,-1.003509760E0,-2.663242221E-1,2.162552774E-1
2.651761670E1,-9.118942022E-1,-1.747086942E-1,1.757739931E-1
2.652249092E1,-8.192133307E-1,-1.075949892E-1,1.448803842E-1
2.652761936E1,-7.254672050E-1,-5.326484516E-2,1.065296903E-1
2.653265327E1,-6.508964300E-1,0.000000000E0,4.367717355E-2
2.653780660E1,-6.008274555E-1,7.670138031E-2,-2.450183034E-2
2.654281129E1,-5.592808723E-1,1.661863178E-1,-5.646073818E-2
2.654793878E1,-5.081466436E-1,2.130593807E-1,-2.130593918E-2
2.655303759E1,-4.506205916E-1,2.056023031E-1,4.793836176E-2
2.655832129E1,-3.877680898E-1,1.651210189E-1,1.193132550E-1
2.656323410E1,-3.345032334E-1,1.161173657E-1,1.704475135E-1
2.656845348E1,-2.918913662E-1,4.793836176E-2,1.704475135E-1
2.657340473E1,-2.471488863E-1,-6.711370498E-2,1.246397421E-1
2.657844666E1,-1.704475135E-1,-2.013411224E-1,5.965662748E-2
2.658351140E1,-1.086602882E-1,-2.386265099E-1,1.597945392E-2
2.658860708E1,-6.924430281E-2,-1.928187460E-1,3.195890784E-2
2.659373921E1,-1.597945392E-2,-1.448803842E-1,9.161553532E-2
2.659876916E1,2.769771963E-2,-8.841964602E-2,1.683169156E-1
2.660371223E1,5.219954997E-2,-2.556712553E-2,2.780424953E-1
2.660890442E1,5.752603337E-2,3.408950195E-2,3.909639716E-1
2.661395286E1,5.113425106E-2,8.628904819E-2,4.687306583E-1
2.661904593E1,4.900366068E-2,1.342274100E-1,4.932324886E-1
2.662404526E1,2.663242258E-2,2.045370042E-1,5.326484442E-1
2.662913906E1,2.343653329E-2,2.247776538E-1,5.848480463E-1
2.663435250E1,5.326484516E-2,2.173205763E-1,6.178722382E-1
2.663933911E1,7.137489319E-2,2.311694324E-1,6.349169612E-1
2.664432062E1,9.481142461E-2,2.237123549E-1,6.306557655E-1
2.664954328E1,1.129214764E-1,2.226470560E-1,6.210681200E-1
2.665442568E1,1.331621110E-1,2.183858752E-1,6.040233374E-1
2.665976984E1,1.789698899E-1,1.938840449E-1,6.104151607E-1
2.666444292E1,2.396918088E-1,1.928187460E-1,6.381128430E-1
2.666995344E1,2.769772112E-1,2.215817571E-1,6.753982306E-1
2.667472208E1,2.929566503E-1,2.439530045E-1,7.244018912E-1
2.668025234E1,2.961525619E-1,2.599324584E-1,7.787320614E-1
2.668490755E1,2.929566503E-1,2.695201337E-1,8.160174489E-1
2.668999542E1,2.918913662E-1,2.886954844E-1,8.469110727E-1
2.669525969E1,3.014790416E-1,3.249155581E-1,9.086982608E-1
2.670015396E1,3.078708053E-1,3.685927391E-1,9.811384678E-1
2.670522063E1,3.036096394E-1,3.835068941E-1,1.049317479E0
2.671028542E1,2.961525619E-1,3.760498166E-1,1.101517081E0
2.671534308E1,2.748466134E-1,3.536785841E-1,1.128149509E0
2.672014631E1,2.514100671E-1,3.163931966E-1,1.148390055E0
2.672551386E1,2.492794842E-1,2.695201337E-1,1.186740756E0
2.673077995E1,2.673895359E-1,2.173205763E-1,1.244266868E0
2.673564001E1,2.641936541E-1,1.629904360E-1,1.293270469E0
2.674069235E1,2.567365468E-1,1.235744432E-1,1.306053996E0
2.674575282E1,2.567365468E-1,8.309315890E-2,1.297531724E0
2.675097194E1,2.641936541E-1,7.137489319E-2,1.274095178E0
2.675615720E1,2.748466134E-1,1.033338010E-1,1.253854513E0
2.676120168E1,2.993484437E-1,1.395539045E-1,1.217634439E0
2.676617485E1,3.345032334E-1,1.459456831E-1,1.182479620E0
2.677133683E1,3.685927391E-1,1.310315281E-1,1.145194173E0
2.677626053E1,4.037475288E-1,1.065296903E-1,1.106843472E0
2.678130178E1,4.261187613E-1,8.309315890E-2,1.057839870E0
2.678645892E1,4.420982301E-1,5.539543927E-2,1.002444386E0
2.679161449E1,4.644694626E-1,7.457078435E-3,9.438530803E-1
2.679647413E1,4.772530198E-1,-4.154657945E-2,8.895229697E-1
2.680178074E1,4.911018908E-1,-7.670138031E-2,8.234745264E-1
2.680680507E1,5.049507618E-1,-7.883197069E-2,7.222713232E-1
2.681177189E1,5.038854480E-1,-6.711370498E-2,6.477005482E-1
2.681674908E1,4.985589683E-1,-5.219954997E-2,5.944356918E-1
2.682188429E1,4.900365770E-1,-2.237123623E-2,5.379749537E-1
2.682686002E1,4.634041786E-1,-5.326484796E-3,4.612735808E-1
2.683195085E1,4.165311158E-1,2.237123623E-2,3.898986876E-1
2.683702064E1,3.590050638E-1,5.965662748E-2,3.462215066E-1
2.684212575E1,2.791078091E-1,9.694202244E-2,3.036096394E-1
2.684713247E1,1.885575503E-1,1.502068639E-1,2.599324584E-1
2.685236877E1,1.118561774E-1,2.471488863E-1,2.375612110E-1
2.685729163E1,4.048128426E-2,3.728539348E-1,2.428877056E-1
2.686242148E1,-1.597945392E-2,4.942977726E-1,2.503447831E-1
2.686745216E1,-4.793836176E-2,5.805868506E-1,2.556712627E-1
2.687268236E1,-7.030959427E-2,6.189374924E-1,2.897607684E-1
2.687762606E1,-1.065296903E-1,5.411708355E-1,3.877680898E-1
2.688272580E1,-1.214438528E-1,4.804489315E-1,4.953630865E-1
2.688782278E1,-7.670138031E-2,5.070813298E-1,7.126836777E-1
2.689287737E1,2.769771963E-2,5.635420680E-1,8.511722684E-1
2.689798435E1,1.161173657E-1,6.487658620E-1,9.214818478E-1
2.690303143E1,1.832310706E-1,6.977695227E-1,1.018423915E0
2.690812341E1,3.036096394E-1,6.413087845E-1,1.127084136E0
2.691316278E1,5.134730935E-1,4.229228795E-1,1.314576387E0
2.691818190E1,6.636800170E-1,4.229228795E-1,1.519113421E0
2.692326732E1,7.414466739E-1,5.145384073E-1,1.613924861E0
2.692846159E1,7.755361795E-1,5.294525623E-1,1.585161805E0
2.693348508E1,7.829932570E-1,4.591429830E-1,1.470109820E0
2.693870930E1,7.520996332E-1,3.419603109E-1,1.283682823E0
2.694366732E1,6.785941720E-1,1.704475135E-1,1.036533952E0
2.694870612E1,5.635420680E-1,-2.130593918E-2,7.361201644E-1
2.695386456E1,4.069434404E-1,-1.235744432E-1,4.090740085E-1
2.695893310E1,2.460835874E-1,-1.182479635E-1,1.012032107E-1
2.696385466E1,1.150520667E-1,-9.268083423E-2,-1.448803842E-1
2.696886763E1,3.622009605E-2,-9.374613315E-2,-3.089361191E-1
2.697402899E1,1.065296936E-3,-1.054643989E-1,-4.133352041E-1
2.697923685E1,-1.065296936E-3,-1.086602882E-1,-5.124078393E-1
2.698414206E1,2.237123623E-2,-7.350549102E-2,-6.253293157E-1
2.698940165E1,5.006895587E-2,2.024064213E-2,-7.254672050E-1
2.699434238E1,8.628904819E-2,1.289009303E-1,-7.659484744E-1
2.699897102E1,1.470109820E-1,2.024064213E-1,-7.339895964E-1
2.700448581E1,2.194511741E-1,2.876301706E-1,-6.860512495E-1
2.700957420E1,2.833689749E-1,3.792456985E-1,-6.604840755E-1
2.701474832E1,3.355685472E-1,3.952251673E-1,-6.189374924E-1
2.701972967E1,3.707233369E-1,3.313073516E-1,-5.177342892E-1
2.702487884E1,3.941598535E-1,2.013411224E-1,-3.558091819E-1
2.702998123E1,4.239881933E-1,-1.065296936E-3,-1.310315281E-1
2.703514691E1,4.239881933E-1,-2.407571077E-1,8.628904819E-2
2.703989478E1,3.579397798E-1,-3.590050638E-1,2.247776538E-1
2.704501577E1,2.301041335E-1,-3.089361191E-1,2.492794842E-1
2.705007770E1,1.267703325E-1,-2.428877056E-1,2.183858752E-1
2.705523717E1,9.374613315E-2,-2.364959270E-1,2.077329010E-1
2.706023426E1,8.735434711E-2,-2.396918088E-1,2.109287977E-1
2.706528436E1,8.841964602E-2,-2.290388346E-1,2.396918088E-1
2.707049040E1,1.235744432E-1,-2.641936541E-1,2.578018606E-1
2.707546733E1,2.237123549E-1,-4.080087245E-1,2.993484437E-1
2.708045749E1,3.707233369E-1,-6.413087845E-1,3.611356616E-1
2.708563447E1,4.889712930E-1,-7.382507920E-1,4.186616838E-1
2.709072233E1,5.454320312E-1,-7.403813601E-1,3.781804144E-1
2.709572181E1,5.528891087E-1,-6.892471313E-1,2.535406649E-1
2.710073093E1,5.241261125E-1,-5.592808723E-1,1.480762810E-1
2.710584765E1,4.666000605E-1,-4.058781266E-1,8.841964602E-2
2.711085952E1,3.781804144E-1,-2.929566503E-1,2.024064213E-2
2.711605312E1,2.737812996E-1,-1.789698899E-1,-2.769771963E-2
2.712105692E1,1.736433953E-1,-2.769771963E-2,-2.237123623E-2
2.712627260E1,9.694202244E-2,8.415845782E-2,1.278356276E-2
2.713132067E1,2.982831374E-2,1.001379117E-1,6.072192639E-2
2.713637807E1,-8.096256852E-2,4.793836176E-2,1.246397421E-1
2.714127078E1,-2.130593807E-1,-6.285251677E-2,1.970799267E-1
2.714824265E1,-2.950872481E-1,-1.789698899E-1,2.386265099E-1
2.715151812E1,-3.249155581E-1,-2.482141852E-1,2.823036909E-1
2.715681203E1,-3.440909088E-1,-2.929566503E-1,3.398297131E-1
2.716163431E1,-3.494173884E-1,-3.653968573E-1,4.133352041E-1
2.716670432E1,-3.440909088E-1,-4.186616838E-1,4.740571380E-1
2.717170682E1,-3.131972849E-1,-4.207922816E-1,5.113425255E-1
2.717707453E1,-2.812383771E-1,-3.898986876E-1,5.241261125E-1
2.718185036E1,-2.737812996E-1,-3.387644291E-1,4.836448133E-1
2.718715104E1,-2.695201337E-1,-2.854995728E-1,4.271840751E-1
2.719201880E1,-2.546059787E-1,-2.375612110E-1,3.824416101E-1
2.719720510E1,-2.428877056E-1,-2.002758235E-1,3.632662594E-1
2.720213823E1,-2.524753809E-1,-1.246397421E-1,3.664621413E-1
2.720750589E1,-2.929566503E-1,6.924430281E-2,4.122699201E-1
2.721250412E1,-3.121320009E-1,1.981452256E-1,4.804489315E-1
2.721741797E1,-3.270461559E-1,2.205164731E-1,4.676653445E-1
2.722247026E1,-3.515479863E-1,1.853616685E-1,4.175963998E-1
2.722757240E1,-3.920292854E-1,1.949493438E-1,3.952251673E-1
2.723257526E1,-4.357064366E-1,2.492794842E-1,3.803110123E-1
2.723774162E1,-4.729918540E-1,3.025443256E-1,3.675274551E-1
2.724271990E1,-4.857754111E-1,3.313073516E-1,3.526133001E-1
2.724785823E1,-4.868406951E-1,3.366338313E-1,3.238502741E-1
2.725292469E1,-4.964283705E-1,3.430256248E-1,2.876301706E-1
2.725813563E1,-5.134730935E-1,3.632662594E-1,2.482141852E-1
2.726318756E1,-5.337137580E-1,3.898986876E-1,2.045370042E-1
2.726810850E1,-5.752603412E-1,4.175963998E-1,1.629904360E-1
2.727316740E1,-6.146763563E-1,4.420982301E-1,1.352927089E-1
2.727830303E1,-6.434393525E-1,4.527511895E-1,1.150520667E-1
2.728355006E1,-6.604840755E-1,4.708612561E-1,9.907261282E-2
2.728857688E1,-6.690064669E-1,4.964283705E-1,8.841964602E-2
2.729337866E1,-6.881818175E-1,5.198649168E-1,8.841964602E-2
2.729856668E1,-6.903123856E-1,5.379749537E-1,9.694202244E-2
2.730355230E1,-6.508964300E-1,5.337137580E-1,1.075949892E-1
2.730873835E1,-5.891091824E-1,5.060160160E-1,1.267703325E-1
2.731381751E1,-5.198649168E-1,4.495553076E-1,1.502068639E-1
2.731885892E1,-4.399676323E-1,3.675274551E-1,1.704475135E-1
2.732393871E1,-3.707233369E-1,2.918913662E-1,1.874922663E-1
2.732898616E1,-3.227849603E-1,2.396918088E-1,1.842963696E-1
2.733398918E1,-2.854995728E-1,1.885575503E-1,1.736433953E-1
2.733914007E1,-2.578018606E-1,1.129214764E-1,1.619251370E-1
2.734418767E1,-2.386265099E-1,1.065296936E-3,1.619251370E-1
2.734923741E1,-2.354306281E-1,-1.118561774E-1,1.874922663E-1
2.735430871E1,-2.290388346E-1,-1.704475135E-1,2.087981999E-1
2.735941048E1,-1.970799267E-1,-1.693822145E-1,2.098634988E-1
2.736441267E1,-1.331621110E-1,-1.587292403E-1,2.013411224E-1
2.736964856E1,-9.161553532E-2,-2.013411224E-1,1.747086942E-1
2.737464794E1,-5.859133229E-2,-2.471488863E-1,1.608598381E-1
2.737992502E1,-5.219954997E-2,-2.428877056E-1,1.544680595E-1
2.738481252E1,-7.670138031E-2,-2.247776538E-1,1.502068639E-1
2.738994924E1,-1.075949892E-1,-2.578018606E-1,1.416844875E-1
2.739485434E1,-9.481142461E-2,-3.068055212E-1,1.565986425E-1
2.739966794E1,-6.711370498E-2,-3.472867906E-1,2.013411224E-1
2.740500757E1,-5.433014408E-2,-3.653968573E-1,2.428877056E-1
2.741013799E1,-6.072192639E-2,-3.739192188E-1,2.759118974E-1
2.741513987E1,-7.670138031E-2,-3.888333738E-1,3.078708053E-1
2.742030757E1,-7.244019210E-2,-4.016169310E-1,3.622009456E-1
2.742536726E1,-4.900366068E-2,-4.495553076E-1,3.898986876E-1
2.743037935E1,5.326484796E-3,-5.187996030E-1,4.207922816E-1
2.743546216E1,8.309315890E-2,-5.891091824E-1,4.623388648E-1
2.744073956E1,1.725780964E-1,-6.455699205E-1,4.889712930E-1
2.744559206E1,2.482141852E-1,-6.700717807E-1,5.262566805E-1
2.745074674E1,3.227849603E-1,-6.945735812E-1,5.912398100E-1
2.745578268E1,4.207922816E-1,-7.393160462E-1,6.796594262E-1
2.746082122E1,5.294525623E-1,-7.616873384E-1,7.808626294E-1
2.746622560E1,6.136110425E-1,-7.531649470E-1,8.692823052E-1
2.747104388E1,6.743329763E-1,-7.318589687E-1,9.214818478E-1
2.747603524E1,7.116183639E-1,-7.073571682E-1,9.310694933E-1
2.748114305E1,7.180101275E-1,-6.956388950E-1,9.236124158E-1
2.748631930E1,7.020306587E-1,-6.913776994E-1,9.555713534E-1
2.749125649E1,7.382507920E-1,-6.274598837E-1,1.033338070E0
2.749634790E1,8.245398402E-1,-5.837827325E-1,1.024815679E0
2.750146899E1,8.969800472E-1,-4.964283705E-1,1.016293287E0
2.750648430E1,9.545060396E-1,-3.984210491E-1,1.037599206E0
2.751184128E1,1.014162660E0,-2.908260524E-1,1.039729834E0
2.751662805E1,1.039729834E0,-1.906881481E-1,1.012032032E0
2.752167878E1,1.052513361E0,-1.161173657E-1,9.395918846E-1
2.752679571E1,1.054643989E0,-5.326484516E-2,8.330622315E-1
2.753196191E1,1.036533952E0,-8.522375487E-3,7.137489319E-1
2.753689764E1,1.008836150E0,1.597945392E-2,5.986968875E-1
2.754210592E1,9.704855084E-1,2.343653329E-2,4.793836176E-1
2.754709280E1,9.225471616E-1,3.089361079E-2,3.856374919E-1
2.755214878E1,8.948494196E-1,3.728539124E-2,3.291767538E-1
2.755714426E1,8.948494196E-1,5.006895587E-2,3.259808719E-1
2.756226618E1,8.991106153E-1,1.278356314E-1,3.600703776E-1
2.756768894E1,8.873923421E-1,2.556712627E-1,3.920292854E-1
2.757245993E1,8.778046966E-1,3.994863629E-1,4.058781266E-1
2.757756400E1,8.746087551E-1,5.326484442E-1,4.080087245E-1
2.758258863E1,8.650211096E-1,6.381128430E-1,4.090740085E-1
2.758771254E1,8.181480169E-1,6.871165037E-1,5.049507618E-1
2.759278587E1,7.254672050E-1,6.828553081E-1,5.560849905E-1
2.759788890E1,6.391781569E-1,7.020306587E-1,4.729918540E-1
2.760287244E1,5.912398100E-1,6.722023487E-1,3.622009456E-1
2.760782989E1,5.528891087E-1,5.816521049E-1,2.673895359E-1
2.761298410E1,4.996242523E-1,5.507585406E-1,1.938840449E-1
2.761818530E1,4.239881933E-1,5.678032637E-1,1.395539045E-1
2.762310598E1,3.472867906E-1,5.837827325E-1,1.342274100E-1
2.762818708E1,2.897607684E-1,5.859133005E-1,1.597945392E-1
2.763335806E1,2.322347313E-1,5.955010056E-1,1.768392920E-1
2.763840577E1,1.683169156E-1,5.827174187E-1,1.832310706E-1
2.764344718E1,9.587672353E-2,5.859133005E-1,2.130593807E-1
2.764843135E1,2.556712553E-2,6.029580832E-1,2.780424953E-1
2.765362734E1,-5.326484516E-2,5.944356918E-1,3.600703776E-1
2.765858291E1,-1.470109820E-1,6.008274555E-1,4.314452708E-1
2.766372536E1,-2.183858752E-1,5.582156181E-1,4.634041786E-1
2.766893729E1,-2.908260524E-1,4.335758388E-1,5.795215368E-1
2.767390411E1,-3.376991153E-1,4.282493591E-1,6.466352344E-1
2.767910937E1,-3.195890784E-1,4.889712930E-1,5.859133005E-1
2.768455088E1,-3.046749234E-1,4.974936545E-1,5.763256550E-1
2.768909651E1,-3.185237944E-1,4.697959423E-1,5.965662599E-1
2.769412198E1,-3.611356616E-1,4.112046063E-1,6.136110425E-1
2.769919750E1,-3.664621413E-1,3.259808719E-1,6.200028062E-1
2.770440328E1,-3.376991153E-1,2.918913662E-1,6.178722382E-1
2.770942380E1,-3.046749234E-1,2.897607684E-1,6.050886512E-1
2.771463427E1,-2.652589381E-1,2.418224066E-1,5.741950274E-1
2.771957068E1,-2.258429527E-1,1.715128124E-1,5.145384073E-1
2.772477042E1,-2.024064213E-1,1.480762810E-1,4.527511895E-1
2.772973427E1,-1.683169156E-1,1.406191885E-1,3.643315434E-1
2.773491948E1,-1.299662292E-1,9.907261282E-2,2.684548199E-1
2.773973328E1,-1.054643989E-1,5.539543927E-2,1.853616685E-1
2.774483943E1,-9.374613315E-2,1.811004803E-2,1.022685021E-1
2.774989000E1,-1.012032107E-1,-1.065296959E-2,7.457078435E-3
2.775511261E1,-1.054643989E-1,-6.285251677E-2,-8.309315890E-2
2.776011797E1,-1.001379117E-1,-1.448803842E-1,-1.629904360E-1
2.776528120E1,-5.752603337E-2,-2.727160156E-1,-2.546059787E-1
2.777014943E1,6.391781382E-3,-3.696580231E-1,-3.515479863E-1
2.777532745E1,4.793836176E-2,-3.696580231E-1,-4.325105548E-1
2.778034037E1,7.030959427E-2,-4.165311158E-1,-5.518237948E-1
2.778540610E1,6.178722158E-2,-4.197269976E-1,-6.636800170E-1
2.779056527E1,4.367717355E-2,-4.005516469E-1,-7.542302012E-1
2.779554647E1,1.278356276E-2,-3.920292854E-1,-8.288010359E-1
2.780053126E1,-8.522375487E-3,-4.101393223E-1,-8.820658922E-1
2.780581631E1,-1.704475097E-2,-4.357064366E-1,-9.055023789E-1
2.781071522E1,-2.556712553E-2,-4.506205916E-1,-8.948494196E-1
2.781619845E1,-4.793836176E-2,-3.675274551E-1,-8.927188516E-1
2.782087277E1,-9.694202244E-2,-1.640557349E-1,-8.788699508E-1
2.782595668E1,-1.459456831E-1,3.515479714E-2,-9.427877665E-1
2.783097012E1,-8.415845782E-2,-2.237123623E-2,-1.119627118E0
2.783615928E1,1.619251370E-1,-4.559471011E-1,-1.293270469E0
2.784138335E1,4.516859055E-1,-8.426498771E-1,-1.332686424E0
2.784646074E1,6.168069243E-1,-8.724781871E-1,-1.301792860E0
2.785130835E1,6.764635444E-1,-6.807247400E-1,-1.262376904E0
2.785662975E1,6.519617438E-1,-4.016169310E-1,-1.227222085E0
2.786149871E1,5.709991455E-1,-1.491415650E-1,-1.199524403E0
2.786654127E1,4.783183336E-1,1.065296959E-2,-1.184610248E0
2.787156772E1,3.941598535E-1,7.563608140E-2,-1.177153111E0
2.787674715E1,3.163931966E-1,9.374613315E-2,-1.172891974E0
2.788173856E1,2.460835874E-1,1.065296903E-1,-1.180348992E0
2.788700986E1,1.683169156E-1,1.427497864E-1,-1.198459029E0
2.789185653E1,8.841964602E-2,2.247776538E-1,-1.209112048E0
2.789709465E1,-1.065296936E-3,3.526133001E-1,-1.214438558E0
2.790211689E1,-9.268083423E-2,4.942977726E-1,-1.226156831E0
2.790724700E1,-1.789698899E-1,6.189374924E-1,-1.233613849E0
2.791221497E1,-2.556712627E-1,7.126836777E-1,-1.229352713E0
2.791732127E1,-3.121320009E-1,7.584913969E-1,-1.214438558E0
2.792234049E1,-3.472867906E-1,7.616873384E-1,-1.189936638E0
2.792738304E1,-3.536785841E-1,7.062918544E-1,-1.154781938E0
2.793276825E1,-3.302420378E-1,6.061539650E-1,-1.111104727E0
2.793753471E1,-2.961525619E-1,4.900365770E-1,-1.067427516E0
2.794270242E1,-2.535406649E-1,3.898986876E-1,-1.012032032E0
2.794774747E1,-1.938840449E-1,3.195890784E-1,-9.161553383E-1
2.795275805E1,-1.491415650E-1,2.759118974E-1,-8.042991757E-1
2.795783648E1,-1.406191885E-1,2.673895359E-1,-7.244018912E-1
2.796303799E1,-1.427497864E-1,2.897607684E-1,-6.967042089E-1
2.796803758E1,-1.214438528E-1,3.227849603E-1,-7.180101275E-1
2.797328737E1,-7.670138031E-2,3.536785841E-1,-7.925809026E-1
2.797807247E1,-2.130593918E-2,3.824416101E-1,-8.852617741E-1
2.798322940E1,3.515479714E-2,4.165311158E-1,-9.353306890E-1
2.798831195E1,7.989726961E-2,4.399676323E-1,-9.300042391E-1
2.799328930E1,9.694202244E-2,4.314452708E-1,-8.692823052E-1
2.799845670E1,8.735434711E-2,4.026822448E-1,-7.861891389E-1
2.800356190E1,4.793836176E-2,3.515479863E-1,-8.011032939E-1
2.800852461E1,-2.130593872E-3,3.025443256E-1,-9.108288884E-1
2.801364305E1,-5.219954997E-2,2.301041335E-1,-9.598325491E-1
2.801876404E1,-8.628904819E-2,1.235744432E-1,-9.545060396E-1
2.802335264E1,-7.137489319E-2,1.811004803E-2,-9.172206521E-1
2.802898196E1,-8.522375487E-3,-7.137489319E-2,-8.330622315E-1
2.803383373E1,7.563608140E-2,-1.278356314E-1,-6.722023487E-1
2.803897816E1,1.427497864E-1,-1.491415650E-1,-4.506205916E-1
2.804404894E1,1.811004728E-1,-1.320968270E-1,-2.439530045E-1
2.804925785E1,1.704475135E-1,-7.457078248E-2,-7.563608140E-2
2.805420780E1,1.331621110E-1,-3.089361079E-2,5.646073818E-2
2.805923019E1,1.012032107E-1,-3.941598535E-2,1.310315281E-1
2.806426686E1,7.563608140E-2,-4.580776766E-2,1.299662292E-1
2.806949847E1,6.285251677E-2,-1.811004803E-2,7.776667923E-2
2.807440056E1,7.244019210E-2,-1.065296936E-3,6.391781382E-3
2.807951467E1,9.055023640E-2,1.065296959E-2,-6.391781569E-2
2.808461452E1,1.107908785E-1,1.065296959E-2,-1.214438528E-1
2.808942894E1,1.395539045E-1,-3.941598535E-2,-1.555333585E-1
2.809438394E1,1.757739931E-1,-1.448803842E-1,-1.725780964E-1
2.809984999E1,2.183858752E-1,-2.663242221E-1,-1.906881481E-1
2.810488592E1,2.609977424E-1,-3.536785841E-1,-2.034717202E-1
2.811001341E1,2.908260524E-1,-3.877680898E-1,-2.162552774E-1
2.811509822E1,3.014790416E-1,-3.696580231E-1,-2.279735506E-1
2.812037197E1,2.961525619E-1,-3.195890784E-1,-2.375612110E-1
2.812519425E1,2.812383771E-1,-2.641936541E-1,-2.482141852E-1
2.813056749E1,2.748466134E-1,-2.301041335E-1,-2.620630562E-1
2.813533405E1,2.641936541E-1,-2.002758235E-1,-2.823036909E-1
2.814067442E1,2.364959270E-1,-1.331621110E-1,-3.046749234E-1
2.814552572E1,2.141246796E-1,-8.202786744E-2,-3.217196763E-1
2.815078937E1,2.002758235E-1,-5.113425106E-2,-3.249155581E-1
2.815558343E1,1.811004728E-1,-1.384885982E-2,-2.865648866E-1
2.816072494E1,1.597945392E-1,2.982831374E-2,-2.194511741E-1
2.816575624E1,1.438150853E-1,6.498311460E-2,-1.555333585E-1
2.817084604E1,1.235744432E-1,1.097255871E-1,-1.150520667E-1
2.817585010E1,1.075949892E-1,1.374233067E-1,-8.309315890E-2
2.818094380E1,1.107908785E-1,1.150520667E-1,-4.687306657E-2
2.818596927E1,1.320968270E-1,7.137489319E-2,-9.587672539E-3
2.819114197E1,1.629904360E-1,3.195890784E-2,2.130593918E-2
2.819613041E1,1.981452256E-1,-7.457078435E-3,2.769771963E-2
2.820135531E1,2.311694324E-1,-1.704475097E-2,3.089361079E-2
2.820634489E1,2.492794842E-1,-1.811004803E-2,3.728539124E-2
2.821145146E1,2.418224066E-1,-1.065296959E-2,4.261187837E-2
2.821641260E1,2.183858752E-1,9.587672539E-3,4.580776766E-2
2.822173875E1,1.928187460E-1,3.195890691E-3,4.048128426E-2
2.822660094E1,1.757739931E-1,-3.302420676E-2,2.130593918E-2
2.823170359E1,1.651210189E-1,-6.924430281E-2,5.326484796E-3
2.823677130E1,1.608598381E-1,-1.129214764E-1,-8.522375487E-3
2.824187094E1,1.565986425E-1,-1.374233067E-1,-1.171826664E-2
2.824687573E1,1.374233067E-1,-1.374233067E-1,-6.391781382E-3
2.825206693E1,1.171826646E-1,-1.299662292E-1,3.195890691E-3
2.825700063E1,1.022685021E-1,-1.555333585E-1,5.326484796E-3
2.826211349E1,8.948494494E-2,-1.811004728E-1,1.065296936E-3
2.826726204E1,6.924430281E-2,-1.683169156E-1,1.065296936E-3
2.827244375E1,5.326484516E-2,-1.608598381E-1,3.195890691E-3
2.827724167E1,3.941598535E-2,-1.502068639E-1,3.195890691E-3
2.828242490E1,2.130593918E-2,-1.235744432E-1,-2.130593872E-3
2.828752662E1,-1.065296959E-2,-8.202786744E-2,-3.195890691E-3
2.829252063E1,-4.367717355E-2,-3.728539124E-2,0.000000000E0
2.829743777E1,-8.202786744E-2,2.130593872E-3,-3.195890691E-3
2.830267891E1,-1.193132550E-1,4.367717355E-2,-8.522375487E-3
2.830767157E1,-1.555333585E-1,6.924430281E-2,-1.065296959E-2
2.831273470E1,-1.906881481E-1,7.670138031E-2,-1.065296959E-2
2.831776037E1,-2.109287977E-1,6.178722158E-2,-9.587672539E-3
2.832286683E1,-2.205164731E-1,3.408950195E-2,-1.171826664E-2
2.832798777E1,-2.269082516E-1,1.704475097E-2,-2.024064213E-2
2.833305194E1,-2.375612110E-1,1.065296959E-2,-2.982831374E-2
2.833819376E1,-2.524753809E-1,4.261187743E-3,-3.302420676E-2
2.834313985E1,-2.663242221E-1,-1.171826664E-2,-3.195890784E-2
2.834823470E1,-2.780424953E-1,-2.130593918E-2,-2.982831374E-2
2.835345959E1,-2.876301706E-1,-2.343653329E-2,-2.343653329E-2
2.835831626E1,-2.950872481E-1,-1.491415687E-2,-1.065296959E-2
2.836375043E1,-3.004137278E-1,0.000000000E0,-2.130593872E-3
2.836870699E1,-2.972178459E-1,-2.769771963E-2,1.065296936E-3
2.837366152E1,-2.748466134E-1,-1.033338010E-1,-1.065296936E-3
2.837867465E1,-2.301041335E-1,-2.013411224E-1,-5.326484796E-3
2.838378236E1,-1.768392920E-1,-2.663242221E-1,-6.391781382E-3
2.838884278E1,-1.544680595E-1,-2.322347313E-1,-3.195890691E-3
2.839395793E1,-1.811004728E-1,-1.171826646E-1,4.261187743E-3
2.839896642E1,-2.343653291E-1,-9.587672539E-3,1.171826664E-2
2.840412184E1,-2.737812996E-1,6.711370498E-2,1.171826664E-2
2.840918273E1,-2.929566503E-1,1.257050335E-1,1.704475097E-2
2.841426267E1,-2.972178459E-1,1.597945392E-1,2.876301669E-2
2.841901783E1,-2.982831299E-1,1.544680595E-1,3.302420676E-2
2.842438674E1,-2.961525619E-1,1.257050335E-1,2.663242258E-2
2.842939205E1,-2.897607684E-1,8.841964602E-2,2.130593918E-2
2.843448898E1,-2.748466134E-1,3.408950195E-2,6.391781382E-3
2.843953835E1,-2.514100671E-1,-3.302420676E-2,-1.384885982E-2
2.844468080E1,-2.333000302E-1,-8.309315890E-2,-2.237123623E-2
2.844978106E1,-2.194511741E-1,-1.139867753E-1,-1.384885982E-2
2.845503622E1,-2.045370042E-1,-1.342274100E-1,1.065296959E-2
2.845985742E1,-2.034717202E-1,-1.374233067E-1,3.195890784E-2
2.846496409E1,-2.045370042E-1,-1.214438528E-1,3.941598535E-2
2.847013622E1,-2.077329010E-1,-1.139867753E-1,4.154657945E-2
2.847509752E1,-2.034717202E-1,-1.097255871E-1,5.006895587E-2
2.848035794E1,-1.960146427E-1,-1.086602882E-1,6.178722158E-2
2.848526607E1,-1.874922663E-1,-1.107908785E-1,7.457078248E-2
2.849037680E1,-1.789698899E-1,-1.107908785E-1,8.841964602E-2
2.849558961E1,-1.736433953E-1,-9.907261282E-2,1.012032107E-1
2.850051346E1,-1.811004728E-1,-8.628904819E-2,1.075949892E-1
2.850558649E1,-1.874922663E-1,-4.900366068E-2,1.193132550E-1
2.851054643E1,-2.141246796E-1,-4.261187743E-3,1.150520667E-1
2.851594128E1,-2.428877056E-1,2.769771963E-2,7.883197069E-2
2.852070487E1,-2.428877056E-1,7.137489319E-2,3.622009605E-2
2.852589076E1,-2.343653291E-1,1.235744432E-1,2.556712553E-2
2.853093050E1,-2.237123549E-1,1.960146427E-1,3.089361079E-2
2.853625331E1,-2.311694324E-1,2.524753809E-1,3.089361079E-2
2.854115467E1,-2.460835874E-1,2.631283402E-1,3.195890691E-3
2.854609602E1,-2.460835874E-1,2.482141852E-1,-3.195890784E-2
2.855111462E1,-2.364959270E-1,2.151899785E-1,-6.924430281E-2
2.855625571E1,-2.151899785E-1,1.608598381E-1,-1.118561774E-1
2.856122821E1,-1.874922663E-1,1.043990999E-1,-1.438150853E-1
2.856658446E1,-1.576639414E-1,6.498311460E-2,-1.619251370E-1
2.857142910E1,-1.289009303E-1,4.474247247E-2,-1.629904360E-1
2.857684368E1,-1.129214764E-1,2.450183034E-2,-1.278356314E-1
2.858164681E1,-1.161173657E-1,1.811004803E-2,-7.989726961E-2
2.858664983E1,-1.352927089E-1,3.941598535E-2,-5.433014408E-2
2.859177311E1,-1.555333585E-1,6.817900389E-2,-3.515479714E-2
2.859688368E1,-1.683169156E-1,7.989726961E-2,-1.704475097E-2
2.860195431E1,-1.683169156E-1,7.244019210E-2,-6.391781382E-3
2.860700275E1,-1.512721628E-1,4.048128426E-2,1.065296959E-2
2.861202629E1,-1.278356314E-1,9.587672539E-3,2.343653329E-2
2.861733670E1,-1.097255871E-1,-1.384885982E-2,2.237123623E-2
2.862211712E1,-9.907261282E-2,-3.941598535E-2,2.876301669E-2
2.862724441E1,-1.012032107E-1,-5.859133229E-2,3.622009605E-2
2.863222212E1,-1.033338010E-1,-8.628904819E-2,3.835069016E-2
2.863755483E1,-9.481142461E-2,-1.331621110E-1,3.195890691E-3
2.864249176E1,-8.202786744E-2,-1.342274100E-1,-5.965662748E-2
2.864752816E1,-9.587672353E-2,-7.776667923E-2,-5.752603337E-2
2.865254541E1,-1.480762810E-1,3.195890691E-3,-2.769771963E-2
2.865783468E1,-2.013411224E-1,7.563608140E-2,-2.982831374E-2
2.866272176E1,-2.322347313E-1,1.129214764E-1,-5.113425106E-2
2.866778671E1,-2.311694324E-1,9.587672353E-2,-6.711370498E-2
2.867297989E1,-1.960146427E-1,4.048128426E-2,-7.137489319E-2
2.867813140E1,-1.544680595E-1,-7.457078435E-3,-7.883197069E-2
2.868300635E1,-1.267703325E-1,-2.556712553E-2,-8.628904819E-2
2.868853072E1,-1.150520667E-1,-2.769771963E-2,-8.309315890E-2
2.869313286E1,-9.055023640E-2,-6.072192639E-2,-8.202786744E-2
2.869830697E1,-4.793836176E-2,-1.075949892E-1,-9.800732136E-2
2.870324994E1,-1.278356276E-2,-1.182479635E-1,-1.182479635E-1
2.870842083E1,-4.261187743E-3,-9.800732136E-2,-1.225091442E-1
2.871348927E1,-1.065296959E-2,-6.817900389E-2,-1.097255871E-1
2.871863671E1,-2.130593918E-2,-4.793836176E-2,-8.841964602E-2
2.872357916E1,-3.515479714E-2,-3.835069016E-2,-6.817900389E-2
2.872876119E1,-5.113425106E-2,-3.408950195E-2,-4.580776766E-2
2.873384099E1,-6.817900389E-2,-2.769771963E-2,-2.024064213E-2
2.873890318E1,-9.374613315E-2,-1.171826664E-2,-7.457078435E-3
2.874383916E1,-1.257050335E-1,1.597945392E-2,-1.065296936E-3
2.874897250E1,-1.512721628E-1,3.941598535E-2,2.130593872E-3
2.875398724E1,-1.597945392E-1,3.835069016E-2,7.457078435E-3
2.875936547E1,-1.491415650E-1,2.024064213E-2,-2.130593872E-3
2.876423776E1,-1.257050335E-1,5.326484796E-3,-2.024064213E-2
2.876919563E1,-1.001379117E-1,-2.130593872E-3,-3.195890784E-2
2.877427073E1,-8.628904819E-2,-5.326484796E-3,-3.302420676E-2
2.877949386E1,-7.989726961E-2,2.130593872E-3,-3.302420676E-2
2.878446438E1,-7.776667923E-2,9.587672539E-3,-3.089361079E-2
2.878952604E1,-7.883197069E-2,7.457078435E-3,-2.982831374E-2
2.879476323E1,-8.522375673E-2,-3.195890691E-3,-2.982831374E-2
2.879967068E1,-8.948494494E-2,-1.384885982E-2,-2.769771963E-2
2.880470303E1,-9.800732136E-2,-1.384885982E-2,-2.876301669E-2
2.880984625E1,-1.107908785E-1,-9.587672539E-3,-3.195890784E-2
2.881484350E1,-1.193132550E-1,-4.261187743E-3,-3.408950195E-2
2.882016777E1,-1.310315281E-1,-5.326484796E-3,-3.089361079E-2
2.882501746E1,-1.374233067E-1,-1.278356276E-2,-2.237123623E-2
2.883014714E1,-1.416844875E-1,-4.154657945E-2,3.089361079E-2
2.883519845E1,-1.661863178E-1,-4.474247247E-2,1.491415650E-1
2.884025902E1,-2.205164731E-1,4.261187743E-3,3.100014031E-1
2.884547876E1,-2.556712627E-1,7.244019210E-2,4.580776691E-1
2.885063959E1,-2.237123549E-1,1.065296903E-1,5.443667173E-1
2.885543970E1,-1.970799267E-1,9.374613315E-2,4.687306583E-1
2.886085272E1,-1.981452256E-1,1.001379117E-1,3.526133001E-1
2.886561246E1,-2.183858752E-1,8.948494494E-2,2.833689749E-1
2.887065241E1,-2.460835874E-1,7.244019210E-2,2.514100671E-1
2.887571736E1,-2.652589381E-1,8.841964602E-2,2.407571077E-1
2.888091892E1,-2.791078091E-1,1.171826646E-1,2.247776538E-1
2.888587532E1,-3.004137278E-1,1.342274100E-1,2.013411224E-1
2.889107757E1,-3.238502741E-1,1.384886056E-1,1.864269674E-1
2.889607215E1,-3.291767538E-1,1.225091442E-1,2.045370042E-1
2.890110048E1,-3.334379494E-1,8.415845782E-2,2.343653291E-1
2.890609585E1,-3.355685472E-1,4.580776766E-2,2.716507316E-1
2.891127840E1,-3.345032334E-1,1.491415687E-2,3.291767538E-1
2.891635606E1,-3.355685472E-1,-9.587672539E-3,3.877680898E-1
2.892141403E1,-3.345032334E-1,-3.302420676E-2,4.346411526E-1
2.892640137E1,-3.174584806E-1,-7.350549102E-2,4.761877358E-1
2.893150939E1,-2.844342887E-1,-1.406191885E-1,5.113425255E-1
2.893667137E1,-2.396918088E-1,-2.151899785E-1,5.262566805E-1
2.894167497E1,-1.800351888E-1,-2.727160156E-1,5.305178761E-1
2.894673012E1,-1.225091442E-1,-3.110667169E-1,5.102772117E-1
2.895197460E1,-9.374613315E-2,-3.142625988E-1,4.740571380E-1
2.895684210E1,-7.563608140E-2,-2.929566503E-1,4.197269976E-1
2.896226106E1,-6.924430281E-2,-2.631283402E-1,3.515479863E-1
2.896699804E1,-7.776667923E-2,-2.290388346E-1,2.982831299E-1
2.897209861E1,-9.055023640E-2,-1.928187460E-1,2.641936541E-1
2.897714466E1,-1.075949892E-1,-1.587292403E-1,2.258429527E-1
2.898220294E1,-1.203785539E-1,-1.257050335E-1,1.757739931E-1
2.898726039E1,-1.235744432E-1,-9.694202244E-2,1.363580078E-1
2.899240914E1,-1.246397421E-1,-8.202786744E-2,1.086602882E-1
2.899746888E1,-1.342274100E-1,-6.817900389E-2,7.244019210E-2
2.900280419E1,-1.502068639E-1,-3.941598535E-2,4.687306657E-2
2.900752768E1,-1.587292403E-1,-8.522375487E-3,3.302420676E-2
2.901264669E1,-1.640557349E-1,1.065296959E-2,2.343653329E-2
2.901771497E1,-1.704475135E-1,1.704475097E-2,2.130593918E-2
2.902282586E1,-1.768392920E-1,1.384885982E-2,2.237123623E-2
2.902782669E1,-1.821657717E-1,1.491415687E-2,2.769771963E-2
2.903294399E1,-1.885575503E-1,9.587672539E-3,3.089361079E-2
2.903798779E1,-1.906881481E-1,2.130593872E-3,3.408950195E-2
2.904273789E1,-1.896228492E-1,0.000000000E0,3.089361079E-2
2.904804961E1,-1.853616685E-1,-2.130593872E-3,2.769771963E-2
2.905321175E1,-1.736433953E-1,-1.065296936E-3,1.917534508E-2
2.905826550E1,-1.576639414E-1,-1.065296936E-3,9.587672539E-3
2.906335029E1,-1.406191885E-1,-1.278356276E-2,-4.261187743E-3
2.906850149E1,-1.161173657E-1,-2.663242258E-2,-1.704475097E-2
2.907369967E1,-9.694202244E-2,-2.769771963E-2,-3.302420676E-2
2.907868857E1,-8.202786744E-2,-1.917534508E-2,-5.646073818E-2
2.908366212E1,-6.711370498E-2,-1.065296936E-3,-7.776667923E-2
2.908865930E1,-5.219954997E-2,2.556712553E-2,-9.587672353E-2
2.909385154E1,-3.835069016E-2,4.580776766E-2,-1.129214764E-1
2.909906920E1,-2.982831374E-2,6.711370498E-2,-1.384886056E-1
2.910400029E1,-2.450183034E-2,9.481142461E-2,-1.661863178E-1
2.910919222E1,-2.237123623E-2,1.299662292E-1,-2.013411224E-1
2.911405983E1,-2.663242258E-2,1.629904360E-1,-2.386265099E-1
2.911918134E1,-3.622009605E-2,2.002758235E-1,-2.727160156E-1
2.912423530E1,-4.900366068E-2,2.375612110E-1,-3.110667169E-1
2.912927842E1,-5.539543927E-2,2.705854177E-1,-3.547438681E-1
2.913456394E1,-5.539543927E-2,3.004137278E-1,-4.037475288E-1
2.913941436E1,-4.580776766E-2,3.174584806E-1,-4.559471011E-1
2.914468801E1,-4.474247247E-2,3.345032334E-1,-5.049507618E-1
2.914964572E1,-5.433014408E-2,3.515479863E-1,-5.464973450E-1
2.915471108E1,-6.072192639E-2,3.653968573E-1,-5.688685775E-1
2.915972113E1,-6.604841352E-2,3.781804144E-1,-5.550196767E-1
2.916480384E1,-8.415845782E-2,3.803110123E-1,-4.857754111E-1
2.917017718E1,-9.694202244E-2,3.462215066E-1,-4.080087245E-1
2.917498015E1,-8.948494494E-2,2.673895359E-1,-3.472867906E-1
2.918018671E1,-4.474247247E-2,1.651210189E-1,-3.440909088E-1
2.918508593E1,3.835069016E-2,2.769771963E-2,-3.760498166E-1
2.919025187E1,1.427497864E-1,-1.512721628E-1,-3.909639716E-1
2.919523484E1,2.375612110E-1,-3.100014031E-1,-3.994863629E-1
2.920021499E1,2.695201337E-1,-3.536785841E-1,-3.888333738E-1
2.920537713E1,2.290388346E-1,-2.673895359E-1,-3.483521044E-1
2.921042145E1,1.374233067E-1,-1.459456831E-1,-2.791078091E-1
2.921566364E1,3.195890784E-2,-1.917534508E-2,-1.896228492E-1
2.922054328E1,-5.219954997E-2,7.137489319E-2,-1.129214764E-1
2.922578713E1,-9.161553532E-2,9.481142461E-2,-7.457078248E-2
2.923071270E1,-7.989726961E-2,7.563608140E-2,-6.391781569E-2
2.923582182E1,-4.261187837E-2,3.835069016E-2,-5.965662748E-2
2.924082359E1,-4.261187743E-3,5.326484796E-3,-5.752603337E-2
2.924591401E1,1.384885982E-2,-1.704475097E-2,-6.072192639E-2
2.925095599E1,1.597945392E-2,-1.704475097E-2,-6.817900389E-2
2.925607140E1,5.326484796E-3,-2.130593872E-3,-7.457078248E-2
2.926111693E1,-8.522375487E-3,7.457078435E-3,-7.989726961E-2
2.926619562E1,-2.663242258E-2,1.065296959E-2,-8.735434711E-2
2.927123911E1,-4.154657945E-2,8.522375487E-3,-9.481142461E-2
2.927642594E1,-5.752603337E-2,1.065296936E-3,-1.001379117E-1
2.928139516E1,-7.244019210E-2,-9.587672539E-3,-1.012032107E-1
2.928659302E1,-7.989726961E-2,-2.556712553E-2,-9.800732136E-2
2.929152505E1,-8.309315890E-2,-4.048128426E-2,-8.841964602E-2
2.929671953E1,-8.415845782E-2,-4.474247247E-2,-8.202786744E-2
2.930179146E1,-8.948494494E-2,-4.261187837E-2,-8.096256852E-2
2.930702495E1,-1.012032107E-1,-2.769771963E-2,-7.989726961E-2
2.931179980E1,-1.150520667E-1,-7.457078435E-3,-7.563608140E-2
2.931715797E1,-1.257050335E-1,2.130593872E-3,-7.244019210E-2
2.932196881E1,-1.225091442E-1,-9.587672539E-3,-5.965662748E-2
2.932714511E1,-1.075949892E-1,-2.237123623E-2,-5.006895587E-2
2.933211626E1,-9.161553532E-2,-2.343653329E-2,-4.474247247E-2
2.933736475E1,-8.202786744E-2,-1.597945392E-2,-4.048128426E-2
2.934228094E1,-7.989726961E-2,1.065296936E-3,-3.728539124E-2
2.934748506E1,-7.989726961E-2,2.130593918E-2,-3.195890784E-2
2.935242626E1,-8.628904819E-2,3.408950195E-2,-3.195890784E-2
2.935756891E1,-9.161553532E-2,4.474247247E-2,-3.515479714E-2
2.936252751E1,-9.587672353E-2,5.113425106E-2,-3.302420676E-2
2.936774605E1,-9.587672353E-2,4.474247247E-2,-2.982831374E-2
2.937284470E1,-9.268083423E-2,3.728539124E-2,-2.876301669E-2
2.937787230E1,-8.841964602E-2,3.408950195E-2,-3.089361079E-2
2.938277392E1,-8.096256852E-2,3.728539124E-2,-3.408950195E-2
2.938805376E1,-7.883197069E-2,4.367717355E-2,-3.515479714E-2
2.939296512E1,-8.096256852E-2,4.900366068E-2,-3.408950195E-2
2.939829944E1,-8.415845782E-2,5.859133229E-2,-3.408950195E-2
2.940307631E1,-8.628904819E-2,6.817900389E-2,-3.515479714E-2
2.940841538E1,-8.735434711E-2,7.350549102E-2,-3.835069016E-2
2.941348455E1,-8.309315890E-2,7.350549102E-2,-4.367717355E-2
2.941833189E1,-7.563608140E-2,7.137489319E-2,-4.474247247E-2
2.942335460E1,-7.030959427E-2,6.817900389E-2,-4.900366068E-2
2.942876106E1,-6.178722158E-2,6.285251677E-2,-5.006895587E-2
2.943358658E1,-5.326484516E-2,5.859133229E-2,-5.326484516E-2
2.943861491E1,-4.367717355E-2,5.539543927E-2,-5.646073818E-2
2.944370085E1,-3.622009605E-2,5.539543927E-2,-5.539543927E-2
2.944878319E1,-3.408950195E-2,6.072192639E-2,-5.326484516E-2
2.945384965E1,-3.515479714E-2,7.030959427E-2,-5.433014408E-2
2.945884819E1,-3.622009605E-2,7.563608140E-2,-5.752603337E-2
2.946387200E1,-4.048128426E-2,7.883197069E-2,-5.965662748E-2
2.946934471E1,-4.367717355E-2,8.202786744E-2,-6.285251677E-2
2.947428205E1,-4.367717355E-2,8.415845782E-2,-6.711370498E-2
2.947921169E1,-4.048128426E-2,8.735434711E-2,-7.244019210E-2
2.948452861E1,-3.622009605E-2,8.735434711E-2,-7.563608140E-2
2.948940414E1,-2.556712553E-2,8.735434711E-2,-7.670138031E-2
2.949447065E1,-1.704475097E-2,8.948494494E-2,-8.202786744E-2
2.949955528E1,-1.065296959E-2,9.481142461E-2,-8.628904819E-2
2.950451518E1,0.000000000E0,9.694202244E-2,-8.522375673E-2
2.950971893E1,9.587672539E-3,9.907261282E-2,-8.522375673E-2
2.951476851E1,1.917534508E-2,1.001379117E-1,-8.522375673E-2
2.951999049E1,2.982831374E-2,1.033338010E-1,-7.883197069E-2
2.952483773E1,4.154657945E-2,1.054643989E-1,-7.670138031E-2
2.952991872E1,5.646073818E-2,1.043990999E-1,-7.457078248E-2
2.953509758E1,7.350549102E-2,1.022685021E-1,-6.711370498E-2
2.954013898E1,9.161553532E-2,1.012032107E-1,-6.072192639E-2
2.954515435E1,1.065296903E-1,1.022685021E-1,-5.433014408E-2
2.955021992E1,1.203785539E-1,1.033338010E-1,-4.793836176E-2
2.955525123E1,1.331621110E-1,1.012032107E-1,-4.261187837E-2
2.956037862E1,1.448803842E-1,1.001379117E-1,-3.728539124E-2
2.956546284E1,1.565986425E-1,1.033338010E-1,-3.408950195E-2
2.957058914E1,1.640557349E-1,1.054643989E-1,-3.408950195E-2
2.957554284E1,1.693822145E-1,1.075949892E-1,-3.302420676E-2
2.958073039E1,1.789698899E-1,1.097255871E-1,-3.195890784E-2
2.958564201E1,1.864269674E-1,1.086602882E-1,-3.089361079E-2
2.959086034E1,1.906881481E-1,1.065296903E-1,-2.343653329E-2
2.959602201E1,1.960146427E-1,1.001379117E-1,-1.491415687E-2
2.960091060E1,2.002758235E-1,9.481142461E-2,-7.457078435E-3
2.960618555E1,2.034717202E-1,9.055023640E-2,1.065296936E-3
2.961112639E1,2.077329010E-1,8.522375673E-2,6.391781382E-3
2.961613858E1,2.119940966E-1,7.883197069E-2,1.491415687E-2
2.962141410E1,2.119940966E-1,7.137489319E-2,2.130593918E-2
2.962627925E1,2.119940966E-1,6.178722158E-2,2.663242258E-2
2.963144660E1,2.141246796E-1,5.433014408E-2,2.982831374E-2
2.963654504E1,2.173205763E-1,4.367717355E-2,3.195890784E-2
2.964149832E1,2.226470560E-1,3.622009605E-2,3.302420676E-2
2.964673858E1,2.247776538E-1,3.089361079E-2,3.302420676E-2
2.965169384E1,2.258429527E-1,2.556712553E-2,3.408950195E-2
2.965669446E1,2.247776538E-1,2.024064213E-2,3.302420676E-2
2.966182592E1,2.226470560E-1,1.491415687E-2,2.982831374E-2
2.966694775E1,2.183858752E-1,1.065296959E-2,2.556712553E-2
2.967199124E1,2.130593807E-1,7.457078435E-3,1.491415687E-2
2.967720848E1,2.077329010E-1,-1.065296936E-3,8.522375487E-3
2.968224441E1,2.024064213E-1,-4.261187743E-3,6.391781382E-3
2.968708514E1,1.949493438E-1,-7.457078435E-3,3.195890691E-3
2.969222863E1,1.853616685E-1,-1.384885982E-2,-2.130593872E-3
2.969728676E1,1.715128124E-1,-2.024064213E-2,-7.457078435E-3
2.970240791E1,1.576639414E-1,-2.663242258E-2,-1.065296959E-2
2.970735046E1,1.470109820E-1,-2.876301669E-2,-2.130593918E-2
2.971254239E1,1.289009303E-1,-3.622009605E-2,-2.450183034E-2
2.971909884E1,1.097255871E-1,-4.474247247E-2,-2.237123623E-2
2.972267572E1,9.161553532E-2,-5.326484516E-2,-2.450183034E-2
2.972806926E1,7.350549102E-2,-5.752603337E-2,-3.089361079E-2
2.973273801E1,5.433014408E-2,-6.072192639E-2,-3.515479714E-2
2.973800369E1,3.302420676E-2,-5.965662748E-2,-4.048128426E-2
2.974287739E1,1.491415687E-2,-5.752603337E-2,-4.474247247E-2
2.974802942E1,1.065296936E-3,-5.326484516E-2,-4.793836176E-2
2.975303015E1,-1.597945392E-2,-4.687306657E-2,-5.219954997E-2
2.975830286E1,-2.982831374E-2,-3.515479714E-2,-5.433014408E-2
2.976315312E1,-4.367717355E-2,-2.343653329E-2,-5.859133229E-2
2.976832750E1,-5.646073818E-2,-1.384885982E-2,-6.604841352E-2
2.977331968E1,-6.817900389E-2,-8.522375487E-3,-7.030959427E-2
2.977861370E1,-7.670138031E-2,-7.457078435E-3,-7.670138031E-2
2.978344286E1,-8.415845782E-2,-1.278356276E-2,-7.776667923E-2
2.978853698E1,-8.735434711E-2,-2.024064213E-2,-7.883197069E-2
2.979360292E1,-8.841964602E-2,-3.195890784E-2,-7.776667923E-2
2.979871807E1,-8.841964602E-2,-4.048128426E-2,-7.457078248E-2
2.980370318E1,-8.735434711E-2,-4.154657945E-2,-7.350549102E-2
2.980889630E1,-8.522375673E-2,-3.835069016E-2,-7.670138031E-2
2.981394136E1,-7.989726961E-2,-3.835069016E-2,-7.563608140E-2
2.981900000E1,-7.030959427E-2,-3.515479714E-2,-7.244019210E-2
2.982412136E1,-5.859133229E-2,-2.982831374E-2,-6.924430281E-2
2.982918599E1,-4.687306657E-2,-2.343653329E-2,-6.711370498E-2
2.983419365E1,-3.835069016E-2,-1.597945392E-2,-6.178722158E-2
2.983930068E1,-2.556712553E-2,-1.065296959E-2,-5.752603337E-2
2.984448808E1,-1.065296959E-2,-9.587672539E-3,-5.219954997E-2
2.984951235E1,1.065296936E-3,-1.597945392E-2,-4.580776766E-2
2.985475438E1,1.065296959E-2,-1.704475097E-2,-4.048128426E-2
2.985978589E1,1.917534508E-2,-1.917534508E-2,-3.622009605E-2
2.986454428E1,2.450183034E-2,-2.343653329E-2,-3.089361079E-2
2.986990777E1,2.556712553E-2,-2.663242258E-2,-2.982831374E-2
2.987485615E1,2.663242258E-2,-3.195890784E-2,-3.195890784E-2
2.987989881E1,2.343653329E-2,-3.515479714E-2,-3.089361079E-2
2.988500319E1,2.024064213E-2,-4.048128426E-2,-2.876301669E-2
2.989000292E1,1.491415687E-2,-4.154657945E-2,-3.302420676E-2
2.989499527E1,9.587672539E-3,-4.474247247E-2,-3.622009605E-2
2.990028397E1,3.195890691E-3,-4.900366068E-2,-4.048128426E-2
2.990513980E1,-3.195890691E-3,-4.687306657E-2,-5.219954997E-2
2.991029251E1,-8.522375487E-3,-4.793836176E-2,-5.326484516E-2
2.991536303E1,-1.171826664E-2,-5.433014408E-2,-4.793836176E-2
2.992040413E1,-1.065296959E-2,-5.859133229E-2,-4.580776766E-2
2.992550340E1,-9.587672539E-3,-6.072192639E-2,-4.367717355E-2
2.993063392E1,-8.522375487E-3,-6.178722158E-2,-4.367717355E-2
2.993560522E1,-8.522375487E-3,-6.924430281E-2,-4.474247247E-2
2.994077199E1,-5.326484796E-3,-7.670138031E-2,-4.474247247E-2
2.994582366E1,-7.457078435E-3,-8.096256852E-2,-4.474247247E-2
2.995080486E1,-1.278356276E-2,-8.202786744E-2,-4.793836176E-2
2.995574126E1,-1.704475097E-2,-8.735434711E-2,-5.219954997E-2
2.996100580E1,-1.704475097E-2,-9.268083423E-2,-5.752603337E-2
2.996639377E1,-2.343653329E-2,-9.694202244E-2,-6.072192639E-2
2.997112887E1,-3.195890784E-2,-1.033338010E-1,-7.030959427E-2
2.997628278E1,-4.474247247E-2,-1.129214764E-1,-8.628904819E-2
2.998130345E1,-5.965662748E-2,-1.193132550E-1,-1.043990999E-1
2.998636257E1,-7.563608140E-2,-1.257050335E-1,-1.182479635E-1
2.999144950E1,-9.161553532E-2,-1.320968270E-1,-1.352927089E-1
2.999660945E1,-1.097255871E-1,-1.331621110E-1,-1.576639414E-1
3.000160387E1,-1.331621110E-1,-1.289009303E-1,-1.789698899E-1
3.000667882E1,-1.565986425E-1,-1.289009303E-1,-1.938840449E-1
3.001135637E1,-1.811004728E-1,-1.278356314E-1,-2.109287977E-1
3.001685705E1,-2.087981999E-1,-1.214438528E-1,-2.269082516E-1
3.002184403E1,-2.428877056E-1,-1.129214764E-1,-2.375612110E-1
3.002702174E1,-2.695201337E-1,-1.012032107E-1,-2.407571077E-1
3.003213830E1,-2.929566503E-1,-8.415845782E-2,-2.418224066E-1
3.003717935E1,-3.110667169E-1,-7.137489319E-2,-2.343653291E-1
3.004216955E1,-3.227849603E-1,-6.285251677E-2,-2.215817571E-1
3.004715383E1,-3.259808719E-1,-6.285251677E-2,-2.098634988E-1
3.005226383E1,-3.206543922E-1,-6.924430281E-2,-1.938840449E-1
3.005729820E1,-3.089361191E-1,-8.202786744E-2,-1.725780964E-1
3.006243273E1,-2.993484437E-1,-9.161553532E-2,-1.491415650E-1
3.006740596E1,-2.940219641E-1,-1.001379117E-1,-1.246397421E-1
3.007255221E1,-2.950872481E-1,-1.012032107E-1,-1.043990999E-1
3.007760071E1,-2.972178459E-1,-9.481142461E-2,-8.202786744E-2
3.008267966E1,-3.068055212E-1,-8.735434711E-2,-6.498311460E-2
3.008793581E1,-3.131972849E-1,-7.883197069E-2,-5.113425106E-2
3.009288008E1,-3.217196763E-1,-6.711370498E-2,-3.515479714E-2
3.009784758E1,-3.291767538E-1,-6.072192639E-2,-2.024064213E-2
3.010336492E1,-3.334379494E-1,-5.752603337E-2,-1.811004803E-2
3.010820555E1,-3.366338313E-1,-6.072192639E-2,-1.491415687E-2
3.011332420E1,-3.387644291E-1,-6.711370498E-2,-1.278356276E-2
3.011818675E1,-3.366338313E-1,-7.457078248E-2,-1.171826664E-2
3.012336076E1,-3.376991153E-1,-8.096256852E-2,-8.522375487E-3
3.012830774E1,-3.419603109E-1,-8.309315890E-2,-8.522375487E-3
3.013343337E1,-3.504827023E-1,-8.309315890E-2,-1.491415687E-2
3.013844311E1,-3.622009456E-1,-7.563608140E-2,-1.704475097E-2
3.014371368E1,-3.781804144E-1,-6.604841352E-2,-2.343653329E-2
3.014858566E1,-3.952251673E-1,-6.178722158E-2,-3.089361079E-2
3.015368102E1,-4.101393223E-1,-5.965662748E-2,-4.154657945E-2
3.015870415E1,-4.218575954E-1,-6.072192639E-2,-5.006895587E-2
3.016394373E1,-4.325105548E-1,-6.391781569E-2,-5.965662748E-2
3.016884056E1,-4.399676323E-1,-6.391781569E-2,-7.137489319E-2
3.017399530E1,-4.399676323E-1,-6.498311460E-2,-8.202786744E-2
3.017901103E1,-4.410329461E-1,-6.604841352E-2,-9.161553532E-2
3.018408514E1,-4.420982301E-1,-6.391781569E-2,-1.033338010E-1
3.018919520E1,-4.410329461E-1,-6.285251677E-2,-1.118561774E-1
3.019424499E1,-4.410329461E-1,-5.752603337E-2,-1.182479635E-1
3.019942395E1,-4.399676323E-1,-5.006895587E-2,-1.235744432E-1
3.020449259E1,-4.399676323E-1,-4.261187837E-2,-1.267703325E-1
3.020943488E1,-4.420982301E-1,-3.941598535E-2,-1.278356314E-1
3.021452619E1,-4.463594258E-1,-3.941598535E-2,-1.289009303E-1
3.021952702E1,-4.506205916E-1,-4.154657945E-2,-1.310315281E-1
3.022480468E1,-4.538165033E-1,-4.261187837E-2,-1.310315281E-1
3.022981910E1,-4.591429830E-1,-4.048128426E-2,-1.299662292E-1
3.023485134E1,-4.676653445E-1,-4.048128426E-2,-1.289009303E-1
3.023965447E1,-4.751224220E-1,-4.261187837E-2,-1.278356314E-1
3.024500801E1,-4.868406951E-1,-4.474247247E-2,-1.289009303E-1
3.025000046E1,-4.985589683E-1,-4.687306657E-2,-1.278356314E-1
3.025516478E1,-5.081466436E-1,-4.580776766E-2,-1.257050335E-1
3.026031578E1,-5.145384073E-1,-4.580776766E-2,-1.225091442E-1
3.026534453E1,-5.230607986E-1,-5.113425106E-2,-1.161173657E-1
3.027024380E1,-5.315831900E-1,-5.539543927E-2,-1.075949892E-1
3.027553291E1,-5.411708355E-1,-5.859133229E-2,-9.800732136E-2
3.028046359E1,-5.518237948E-1,-6.072192639E-2,-8.948494494E-2
3.028566812E1,-5.624767542E-1,-6.072192639E-2,-8.096256852E-2
3.029063411E1,-5.731297731E-1,-5.965662748E-2,-7.244019210E-2
3.029591031E1,-5.848480463E-1,-5.433014408E-2,-6.391781569E-2
3.030071573E1,-5.986968875E-1,-4.580776766E-2,-5.965662748E-2
3.030598422E1,-6.168069243E-1,-3.941598535E-2,-5.646073818E-2
3.031084828E1,-6.285251975E-1,-3.195890784E-2,-5.539543927E-2
3.031612656E1,-6.349169612E-1,-2.343653329E-2,-5.752603337E-2
3.032097583E1,-6.381128430E-1,-2.130593918E-2,-6.285251677E-2
3.032630161E1,-6.413087845E-1,-2.663242258E-2,-7.137489319E-2
3.033110625E1,-6.445046663E-1,-3.515479714E-2,-7.883197069E-2
3.033623490E1,-6.455699205E-1,-4.793836176E-2,-8.628904819E-2
3.034129953E1,-6.487658620E-1,-5.965662748E-2,-9.587672353E-2
3.034636563E1,-6.498311162E-1,-7.244019210E-2,-1.022685021E-1
3.035143641E1,-6.498311162E-1,-8.309315890E-2,-1.118561774E-1
3.035665427E1,-6.487658620E-1,-8.309315890E-2,-1.203785539E-1
3.036151162E1,-6.508964300E-1,-7.563608140E-2,-1.320968270E-1
3.036665089E1,-6.498311162E-1,-6.711370498E-2,-1.416844875E-1
3.037171568E1,-6.498311162E-1,-5.859133229E-2,-1.544680595E-1
3.037681730E1,-6.487658620E-1,-5.219954997E-2,-1.640557349E-1
3.038189813E1,-6.455699205E-1,-4.793836176E-2,-1.693822145E-1
3.038694761E1,-6.402434707E-1,-4.793836176E-2,-1.725780964E-1
3.039200396E1,-6.391781569E-1,-4.687306657E-2,-1.715128124E-1
3.039729350E1,-6.359822750E-1,-4.793836176E-2,-1.672516167E-1
3.040216235E1,-6.317210793E-1,-5.113425106E-2,-1.629904360E-1
3.040761136E1,-6.295905113E-1,-5.433014408E-2,-1.534027606E-1
3.041231782E1,-6.306557655E-1,-5.965662748E-2,-1.470109820E-1
3.041740115E1,-6.274598837E-1,-5.752603337E-2,-1.416844875E-1
3.042248199E1,-6.168069243E-1,-6.391781569E-2,-1.310315281E-1
3.042759548E1,-5.976315737E-1,-8.415845782E-2,-1.171826646E-1
3.043257402E1,-5.859133005E-1,-9.161553532E-2,-1.161173657E-1
3.043770735E1,-5.773909688E-1,-8.415845782E-2,-1.150520667E-1
3.044275340E1,-5.667379498E-1,-7.457078248E-2,-1.097255871E-1
3.044808428E1,-5.571503043E-1,-7.350549102E-2,-1.086602882E-1
3.045283689E1,-5.443667173E-1,-6.711370498E-2,-1.086602882E-1
3.045764199E1,-5.305178761E-1,-5.646073818E-2,-1.129214764E-1
3.046301757E1,-5.177342892E-1,-4.261187837E-2,-1.203785539E-1
3.046810470E1,-4.996242523E-1,-2.663242258E-2,-1.289009303E-1
3.047316970E1,-4.772530198E-1,-1.065296959E-2,-1.363580078E-1
3.047820563E1,-4.548817873E-1,-4.261187743E-3,-1.427497864E-1
3.048325851E1,-4.367717505E-1,0.000000000E0,-1.470109820E-1
3.048844955E1,-4.154658020E-1,-4.261187743E-3,-1.491415650E-1
3.049307970E1,-3.973557651E-1,-1.065296959E-2,-1.480762810E-1
3.049854507E1,-3.856374919E-1,-1.171826664E-2,-1.427497864E-1
3.050355340E1,-3.696580231E-1,-1.597945392E-2,-1.310315281E-1
3.050870054E1,-3.600703776E-1,-2.876301669E-2,-1.214438528E-1
3.051372325E1,-3.515479863E-1,-4.367717355E-2,-1.139867753E-1
3.051889747E1,-3.419603109E-1,-5.539543927E-2,-1.065296903E-1
3.052387471E1,-3.355685472E-1,-6.817900389E-2,-1.012032107E-1
3.052896387E1,-3.291767538E-1,-7.670138031E-2,-9.481142461E-2
3.053445533E1,-3.238502741E-1,-8.415845782E-2,-9.161553532E-2
3.053907138E1,-3.206543922E-1,-9.161553532E-2,-9.374613315E-2
3.054447408E1,-3.174584806E-1,-9.055023640E-2,-9.268083423E-2
3.054922497E1,-3.100014031E-1,-8.202786744E-2,-9.161553532E-2
3.055437372E1,-3.004137278E-1,-6.817900389E-2,-9.161553532E-2
3.055949268E1,-2.876301706E-1,-5.433014408E-2,-8.948494494E-2
3.056444367E1,-2.673895359E-1,-4.048128426E-2,-7.989726961E-2
3.056946575E1,-2.471488863E-1,-2.450183034E-2,-7.244019210E-2
3.057466898E1,-2.301041335E-1,-1.278356276E-2,-6.391781569E-2
3.057984971E1,-2.045370042E-1,-1.065296936E-3,-5.006895587E-2
3.058487805E1,-1.853616685E-1,7.457078435E-3,-3.515479714E-2
3.059005253E1,-1.693822145E-1,1.704475097E-2,-2.237123623E-2
3.059488940E1,-1.534027606E-1,3.089361079E-2,-1.065296959E-2
3.059994050E1,-1.384886056E-1,3.728539124E-2,0.000000000E0
3.060510331E1,-1.267703325E-1,4.367717355E-2,1.065296959E-2
3.061003946E1,-1.150520667E-1,4.580776766E-2,2.024064213E-2
3.061519862E1,-1.033338010E-1,5.113425106E-2,2.769771963E-2
3.062023055E1,-9.055023640E-2,5.646073818E-2,3.408950195E-2
3.062531576E1,-7.457078248E-2,6.178722158E-2,4.048128426E-2
3.063033659E1,-5.433014408E-2,6.711370498E-2,4.474247247E-2
3.063548060E1,-3.089361079E-2,7.244019210E-2,4.793836176E-2
3.064046550E1,-6.391781382E-3,7.244019210E-2,5.113425106E-2
3.064546946E1,2.024064213E-2,7.244019210E-2,5.006895587E-2
3.065065769E1,4.367717355E-2,7.137489319E-2,4.900366068E-2
3.065580534E1,6.711370498E-2,7.350549102E-2,4.261187837E-2
3.066075863E1,8.522375673E-2,7.563608140E-2,3.941598535E-2
3.066596311E1,9.907261282E-2,8.096256852E-2,3.835069016E-2
3.067093608E1,1.118561774E-1,8.628904819E-2,3.835069016E-2
3.067604639E1,1.246397421E-1,9.161553532E-2,3.515479714E-2
3.068121134E1,1.342274100E-1,9.268083423E-2,3.195890784E-2
3.068635092E1,1.416844875E-1,8.948494494E-2,3.302420676E-2
3.069132962E1,1.544680595E-1,8.841964602E-2,3.089361079E-2
3.069637004E1,1.640557349E-1,8.948494494E-2,3.302420676E-2
3.070134780E1,1.757739931E-1,9.481142461E-2,3.302420676E-2
3.070649222E1,1.821657717E-1,1.001379117E-1,3.195890784E-2
3.071167223E1,1.842963696E-1,1.054643989E-1,2.769771963E-2
3.071660540E1,1.864269674E-1,1.086602882E-1,2.343653329E-2
3.072161103E1,1.853616685E-1,1.129214764E-1,2.343653329E-2
3.072677431E1,1.864269674E-1,1.139867753E-1,2.130593918E-2
3.073175957E1,1.896228492E-1,1.150520667E-1,2.130593918E-2
3.073691650E1,1.917534471E-1,1.193132550E-1,2.237123623E-2
3.074199353E1,1.992105246E-1,1.235744432E-1,2.343653329E-2
3.074703061E1,1.970799267E-1,1.257050335E-1,2.450183034E-2
3.075219384E1,1.917534471E-1,1.331621110E-1,2.130593918E-2
3.075717025E1,1.821657717E-1,1.363580078E-1,1.917534508E-2
3.076221322E1,1.704475135E-1,1.384886056E-1,1.384885982E-2
3.076735322E1,1.512721628E-1,1.395539045E-1,9.587672539E-3
3.077233505E1,1.342274100E-1,1.427497864E-1,6.391781382E-3
3.077753874E1,1.171826646E-1,1.438150853E-1,-2.130593872E-3
3.078261062E1,1.012032107E-1,1.416844875E-1,-8.522375487E-3
3.078760932E1,8.735434711E-2,1.416844875E-1,-1.171826664E-2
3.079263088E1,7.563608140E-2,1.374233067E-1,-1.597945392E-2
3.079777848E1,6.711370498E-2,1.331621110E-1,-1.917534508E-2
3.080280906E1,5.646073818E-2,1.278356314E-1,-2.130593918E-2
3.080787713E1,5.219954997E-2,1.246397421E-1,-2.450183034E-2
3.081304140E1,4.900366068E-2,1.182479635E-1,-2.450183034E-2
3.081813515E1,4.580776766E-2,1.097255871E-1,-2.769771963E-2
3.082319411E1,4.793836176E-2,1.012032107E-1,-2.769771963E-2
3.082819562E1,5.006895587E-2,8.948494494E-2,-2.663242258E-2
3.083322739E1,5.433014408E-2,7.776667923E-2,-2.663242258E-2
3.083833073E1,6.072192639E-2,6.604841352E-2,-2.769771963E-2
3.084331396E1,7.137489319E-2,5.752603337E-2,-2.769771963E-2
3.084851130E1,8.202786744E-2,5.326484516E-2,-2.769771963E-2
3.085363172E1,9.587672353E-2,5.433014408E-2,-3.302420676E-2
3.085858786E1,1.075949892E-1,5.965662748E-2,-3.622009605E-2
3.086364026E1,1.203785539E-1,6.391781569E-2,-4.261187837E-2
3.086874922E1,1.278356314E-1,6.711370498E-2,-5.113425106E-2
3.087372432E1,1.363580078E-1,6.817900389E-2,-5.859133229E-2
3.087915880E1,1.438150853E-1,7.030959427E-2,-6.285251677E-2
3.088389297E1,1.470109820E-1,6.711370498E-2,-6.604841352E-2
3.088903808E1,1.502068639E-1,6.072192639E-2,-6.924430281E-2
3.089405558E1,1.491415650E-1,5.433014408E-2,-7.030959427E-2
3.089917120E1,1.491415650E-1,4.900366068E-2,-6.604841352E-2
3.090423740E1,1.502068639E-1,4.687306657E-2,-6.285251677E-2
3.090944511E1,1.491415650E-1,4.048128426E-2,-5.646073818E-2
3.091434240E1,1.470109820E-1,3.515479714E-2,-4.687306657E-2
3.091946381E1,1.480762810E-1,3.089361079E-2,-3.835069016E-2
3.092456917E1,1.480762810E-1,2.130593918E-2,-2.876301669E-2
3.092969178E1,1.544680595E-1,1.384885982E-2,-1.917534508E-2
3.093468303E1,1.608598381E-1,6.391781382E-3,-1.171826664E-2
3.093994522E1,1.672516167E-1,-1.065296936E-3,-4.261187743E-3
3.094490267E1,1.768392920E-1,-6.391781382E-3,2.130593872E-3
3.094999579E1,1.874922663E-1,-5.326484796E-3,6.391781382E-3
3.095489975E1,1.949493438E-1,-1.065296936E-3,9.587672539E-3
3.096004142E1,2.013411224E-1,2.130593872E-3,1.171826664E-2
3.096510860E1,2.034717202E-1,4.261187743E-3,1.171826664E-2
3.097023402E1,2.087981999E-1,5.326484796E-3,1.278356276E-2
3.097525949E1,2.183858752E-1,8.522375487E-3,1.491415687E-2
3.098045381E1,2.226470560E-1,7.457078435E-3,1.384885982E-2
3.098546106E1,2.290388346E-1,5.326484796E-3,1.171826664E-2
3.099047710E1,2.354306281E-1,4.261187743E-3,1.065296959E-2
3.099556757E1,2.407571077E-1,7.457078435E-3,7.457078435E-3
3.100072975E1,2.439530045E-1,1.065296959E-2,7.457078435E-3
3.100565533E1,2.524753809E-1,1.704475097E-2,7.457078435E-3
3.101097950E1,2.578018606E-1,2.450183034E-2,8.522375487E-3
3.101580200E1,2.609977424E-1,2.663242258E-2,9.587672539E-3
3.102089830E1,2.652589381E-1,3.089361079E-2,1.065296959E-2
3.102588820E1,2.684548199E-1,2.237123623E-2,1.917534508E-2
3.103110689E1,2.769772112E-1,0.000000000E0,3.408950195E-2
3.103603137E1,2.780424953E-1,3.195890691E-3,1.597945392E-2
3.104121736E1,2.759118974E-1,1.597945392E-2,6.391781382E-3
3.104615804E1,2.780424953E-1,2.663242258E-2,1.171826664E-2
3.105133830E1,2.769772112E-1,3.835069016E-2,1.597945392E-2
3.105634289E1,2.780424953E-1,4.367717355E-2,1.704475097E-2
3.106144335E1,2.748466134E-1,4.474247247E-2,1.704475097E-2
3.106650601E1,2.673895359E-1,3.835069016E-2,1.811004803E-2
3.107177487E1,2.609977424E-1,3.728539124E-2,2.237123623E-2
3.107683612E1,2.556712627E-1,3.622009605E-2,2.663242258E-2
3.108173877E1,2.514100671E-1,3.835069016E-2,2.876301669E-2
3.108680164E1,2.439530045E-1,4.048128426E-2,2.876301669E-2
3.109185706E1,2.386265099E-1,4.367717355E-2,3.302420676E-2
3.109688648E1,2.290388346E-1,4.474247247E-2,3.408950195E-2
3.110223075E1,2.226470560E-1,4.687306657E-2,3.835069016E-2
3.110718841E1,2.162552774E-1,5.006895587E-2,4.580776766E-2
3.111218331E1,2.141246796E-1,5.646073818E-2,4.900366068E-2
3.111727388E1,2.151899785E-1,6.391781569E-2,5.006895587E-2
3.112238878E1,2.109287977E-1,5.752603337E-2,4.261187837E-2
3.112731800E1,1.981452256E-1,4.580776766E-2,4.154657945E-2
3.113248544E1,1.896228492E-1,4.154657945E-2,4.580776766E-2
3.113746341E1,1.779045910E-1,4.154657945E-2,4.580776766E-2
3.114264003E1,1.747086942E-1,4.900366068E-2,4.793836176E-2
3.114755539E1,1.693822145E-1,5.113425106E-2,4.793836176E-2
3.115270373E1,1.629904360E-1,4.793836176E-2,4.687306657E-2
3.115793269E1,1.587292403E-1,4.048128426E-2,4.367717355E-2
3.116296862E1,1.555333585E-1,3.515479714E-2,4.154657945E-2
3.116796842E1,1.576639414E-1,3.408950195E-2,4.154657945E-2
3.117328456E1,1.608598381E-1,4.048128426E-2,4.048128426E-2
3.117808654E1,1.629904360E-1,4.687306657E-2,4.048128426E-2
3.118320680E1,1.661863178E-1,4.900366068E-2,4.048128426E-2
3.118822056E1,1.683169156E-1,5.433014408E-2,3.941598535E-2
3.119334706E1,1.725780964E-1,6.072192639E-2,3.728539124E-2
3.119843780E1,1.747086942E-1,6.072192639E-2,3.515479714E-2
3.120374014E1,1.736433953E-1,5.859133229E-2,3.515479714E-2
3.120859905E1,1.704475135E-1,6.072192639E-2,3.515479714E-2
3.121364639E1,1.715128124E-1,5.646073818E-2,3.089361079E-2
3.121868155E1,1.704475135E-1,4.900366068E-2,2.769771963E-2
3.122380691E1,1.704475135E-1,4.154657945E-2,2.450183034E-2
3.122878983E1,1.704475135E-1,3.622009605E-2,2.024064213E-2
3.123390738E1,1.704475135E-1,3.089361079E-2,1.704475097E-2
3.123897046E1,1.757739931E-1,2.982831374E-2,1.491415687E-2
3.124400733E1,1.821657717E-1,2.450183034E-2,1.171826664E-2
3.124903134E1,1.821657717E-1,1.491415687E-2,9.587672539E-3
3.125438811E1,1.864269674E-1,6.391781382E-3,9.587672539E-3
3.125920650E1,1.896228492E-1,-5.326484796E-3,7.457078435E-3
3.126422738E1,1.917534471E-1,-1.491415687E-2,2.130593872E-3
3.126934660E1,1.949493438E-1,-2.343653329E-2,0.000000000E0
3.127442937E1,1.960146427E-1,-2.876301669E-2,-6.391781382E-3
3.127946614E1,1.938840449E-1,-3.408950195E-2,-1.384885982E-2
3.128458916E1,1.874922663E-1,-4.048128426E-2,-2.556712553E-2
3.128976530E1,1.789698899E-1,-4.474247247E-2,-3.408950195E-2
3.129475411E1,1.693822145E-1,-4.793836176E-2,-4.580776766E-2
3.129995400E1,1.597945392E-1,-5.113425106E-2,-5.859133229E-2
3.130488603E1,1.470109820E-1,-5.219954997E-2,-6.604841352E-2
3.130964161E1,1.342274100E-1,-5.433014408E-2,-7.244019210E-2
3.131500978E1,1.161173657E-1,-5.752603337E-2,-7.670138031E-2
3.132027255E1,9.694202244E-2,-6.711370498E-2,-8.628904819E-2
3.132520671E1,7.563608140E-2,-7.989726961E-2,-8.841964602E-2
3.133018562E1,5.006895587E-2,-8.628904819E-2,-9.481142461E-2
3.133527182E1,2.663242258E-2,-9.907261282E-2,-1.012032107E-1
3.134031422E1,9.587672539E-3,-1.065296903E-1,-1.001379117E-1
3.134552692E1,-3.195890691E-3,-1.097255871E-1,-9.800732136E-2
3.135048172E1,-1.917534508E-2,-1.171826646E-1,-9.800732136E-2
3.135572213E1,-4.154657945E-2,-1.374233067E-1,-9.907261282E-2
3.136075255E1,-6.604841352E-2,-1.544680595E-1,-9.694202244E-2
3.136582974E1,-8.522375673E-2,-1.576639414E-1,-9.481142461E-2
3.137071177E1,-9.800732136E-2,-1.523374617E-1,-9.587672353E-2
3.137588073E1,-1.043990999E-1,-1.512721628E-1,-9.694202244E-2
3.138082396E1,-1.107908785E-1,-1.555333585E-1,-9.907261282E-2
3.138602297E1,-1.118561774E-1,-1.459456831E-1,-9.481142461E-2
3.139106219E1,-1.012032107E-1,-1.342274100E-1,-9.055023640E-2
3.139630922E1,-9.268083423E-2,-1.289009303E-1,-8.735434711E-2
3.140116360E1,-8.415845782E-2,-1.246397421E-1,-7.989726961E-2
3.140634813E1,-7.244019210E-2,-1.182479635E-1,-7.244019210E-2
3.141134042E1,-5.859133229E-2,-1.043990999E-1,-6.391781569E-2
3.141653563E1,-4.580776766E-2,-9.268083423E-2,-5.219954997E-2
3.142147287E1,-2.982831374E-2,-7.883197069E-2,-4.261187837E-2
3.142634573E1,-1.278356276E-2,-7.137489319E-2,-2.982831374E-2
3.143160422E1,8.522375487E-3,-6.711370498E-2,-1.811004803E-2
3.143676391E1,3.089361079E-2,-6.391781569E-2,-1.065296959E-2
3.144182923E1,4.900366068E-2,-5.965662748E-2,-1.065296936E-3
3.144690548E1,6.072192639E-2,-5.646073818E-2,6.391781382E-3
3.145189230E1,7.350549102E-2,-5.006895587E-2,1.384885982E-2
3.145702740E1,8.628904819E-2,-4.367717355E-2,2.130593918E-2
3.146203142E1,9.587672353E-2,-4.580776766E-2,2.663242258E-2
3.146736168E1,1.033338010E-1,-5.006895587E-2,2.876301669E-2
3.147219902E1,1.107908785E-1,-5.326484516E-2,2.982831374E-2
3.147731428E1,1.182479635E-1,-5.326484516E-2,3.195890784E-2
3.148237454E1,1.246397421E-1,-5.006895587E-2,3.302420676E-2
3.148748798E1,1.289009303E-1,-5.219954997E-2,3.089361079E-2
3.149246996E1,1.299662292E-1,-5.539543927E-2,2.982831374E-2
3.149776871E1,1.320968270E-1,-5.965662748E-2,2.663242258E-2
3.150258850E1,1.331621110E-1,-6.711370498E-2,1.917534508E-2
3.150775001E1,1.299662292E-1,-7.563608140E-2,1.278356276E-2
3.151305710E1,1.225091442E-1,-8.841964602E-2,0.000000000E0
3.151791324E1,1.161173657E-1,-9.800732136E-2,-6.391781382E-3
3.152290054E1,1.065296903E-1,-1.054643989E-1,-1.597945392E-2
3.152786173E1,9.587672353E-2,-1.097255871E-1,-2.450183034E-2
3.153312481E1,7.989726961E-2,-1.107908785E-1,-3.302420676E-2
3.153837309E1,6.711370498E-2,-1.118561774E-1,-3.835069016E-2
3.154332434E1,5.539543927E-2,-1.139867753E-1,-4.154657945E-2
3.154831903E1,4.580776766E-2,-1.150520667E-1,-4.687306657E-2
3.155336721E1,3.622009605E-2,-1.182479635E-1,-4.900366068E-2
3.155864648E1,3.515479714E-2,-1.246397421E-1,-4.900366068E-2
3.156350304E1,3.195890784E-2,-1.406191885E-1,-4.793836176E-2
3.156859314E1,2.876301669E-2,-1.597945392E-1,-4.793836176E-2
3.157358091E1,2.237123623E-2,-1.715128124E-1,-4.793836176E-2
3.157872674E1,1.384885982E-2,-1.789698899E-1,-4.687306657E-2
3.158380471E1,0.000000000E0,-1.821657717E-1,-4.580776766E-2
3.158884726E1,-1.491415687E-2,-1.853616685E-1,-4.048128426E-2
3.159365382E1,-2.876301669E-2,-1.842963696E-1,-3.622009605E-2
3.159903164E1,-4.580776766E-2,-1.832310706E-1,-3.515479714E-2
3.160405554E1,-6.604841352E-2,-1.683169156E-1,-4.367717355E-2
3.160923408E1,-8.309315890E-2,-1.725780964E-1,-3.089361079E-2
3.161426711E1,-9.055023640E-2,-1.832310706E-1,-1.171826664E-2
3.161941049E1,-9.374613315E-2,-1.779045910E-1,-1.065296959E-2
3.162432029E1,-9.694202244E-2,-1.725780964E-1,-1.597945392E-2
3.162947987E1,-1.001379117E-1,-1.672516167E-1,-1.811004803E-2
3.163447044E1,-1.012032107E-1,-1.597945392E-1,-1.917534508E-2
3.163967544E1,-1.012032107E-1,-1.523374617E-1,-2.663242258E-2
3.164466445E1,-1.022685021E-1,-1.470109820E-1,-3.302420676E-2
3.164990612E1,-1.012032107E-1,-1.406191885E-1,-3.728539124E-2
3.165475961E1,-1.033338010E-1,-1.480762810E-1,-3.515479714E-2
3.165986925E1,-1.033338010E-1,-1.544680595E-1,-3.302420676E-2
3.166502045E1,-9.374613315E-2,-1.416844875E-1,-3.835069016E-2
3.167007857E1,-7.776667923E-2,-1.289009303E-1,-4.580776766E-2
3.167503597E1,-6.178722158E-2,-1.246397421E-1,-4.687306657E-2
3.168030440E1,-4.900366068E-2,-1.193132550E-1,-4.474247247E-2
3.168518274E1,-3.835069016E-2,-1.139867753E-1,-3.941598535E-2
3.169022998E1,-2.663242258E-2,-1.033338010E-1,-3.515479714E-2
3.169527217E1,-1.811004803E-2,-9.268083423E-2,-3.195890784E-2
3.170039493E1,-1.278356276E-2,-7.883197069E-2,-3.408950195E-2
3.170543878E1,-1.065296959E-2,-6.924430281E-2,-3.195890784E-2
3.171050524E1,-8.522375487E-3,-6.178722158E-2,-2.982831374E-2
3.171557169E1,-6.391781382E-3,-5.646073818E-2,-3.195890784E-2
3.172071602E1,-5.326484796E-3,-5.539543927E-2,-3.515479714E-2
3.172580014E1,-7.457078435E-3,-5.113425106E-2,-3.835069016E-2
3.173096285E1,-1.065296959E-2,-4.793836176E-2,-4.048128426E-2
3.173599717E1,-1.597945392E-2,-4.048128426E-2,-4.367717355E-2
3.174110488E1,-2.237123623E-2,-2.876301669E-2,-5.006895587E-2
3.174608259E1,-2.769771963E-2,-1.491415687E-2,-5.539543927E-2
3.175126504E1,-3.515479714E-2,-6.391781382E-3,-6.072192639E-2
3.175633738E1,-3.728539124E-2,5.326484796E-3,-6.498311460E-2
3.176132243E1,-4.048128426E-2,1.384885982E-2,-6.817900389E-2
3.176632608E1,-4.367717355E-2,1.811004803E-2,-7.030959427E-2
3.177157218E1,-5.326484516E-2,1.491415687E-2,-7.350549102E-2
3.177671566E1,-7.137489319E-2,7.457078435E-3,-7.244019210E-2
3.178177978E1,-8.202786744E-2,2.556712553E-2,-6.711370498E-2
3.178661338E1,-8.202786744E-2,4.580776766E-2,-6.285251677E-2
3.179167983E1,-8.202786744E-2,4.367717355E-2,-6.072192639E-2
3.179670082E1,-8.415845782E-2,3.515479714E-2,-5.646073818E-2
3.180198853E1,-9.055023640E-2,3.728539124E-2,-5.006895587E-2
3.180689504E1,-9.268083423E-2,4.687306657E-2,-4.367717355E-2
3.181205093E1,-1.022685021E-1,4.048128426E-2,-3.941598535E-2
3.181702254E1,-1.171826646E-1,3.089361079E-2,-3.408950195E-2
3.182234088E1,-1.331621110E-1,1.704475097E-2,-3.408950195E-2
3.182718619E1,-1.438150853E-1,1.917534508E-2,-2.876301669E-2
3.183227510E1,-1.491415650E-1,2.982831374E-2,-2.343653329E-2
3.183748421E1,-1.512721628E-1,3.835069016E-2,-2.343653329E-2
3.184242858E1,-1.502068639E-1,3.515479714E-2,-2.663242258E-2
3.184747802E1,-1.438150853E-1,2.769771963E-2,-2.769771963E-2
3.185264656E1,-1.352927089E-1,2.450183034E-2,-2.982831374E-2
3.185757307E1,-1.289009303E-1,1.811004803E-2,-2.663242258E-2
3.186271239E1,-1.225091442E-1,1.811004803E-2,-2.556712553E-2
3.186774958E1,-1.107908785E-1,2.769771963E-2,-2.556712553E-2
3.187307474E1,-9.907261282E-2,2.663242258E-2,-2.663242258E-2
3.187785849E1,-9.374613315E-2,1.917534508E-2,-2.876301669E-2
3.188272510E1,-8.841964602E-2,2.024064213E-2,-2.769771963E-2
3.188766911E1,-7.883197069E-2,2.663242258E-2,-2.982831374E-2
3.189278776E1,-6.924430281E-2,2.876301669E-2,-2.982831374E-2
3.189780578E1,-5.965662748E-2,1.811004803E-2,-2.556712553E-2
3.190293662E1,-5.219954997E-2,3.195890691E-3,-2.450183034E-2
3.190794052E1,-4.793836176E-2,-3.195890691E-3,-2.237123623E-2
3.191310432E1,-4.048128426E-2,-3.195890691E-3,-1.704475097E-2
3.191810339E1,-3.089361079E-2,-3.195890691E-3,-1.065296959E-2
3.192322500E1,-2.450183034E-2,-7.457078435E-3,-5.326484796E-3
3.192824084E1,-1.171826664E-2,-1.384885982E-2,-2.130593872E-3
3.193335584E1,0.000000000E0,-1.491415687E-2,1.065296936E-3
3.193838938E1,7.457078435E-3,-1.704475097E-2,5.326484796E-3
3.194349797E1,1.491415687E-2,-1.065296959E-2,6.391781382E-3
3.194851183E1,1.704475097E-2,-9.587672539E-3,8.522375487E-3
3.195364558E1,2.024064213E-2,-1.065296959E-2,7.457078435E-3
3.195865657E1,2.130593918E-2,-1.171826664E-2,3.195890691E-3
3.196378876E1,1.811004803E-2,-1.278356276E-2,2.130593872E-3
3.196881673E1,9.587672539E-3,-2.237123623E-2,-3.195890691E-3
3.197393417E1,-3.195890691E-3,-2.769771963E-2,-1.065296959E-2
3.197895694E1,-1.704475097E-2,-3.089361079E-2,-1.917534508E-2
3.198407246E1,-3.195890784E-2,-3.941598535E-2,-2.769771963E-2
3.198910189E1,-4.687306657E-2,-4.261187837E-2,-3.515479714E-2
3.199426204E1,-6.391781569E-2,-4.367717355E-2,-4.261187837E-2
3.199923048E1,-7.670138031E-2,-4.900366068E-2,-4.580776766E-2
3.200435590E1,-8.735434711E-2,-5.433014408E-2,-5.219954997E-2
3.200937178E1,-9.800732136E-2,-6.072192639E-2,-5.752603337E-2
3.201455032E1,-1.107908785E-1,-6.817900389E-2,-6.072192639E-2
3.201952892E1,-1.214438528E-1,-7.350549102E-2,-5.965662748E-2
3.202464361E1,-1.267703325E-1,-7.883197069E-2,-5.646073818E-2
3.203002856E1,-1.299662292E-1,-8.096256852E-2,-5.326484516E-2
3.203534392E1,-1.289009303E-1,-7.883197069E-2,-4.580776766E-2
3.204011856E1,-1.257050335E-1,-7.776667923E-2,-4.261187837E-2
3.204528017E1,-1.246397421E-1,-7.883197069E-2,-4.367717355E-2
3.205031736E1,-1.225091442E-1,-7.670138031E-2,-4.048128426E-2
3.205547199E1,-1.171826646E-1,-7.457078248E-2,-3.622009605E-2
3.206041929E1,-1.075949892E-1,-6.924430281E-2,-3.302420676E-2
3.206578548E1,-9.268083423E-2,-6.924430281E-2,-3.089361079E-2
3.207063580E1,-8.096256852E-2,-6.498311460E-2,-2.982831374E-2
3.207575293E1,-6.817900389E-2,-5.859133229E-2,-2.876301669E-2
3.208069195E1,-5.433014408E-2,-4.793836176E-2,-3.089361079E-2
3.208589809E1,-3.728539124E-2,-3.941598535E-2,-2.982831374E-2
3.209101762E1,-2.450183034E-2,-3.302420676E-2,-2.769771963E-2
3.209598653E1,-1.278356276E-2,-2.130593918E-2,-2.663242258E-2
3.210119716E1,-3.195890691E-3,-1.171826664E-2,-2.237123623E-2
3.210626940E1,1.065296936E-3,1.065296936E-3,-1.917534508E-2
3.211124747E1,8.522375487E-3,5.326484796E-3,-1.811004803E-2
3.211637502E1,1.384885982E-2,7.457078435E-3,-1.491415687E-2
3.212138862E1,2.130593918E-2,1.278356276E-2,-1.278356276E-2
3.212646237E1,2.876301669E-2,1.917534508E-2,-1.065296959E-2
3.213157476E1,3.835069016E-2,1.704475097E-2,-7.457078435E-3
3.213657872E1,4.367717355E-2,1.597945392E-2,-3.195890691E-3
3.214162284E1,5.326484516E-2,1.704475097E-2,-1.065296936E-3
3.214669872E1,5.859133229E-2,1.597945392E-2,0.000000000E0
3.215197831E1,5.965662748E-2,1.171826664E-2,2.130593872E-3
3.215684940E1,6.178722158E-2,5.326484796E-3,4.261187743E-3
3.216188310E1,5.965662748E-2,-1.065296936E-3,3.195890691E-3
3.216741706E1,5.752603337E-2,-1.278356276E-2,5.326484796E-3
3.217217737E1,4.793836176E-2,-2.663242258E-2,7.457078435E-3
3.217718367E1,3.408950195E-2,-3.515479714E-2,8.522375487E-3
3.218215972E1,2.663242258E-2,-3.515479714E-2,1.171826664E-2
3.218735117E1,1.917534508E-2,-2.556712553E-2,1.278356276E-2
3.219228248E1,1.917534508E-2,-2.024064213E-2,1.065296959E-2
3.219755399E1,2.130593918E-2,-2.556712553E-2,8.522375487E-3
3.220246409E1,2.024064213E-2,-2.982831374E-2,6.391781382E-3
3.220772050E1,1.811004803E-2,-2.769771963E-2,2.130593872E-3
3.221259597E1,1.384885982E-2,-2.130593918E-2,-4.261187743E-3
3.221774050E1,1.597945392E-2,-7.457078435E-3,-9.587672539E-3
3.222272774E1,2.663242258E-2,3.195890691E-3,-1.917534508E-2
3.222787357E1,3.622009605E-2,2.130593872E-3,-2.450183034E-2
3.223290238E1,4.474247247E-2,1.065296936E-3,-2.663242258E-2
3.223806837E1,5.433014408E-2,1.171826664E-2,-2.769771963E-2
3.224305941E1,5.859133229E-2,2.556712553E-2,-2.663242258E-2
3.224817894E1,6.498311460E-2,3.941598535E-2,-2.343653329E-2
3.225326769E1,7.350549102E-2,5.326484516E-2,-2.237123623E-2
3.225861639E1,8.096256852E-2,6.178722158E-2,-2.450183034E-2
3.226327978E1,9.161553532E-2,6.817900389E-2,-2.343653329E-2
3.226839394E1,1.086602882E-1,7.563608140E-2,-2.130593918E-2
3.227346389E1,1.289009303E-1,8.415845782E-2,-2.130593918E-2
3.227858915E1,1.448803842E-1,9.055023640E-2,-2.237123623E-2
3.228359332E1,1.597945392E-1,9.374613315E-2,-2.130593918E-2
3.229015436E1,1.672516167E-1,1.001379117E-1,-2.343653329E-2
3.229373155E1,1.715128124E-1,1.075949892E-1,-2.450183034E-2
3.229893806E1,1.789698899E-1,1.150520667E-1,-2.024064213E-2
3.230388035E1,1.832310706E-1,1.214438528E-1,-2.024064213E-2
3.230902223E1,1.906881481E-1,1.299662292E-1,-1.597945392E-2
3.231408416E1,1.949493438E-1,1.363580078E-1,-1.384885982E-2
3.231926166E1,1.992105246E-1,1.470109820E-1,-1.065296959E-2
3.232410786E1,2.034717202E-1,1.555333585E-1,-6.391781382E-3
3.232932994E1,2.045370042E-1,1.651210189E-1,-5.326484796E-3
3.233430520E1,2.077329010E-1,1.693822145E-1,-3.195890691E-3
3.233951635E1,2.141246796E-1,1.725780964E-1,-1.065296936E-3
3.234460301E1,2.194511741E-1,1.715128124E-1,1.065296936E-3
3.234958531E1,2.269082516E-1,1.693822145E-1,5.326484796E-3
3.235457505E1,2.364959270E-1,1.704475135E-1,6.391781382E-3
3.235971400E1,2.439530045E-1,1.715128124E-1,1.278356276E-2
3.236473994E1,2.471488863E-1,1.661863178E-1,1.491415687E-2
3.237001697E1,2.524753809E-1,1.608598381E-1,1.811004803E-2
3.237496401E1,2.482141852E-1,1.565986425E-1,2.024064213E-2
3.237998000E1,2.482141852E-1,1.565986425E-1,2.450183034E-2
3.238501416E1,2.460835874E-1,1.565986425E-1,2.663242258E-2
3.239011135E1,2.407571077E-1,1.544680595E-1,2.876301669E-2
3.239529797E1,2.343653291E-1,1.534027606E-1,3.089361079E-2
3.240033192E1,2.269082516E-1,1.523374617E-1,3.622009605E-2
3.240530312E1,2.119940966E-1,1.459456831E-1,3.941598535E-2
3.241044354E1,1.992105246E-1,1.363580078E-1,4.261187837E-2
3.241547448E1,1.832310706E-1,1.257050335E-1,4.687306657E-2
3.242071406E1,1.661863178E-1,1.150520667E-1,4.900366068E-2
3.242573573E1,1.480762810E-1,1.065296903E-1,4.900366068E-2
3.243085339E1,1.320968270E-1,9.800732136E-2,4.793836176E-2
3.243580136E1,1.214438528E-1,9.055023640E-2,4.687306657E-2
3.244093656E1,1.118561774E-1,8.735434711E-2,4.154657945E-2
3.244601750E1,1.054643989E-1,8.628904819E-2,4.048128426E-2
3.245105365E1,1.022685021E-1,8.415845782E-2,3.835069016E-2
3.245597438E1,9.587672353E-2,8.096256852E-2,3.302420676E-2
3.246118714E1,8.841964602E-2,7.776667923E-2,2.663242258E-2
3.246618870E1,7.670138031E-2,7.670138031E-2,2.343653329E-2
3.247136652E1,6.498311460E-2,7.350549102E-2,1.811004803E-2
3.247631027E1,5.433014408E-2,6.498311460E-2,1.065296959E-2
3.248144704E1,3.941598535E-2,5.433014408E-2,4.261187743E-3
3.248659350E1,2.982831374E-2,4.793836176E-2,-1.065296936E-3
3.249156756E1,2.237123623E-2,4.154657945E-2,-5.326484796E-3
3.249626178E1,1.491415687E-2,3.728539124E-2,-1.171826664E-2
3.250188631E1,1.384885982E-2,3.622009605E-2,-2.024064213E-2
3.250701423E1,1.491415687E-2,3.941598535E-2,-2.343653329E-2
3.251189480E1,1.065296959E-2,4.154657945E-2,-2.663242258E-2
3.251688626E1,7.457078435E-3,4.474247247E-2,-2.876301669E-2
3.252197980E1,9.587672539E-3,5.006895587E-2,-2.982831374E-2
3.252703850E1,1.065296959E-2,5.752603337E-2,-3.089361079E-2
3.253217824E1,1.491415687E-2,6.391781569E-2,-3.302420676E-2
3.253715282E1,2.237123623E-2,7.244019210E-2,-3.302420676E-2
3.254229064E1,2.769771963E-2,7.883197069E-2,-3.302420676E-2
3.254740840E1,3.515479714E-2,8.096256852E-2,-3.195890784E-2
3.255242371E1,4.261187837E-2,8.202786744E-2,-3.302420676E-2
3.255756402E1,5.326484516E-2,8.522375673E-2,-3.089361079E-2
3.256260767E1,6.285251677E-2,8.948494494E-2,-2.982831374E-2
3.256776684E1,7.670138031E-2,9.055023640E-2,-2.769771963E-2
3.257267647E1,8.628904819E-2,8.841964602E-2,-2.982831374E-2
3.257775674E1,9.161553532E-2,8.202786744E-2,-2.982831374E-2
3.258294142E1,9.694202244E-2,7.457078248E-2,-2.130593918E-2
3.258804002E1,9.481142461E-2,6.924430281E-2,-1.597945392E-2
3.259313699E1,9.161553532E-2,5.646073818E-2,-1.491415687E-2
3.259800330E1,8.202786744E-2,3.728539124E-2,-7.457078435E-3
3.260319372E1,6.817900389E-2,2.130593918E-2,-1.065296936E-3
3.260825637E1,5.539543927E-2,1.171826664E-2,4.261187743E-3
3.261329096E1,4.580776766E-2,6.391781382E-3,9.587672539E-3
3.261827273E1,3.835069016E-2,3.195890691E-3,1.384885982E-2
3.262361372E1,3.302420676E-2,-6.391781382E-3,1.278356276E-2
3.262851429E1,2.982831374E-2,-1.384885982E-2,7.457078435E-3
3.263367262E1,2.663242258E-2,-1.917534508E-2,-1.065296936E-3
3.263856539E1,2.343653329E-2,-2.663242258E-2,-1.171826664E-2
3.264373143E1,2.024064213E-2,-2.982831374E-2,-2.130593918E-2
3.264877284E1,1.384885982E-2,-3.195890784E-2,-2.663242258E-2
3.265384648E1,4.261187743E-3,-2.982831374E-2,-3.408950195E-2
3.265906914E1,-7.457078435E-3,-2.663242258E-2,-4.261187837E-2
3.266400075E1,-1.917534508E-2,-1.917534508E-2,-4.900366068E-2
3.266917404E1,-3.408950195E-2,-1.597945392E-2,-5.539543927E-2
3.267416138E1,-4.900366068E-2,-1.384885982E-2,-5.752603337E-2
3.267917039E1,-6.604841352E-2,-1.278356276E-2,-5.965662748E-2
3.268435164E1,-7.989726961E-2,-1.384885982E-2,-5.646073818E-2
3.268932081E1,-1.033338010E-1,-2.343653329E-2,-4.900366068E-2
3.269444909E1,-1.352927089E-1,-3.622009605E-2,-3.515479714E-2
3.269946060E1,-1.320968270E-1,-5.326484796E-3,-3.835069016E-2
3.270453742E1,-1.150520667E-1,1.384885982E-2,-3.835069016E-2
3.270956972E1,-1.118561774E-1,6.391781382E-3,-3.622009605E-2
3.271471138E1,-1.075949892E-1,-8.522375487E-3,-3.302420676E-2
3.271972961E1,-1.001379117E-1,-1.384885982E-2,-2.663242258E-2
3.272484269E1,-9.374613315E-2,-6.391781382E-3,-2.024064213E-2
3.272985951E1,-8.948494494E-2,3.195890691E-3,-1.384885982E-2
3.273501868E1,-8.841964602E-2,1.491415687E-2,-4.261187743E-3
3.274003222E1,-9.374613315E-2,2.343653329E-2,3.195890691E-3
3.274511040E1,-1.001379117E-1,2.982831374E-2,7.457078435E-3
3.275011805E1,-1.033338010E-1,3.622009605E-2,1.597945392E-2
3.275525258E1,-1.054643989E-1,4.367717355E-2,2.024064213E-2
3.276040180E1,-1.118561774E-1,4.687306657E-2,2.024064213E-2
3.276544680E1,-1.150520667E-1,4.474247247E-2,2.130593918E-2
3.277057071E1,-1.171826646E-1,4.367717355E-2,2.343653329E-2
3.277567160E1,-1.193132550E-1,5.113425106E-2,2.130593918E-2
3.278068540E1,-1.214438528E-1,7.244019210E-2,1.491415687E-2
3.278572774E1,-1.225091442E-1,7.776667923E-2,2.450183034E-2
3.279096988E1,-1.193132550E-1,6.604841352E-2,2.982831374E-2
3.279584306E1,-1.161173657E-1,5.859133229E-2,2.343653329E-2
3.280088525E1,-1.086602882E-1,5.646073818E-2,2.343653329E-2
3.280607452E1,-1.033338010E-1,5.219954997E-2,2.450183034E-2
3.281098832E1,-1.022685021E-1,5.326484516E-2,2.450183034E-2
3.281620415E1,-1.033338010E-1,5.859133229E-2,2.769771963E-2
3.282112119E1,-1.022685021E-1,6.285251677E-2,2.769771963E-2
3.282631879E1,-1.033338010E-1,6.391781569E-2,2.663242258E-2
3.283128494E1,-1.012032107E-1,6.285251677E-2,2.237123623E-2
3.283644369E1,-1.012032107E-1,6.072192639E-2,2.343653329E-2
3.284139379E1,-9.907261282E-2,6.711370498E-2,2.130593918E-2
3.284666546E1,-9.587672353E-2,7.350549102E-2,2.130593918E-2
3.285166603E1,-9.374613315E-2,7.670138031E-2,2.130593918E-2
3.285698187E1,-8.948494494E-2,8.628904819E-2,2.024064213E-2
3.286209124E1,-8.522375673E-2,8.735434711E-2,1.597945392E-2
3.286689213E1,-7.883197069E-2,8.841964602E-2,1.811004803E-2
3.287186176E1,-7.244019210E-2,9.374613315E-2,1.597945392E-2
3.287708150E1,-6.604841352E-2,9.481142461E-2,1.278356276E-2
3.288202041E1,-5.646073818E-2,9.161553532E-2,8.522375487E-3
3.288723885E1,-5.113425106E-2,8.522375673E-2,2.130593872E-3
3.289210859E1,-5.006895587E-2,7.776667923E-2,-3.195890691E-3
3.289736692E1,-4.687306657E-2,7.137489319E-2,-7.457078435E-3
3.290237286E1,-4.474247247E-2,5.965662748E-2,-1.065296959E-2
3.290743708E1,-4.261187837E-2,4.687306657E-2,-1.491415687E-2
3.291256823E1,-3.835069016E-2,3.515479714E-2,-2.130593918E-2
3.291768786E1,-3.408950195E-2,3.089361079E-2,-2.663242258E-2
3.292259068E1,-2.982831374E-2,3.195890784E-2,-2.876301669E-2
3.292770781E1,-2.663242258E-2,3.302420676E-2,-3.195890784E-2
3.293267937E1,-2.450183034E-2,3.195890784E-2,-3.302420676E-2
3.293804797E1,-2.556712553E-2,2.769771963E-2,-3.089361079E-2
3.294293505E1,-2.663242258E-2,2.663242258E-2,-2.982831374E-2
3.294787276E1,-2.663242258E-2,2.556712553E-2,-3.089361079E-2
3.295298037E1,-2.556712553E-2,2.237123623E-2,-2.663242258E-2
3.295812932E1,-2.769771963E-2,1.491415687E-2,-2.556712553E-2
3.296313058E1,-2.663242258E-2,9.587672539E-3,-2.343653329E-2
3.296846901E1,-2.876301669E-2,4.261187743E-3,-2.343653329E-2
3.297363584E1,-2.769771963E-2,1.065296936E-3,-2.237123623E-2
3.297868959E1,-2.769771963E-2,-4.261187743E-3,-2.343653329E-2
3.298355995E1,-2.450183034E-2,-1.065296959E-2,-2.663242258E-2
3.298868032E1,-1.704475097E-2,-1.704475097E-2,-2.663242258E-2
3.299368954E1,-7.457078435E-3,-2.237123623E-2,-2.769771963E-2
3.299883902E1,6.391781382E-3,-2.237123623E-2,-2.663242258E-2
3.300374365E1,2.024064213E-2,-2.237123623E-2,-1.811004803E-2
3.300898568E1,3.195890784E-2,-2.024064213E-2,-1.491415687E-2
3.301388282E1,4.261187837E-2,-1.278356276E-2,-9.587672539E-3
3.301907470E1,5.006895587E-2,-4.261187743E-3,-3.195890691E-3
3.302419011E1,5.539543927E-2,4.261187743E-3,2.130593872E-3
3.302916365E1,6.498311460E-2,8.522375487E-3,6.391781382E-3
3.303412975E1,7.137489319E-2,8.522375487E-3,8.522375487E-3
3.303949793E1,7.776667923E-2,6.391781382E-3,1.171826664E-2
3.304423584E1,8.415845782E-2,1.065296936E-3,1.278356276E-2
3.304942767E1,8.948494494E-2,-2.130593872E-3,1.491415687E-2
3.305456006E1,9.374613315E-2,-8.522375487E-3,1.491415687E-2
3.305956553E1,9.694202244E-2,-1.704475097E-2,1.278356276E-2
3.306457027E1,1.022685021E-1,-2.450183034E-2,1.065296959E-2
3.306967428E1,1.054643989E-1,-3.089361079E-2,7.457078435E-3
3.307471574E1,1.086602882E-1,-3.941598535E-2,8.522375487E-3
3.308002684E1,1.139867753E-1,-4.367717355E-2,6.391781382E-3
3.308508163E1,1.214438528E-1,-4.580776766E-2,6.391781382E-3
3.308998022E1,1.278356314E-1,-4.793836176E-2,3.195890691E-3
3.309497309E1,1.320968270E-1,-4.367717355E-2,7.457078435E-3
3.310023382E1,1.342274100E-1,-4.154657945E-2,8.522375487E-3
3.310517965E1,1.342274100E-1,-3.515479714E-2,6.391781382E-3
3.311029377E1,1.342274100E-1,-3.302420676E-2,7.457078435E-3
3.311535663E1,1.310315281E-1,-3.195890784E-2,8.522375487E-3
3.312044747E1,1.278356314E-1,-3.302420676E-2,6.391781382E-3
3.312547325E1,1.203785539E-1,-3.302420676E-2,4.261187743E-3
3.313055559E1,1.107908785E-1,-3.408950195E-2,2.130593872E-3
3.313556710E1,1.001379117E-1,-3.408950195E-2,0.000000000E0
3.314073913E1,8.735434711E-2,-3.408950195E-2,-6.391781382E-3
3.314572330E1,6.924430281E-2,-3.835069016E-2,-1.278356276E-2
3.315078731E1,4.900366068E-2,-4.367717355E-2,-2.024064213E-2
3.315582324E1,2.982831374E-2,-4.900366068E-2,-2.876301669E-2
3.316093299E1,1.171826664E-2,-5.646073818E-2,-3.515479714E-2
3.316598278E1,-4.261187743E-3,-6.178722158E-2,-4.154657945E-2
3.317116429E1,-1.811004803E-2,-6.711370498E-2,-5.006895587E-2
3.317618966E1,-3.089361079E-2,-7.244019210E-2,-5.752603337E-2
3.318093132E1,-4.048128426E-2,-7.670138031E-2,-6.178722158E-2
3.318630982E1,-5.006895587E-2,-7.563608140E-2,-6.285251677E-2
3.319141284E1,-5.752603337E-2,-6.711370498E-2,-6.285251677E-2
3.319650680E1,-6.391781569E-2,-5.646073818E-2,-6.498311460E-2
3.320163836E1,-7.137489319E-2,-4.793836176E-2,-6.498311460E-2
3.320659029E1,-7.563608140E-2,-3.835069016E-2,-6.817900389E-2
3.321174857E1,-7.137489319E-2,-2.982831374E-2,-6.924430281E-2
3.321673492E1,-6.498311460E-2,-2.556712553E-2,-7.030959427E-2
3.322179888E1,-5.859133229E-2,-2.237123623E-2,-6.391781569E-2
3.322684623E1,-5.433014408E-2,-1.491415687E-2,-5.539543927E-2
3.323211050E1,-4.900366068E-2,-4.261187743E-3,-4.793836176E-2
3.323665164E1,-3.728539124E-2,7.457078435E-3,-4.154657945E-2
3.324206748E1,-2.556712553E-2,1.065296959E-2,-4.154657945E-2
3.324720326E1,-1.384885982E-2,1.384885982E-2,-3.622009605E-2
3.325227894E1,-2.130593872E-3,1.491415687E-2,-3.408950195E-2
3.325724633E1,5.326484796E-3,1.278356276E-2,-3.195890784E-2
3.326239274E1,1.384885982E-2,8.522375487E-3,-2.663242258E-2
3.326740998E1,2.237123623E-2,-1.065296936E-3,-1.917534508E-2
3.327257154E1,1.704475097E-2,-1.065296959E-2,-2.982831374E-2
3.327759404E1,1.491415687E-2,-1.065296959E-2,-2.663242258E-2
3.328269519E1,1.491415687E-2,-1.171826664E-2,-2.130593918E-2
3.328778519E1,1.278356276E-2,-1.811004803E-2,-1.597945392E-2
3.329283644E1,1.384885982E-2,-2.237123623E-2,-1.278356276E-2
3.329783545E1,1.917534508E-2,-2.450183034E-2,-6.391781382E-3
3.330307368E1,2.769771963E-2,-2.663242258E-2,-2.130593872E-3
3.330802087E1,3.835069016E-2,-2.237123623E-2,1.065296936E-3
3.331328790E1,5.219954997E-2,-2.237123623E-2,5.326484796E-3
3.331830113E1,6.498311460E-2,-2.130593918E-2,6.391781382E-3
3.332337322E1,7.670138031E-2,-1.491415687E-2,1.171826664E-2
3.332836285E1,8.628904819E-2,-9.587672539E-3,1.491415687E-2
3.333339259E1,9.161553532E-2,-6.391781382E-3,1.597945392E-2
3.333838296E1,9.694202244E-2,-3.195890691E-3,2.237123623E-2
3.334356895E1,9.800732136E-2,2.130593872E-3,2.024064213E-2
3.334826098E1,9.587672353E-2,2.130593872E-3,2.024064213E-2
3.335369327E1,9.374613315E-2,2.130593872E-3,2.130593918E-2
3.335877160E1,9.587672353E-2,-2.130593872E-3,2.237123623E-2
3.336386655E1,9.800732136E-2,-8.522375487E-3,2.130593918E-2
3.336885947E1,9.587672353E-2,-1.171826664E-2,2.237123623E-2
3.337406192E1,9.374613315E-2,-1.491415687E-2,2.130593918E-2
3.337909286E1,9.055023640E-2,-1.811004803E-2,2.237123623E-2
3.338412786E1,8.522375673E-2,-1.704475097E-2,2.343653329E-2
3.338918390E1,7.776667923E-2,-1.065296959E-2,2.450183034E-2
3.339430671E1,7.350549102E-2,-6.391781382E-3,2.769771963E-2
3.339927281E1,6.924430281E-2,0.000000000E0,3.089361079E-2
3.340440161E1,6.604841352E-2,5.326484796E-3,2.876301669E-2
3.340964015E1,6.817900389E-2,8.522375487E-3,3.408950195E-2
3.341457119E1,7.137489319E-2,1.491415687E-2,3.728539124E-2
3.341960712E1,7.883197069E-2,1.704475097E-2,3.835069016E-2
3.342476244E1,8.415845782E-2,2.237123623E-2,4.154657945E-2
3.342972286E1,9.268083423E-2,2.343653329E-2,4.580776766E-2
3.343502765E1,9.587672353E-2,2.343653329E-2,4.687306657E-2
3.343981229E1,9.694202244E-2,2.343653329E-2,4.793836176E-2
3.344497265E1,9.800732136E-2,2.556712553E-2,5.113425106E-2
3.345010766E1,9.800732136E-2,2.556712553E-2,5.113425106E-2
3.345512625E1,9.481142461E-2,2.450183034E-2,5.539543927E-2
3.346010807E1,8.735434711E-2,2.769771963E-2,5.752603337E-2
3.346524932E1,8.309315890E-2,2.876301669E-2,5.965662748E-2
3.347045177E1,7.670138031E-2,3.195890784E-2,6.285251677E-2
3.347541974E1,6.924430281E-2,3.728539124E-2,6.604841352E-2
3.348051198E1,6.391781569E-2,4.367717355E-2,6.604841352E-2
3.348555521E1,6.178722158E-2,5.113425106E-2,6.817900389E-2
3.349051834E1,5.752603337E-2,5.113425106E-2,6.711370498E-2
3.349575177E1,5.433014408E-2,5.219954997E-2,6.498311460E-2
3.350069698E1,5.219954997E-2,5.219954997E-2,6.391781569E-2
3.350583302E1,5.219954997E-2,5.326484516E-2,6.604841352E-2
3.351080959E1,5.752603337E-2,5.326484516E-2,6.711370498E-2
3.351598678E1,6.498311460E-2,5.539543927E-2,6.604841352E-2
3.352093881E1,7.244019210E-2,5.965662748E-2,6.604841352E-2
3.352631948E1,8.202786744E-2,6.817900389E-2,6.817900389E-2
3.353117167E1,9.161553532E-2,7.457078248E-2,6.711370498E-2
3.353662287E1,9.907261282E-2,8.522375673E-2,6.817900389E-2
3.354124115E1,1.054643989E-1,9.161553532E-2,7.030959427E-2
3.354654740E1,1.129214764E-1,9.481142461E-2,7.137489319E-2
3.355150866E1,1.193132550E-1,9.268083423E-2,6.817900389E-2
3.355653089E1,1.225091442E-1,8.522375673E-2,6.711370498E-2
3.356175053E1,1.246397421E-1,7.883197069E-2,6.711370498E-2
3.356668246E1,1.257050335E-1,7.563608140E-2,6.817900389E-2
3.357214923E1,1.225091442E-1,7.244019210E-2,6.391781569E-2
3.357704553E1,1.171826646E-1,7.244019210E-2,5.965662748E-2
3.358209220E1,1.150520667E-1,7.670138031E-2,5.646073818E-2
3.358702814E1,1.150520667E-1,7.776667923E-2,5.113425106E-2
3.359223319E1,1.182479635E-1,7.350549102E-2,4.474247247E-2
3.359732470E1,1.161173657E-1,6.391781569E-2,3.408950195E-2
3.360208772E1,1.107908785E-1,5.965662748E-2,2.556712553E-2
3.360734585E1,1.075949892E-1,6.072192639E-2,2.024064213E-2
3.361231939E1,9.800732136E-2,5.965662748E-2,1.278356276E-2
3.361738595E1,8.735434711E-2,5.539543927E-2,8.522375487E-3
3.362241715E1,7.350549102E-2,5.326484516E-2,0.000000000E0
3.362755668E1,6.072192639E-2,5.433014408E-2,-6.391781382E-3
3.363259892E1,4.900366068E-2,6.072192639E-2,-1.065296959E-2
3.363784101E1,3.835069016E-2,6.072192639E-2,-1.384885982E-2
3.364277476E1,2.769771963E-2,5.539543927E-2,-1.597945392E-2
3.364786705E1,1.384885982E-2,5.006895587E-2,-2.130593918E-2
3.365296544E1,-3.195890691E-3,4.900366068E-2,-2.769771963E-2
3.365798429E1,-1.597945392E-2,4.474247247E-2,-3.302420676E-2
3.366316669E1,-2.556712553E-2,3.941598535E-2,-3.728539124E-2
3.366823929E1,-3.408950195E-2,3.515479714E-2,-4.261187837E-2
3.367315190E1,-4.367717355E-2,3.408950195E-2,-4.580776766E-2
3.367839731E1,-4.687306657E-2,3.515479714E-2,-4.793836176E-2
3.368346174E1,-4.900366068E-2,3.835069016E-2,-4.900366068E-2
3.368860106E1,-5.219954997E-2,4.048128426E-2,-4.900366068E-2
3.369337054E1,-5.219954997E-2,4.367717355E-2,-4.900366068E-2
3.369861658E1,-5.433014408E-2,4.474247247E-2,-4.687306657E-2
3.370352877E1,-5.433014408E-2,4.900366068E-2,-4.367717355E-2
3.370865851E1,-5.219954997E-2,4.900366068E-2,-3.835069016E-2
3.371373711E1,-5.326484516E-2,4.261187837E-2,-3.728539124E-2
3.371881128E1,-5.113425106E-2,4.154657945E-2,-3.302420676E-2
3.372381893E1,-5.326484516E-2,4.900366068E-2,-2.982831374E-2
3.372903003E1,-5.859133229E-2,5.326484516E-2,-2.663242258E-2
3.373405831E1,-5.965662748E-2,4.900366068E-2,-2.130593918E-2
3.373908846E1,-5.752603337E-2,4.687306657E-2,-1.384885982E-2
3.374431623E1,-5.646073818E-2,4.261187837E-2,-1.065296959E-2
3.374933185E1,-5.006895587E-2,4.048128426E-2,-5.326484796E-3
3.375395295E1,-4.687306657E-2,4.048128426E-2,3.195890691E-3
3.375937805E1,-4.367717355E-2,4.261187837E-2,8.522375487E-3
3.376442154E1,-4.261187837E-2,2.982831374E-2,1.171826664E-2
3.376952019E1,-4.048128426E-2,2.237123623E-2,1.917534508E-2
3.377452701E1,-3.835069016E-2,1.811004803E-2,2.450183034E-2
3.377982972E1,-3.302420676E-2,1.597945392E-2,2.663242258E-2
3.378473467E1,-2.769771963E-2,1.171826664E-2,2.769771963E-2
3.378991597E1,-2.450183034E-2,5.326484796E-3,3.302420676E-2
3.379491201E1,-2.343653329E-2,-5.326484796E-3,3.515479714E-2
3.380010576E1,-2.450183034E-2,-7.457078435E-3,3.728539124E-2
3.380499915E1,-2.663242258E-2,-9.587672539E-3,3.622009605E-2
3.381008300E1,-2.663242258E-2,-1.597945392E-2,3.835069016E-2
3.381509936E1,-2.663242258E-2,-2.343653329E-2,4.048128426E-2
3.382028306E1,-2.343653329E-2,-3.302420676E-2,4.154657945E-2
3.382525306E1,-2.450183034E-2,-4.261187837E-2,4.474247247E-2
3.383054733E1,-2.663242258E-2,-5.006895587E-2,4.154657945E-2
3.383537571E1,-4.793836176E-2,-8.841964602E-2,3.089361079E-2
3.384065478E1,-8.202786744E-2,-1.203785539E-1,4.687306657E-2
3.384552900E1,-5.752603337E-2,-4.367717355E-2,5.539543927E-2
3.385070196E1,-2.663242258E-2,-2.450183034E-2,4.154657945E-2
3.385601046E1,-2.769771963E-2,-6.391781569E-2,3.302420676E-2
3.386113207E1,-3.941598535E-2,-7.670138031E-2,2.663242258E-2
3.386584473E1,-4.580776766E-2,-6.498311460E-2,2.876301669E-2
3.387102624E1,-4.261187837E-2,-5.752603337E-2,2.982831374E-2
3.387610124E1,-3.408950195E-2,-5.965662748E-2,2.982831374E-2
3.388119483E1,-2.237123623E-2,-6.391781569E-2,2.769771963E-2
3.388613009E1,-7.457078435E-3,-6.604841352E-2,2.556712553E-2
3.389147202E1,7.457078435E-3,-6.924430281E-2,2.343653329E-2
3.389627093E1,1.597945392E-2,-7.457078248E-2,2.130593918E-2
3.390139442E1,2.450183034E-2,-8.096256852E-2,1.704475097E-2
3.390637510E1,3.408950195E-2,-8.309315890E-2,1.704475097E-2
3.391170504E1,4.900366068E-2,-8.202786744E-2,1.811004803E-2
3.391622312E1,6.391781569E-2,-7.883197069E-2,1.811004803E-2
3.392180327E1,7.457078248E-2,-7.670138031E-2,1.811004803E-2
3.392663557E1,8.735434711E-2,-7.137489319E-2,1.384885982E-2
3.393191395E1,9.800732136E-2,-6.711370498E-2,9.587672539E-3
3.393701114E1,1.022685021E-1,-6.391781569E-2,6.391781382E-3
3.394197130E1,1.012032107E-1,-5.752603337E-2,-2.130593872E-3
3.394711880E1,9.694202244E-2,-5.326484516E-2,-7.457078435E-3
3.395208666E1,8.841964602E-2,-5.539543927E-2,-1.491415687E-2
3.395706620E1,7.883197069E-2,-5.326484516E-2,-1.917534508E-2
3.396244276E1,6.817900389E-2,-5.219954997E-2,-2.556712553E-2
3.396729583E1,5.646073818E-2,-5.113425106E-2,-2.982831374E-2
3.397252833E1,4.580776766E-2,-5.326484516E-2,-3.195890784E-2
3.397737635E1,3.622009605E-2,-5.326484516E-2,-3.515479714E-2
3.398255755E1,3.089361079E-2,-5.219954997E-2,-3.515479714E-2
3.398756599E1,2.556712553E-2,-4.900366068E-2,-3.408950195E-2
3.399278062E1,2.450183034E-2,-4.900366068E-2,-3.622009605E-2
3.399789167E1,2.450183034E-2,-4.900366068E-2,-3.728539124E-2
3.400285047E1,2.876301669E-2,-4.900366068E-2,-3.728539124E-2
3.400801146E1,3.408950195E-2,-4.793836176E-2,-3.408950195E-2
3.401290011E1,3.941598535E-2,-4.580776766E-2,-3.089361079E-2
3.401796563E1,4.687306657E-2,-4.367717355E-2,-2.556712553E-2
3.402331599E1,5.539543927E-2,-3.941598535E-2,-2.343653329E-2
3.402827547E1,5.646073818E-2,-4.474247247E-2,-1.811004803E-2
3.403312287E1,5.859133229E-2,-3.728539124E-2,-1.171826664E-2
3.403833110E1,5.965662748E-2,-2.663242258E-2,-5.326484796E-3
3.404359532E1,6.817900389E-2,-1.811004803E-2,-1.065296936E-3
3.404865824E1,6.817900389E-2,-1.811004803E-2,-1.065296936E-3
3.405393594E1,6.072192639E-2,-2.450183034E-2,2.130593872E-3
3.405859480E1,5.646073818E-2,-2.130593918E-2,5.326484796E-3
3.406390131E1,6.072192639E-2,-3.195890691E-3,8.522375487E-3
3.406873579E1,6.924430281E-2,8.522375487E-3,5.326484796E-3
3.407389433E1,6.924430281E-2,4.261187743E-3,7.457078435E-3
3.407895032E1,6.604841352E-2,-4.261187743E-3,9.587672539E-3
3.408394449E1,5.965662748E-2,-2.130593872E-3,9.587672539E-3
3.408907282E1,6.285251677E-2,0.000000000E0,1.065296959E-2
3.409414381E1,6.285251677E-2,4.261187743E-3,1.171826664E-2
3.409908569E1,6.178722158E-2,9.587672539E-3,1.384885982E-2
3.410424855E1,6.072192639E-2,6.391781382E-3,1.171826664E-2
3.410924954E1,6.285251677E-2,8.522375487E-3,1.704475097E-2
3.411439621E1,6.178722158E-2,9.587672539E-3,1.491415687E-2
3.411939236E1,5.433014408E-2,4.261187743E-3,1.597945392E-2
3.412451985E1,4.580776766E-2,3.195890691E-3,1.917534508E-2
3.412948751E1,4.261187837E-2,1.597945392E-2,2.024064213E-2
3.413463840E1,4.367717355E-2,2.343653329E-2,2.130593918E-2
3.413974819E1,4.261187837E-2,2.450183034E-2,2.343653329E-2
3.414479356E1,4.261187837E-2,2.876301669E-2,2.450183034E-2
3.414989762E1,4.261187837E-2,3.195890784E-2,2.556712553E-2
3.415509924E1,4.367717355E-2,3.302420676E-2,2.769771963E-2
3.416014283E1,4.367717355E-2,3.622009605E-2,2.769771963E-2
3.416514778E1,4.474247247E-2,4.048128426E-2,2.663242258E-2
3.417018075E1,4.580776766E-2,4.580776766E-2,2.343653329E-2
3.417526544E1,5.006895587E-2,5.113425106E-2,2.450183034E-2
3.418027960E1,5.113425106E-2,5.326484516E-2,2.663242258E-2
3.418542809E1,5.433014408E-2,5.113425106E-2,2.876301669E-2
3.419042455E1,5.965662748E-2,4.793836176E-2,3.195890784E-2
3.419550575E1,6.817900389E-2,4.900366068E-2,3.408950195E-2
3.420054888E1,7.776667923E-2,4.793836176E-2,3.622009605E-2
3.420568554E1,8.415845782E-2,4.793836176E-2,3.941598535E-2
3.421091908E1,9.055023640E-2,4.900366068E-2,4.154657945E-2
3.421589153E1,1.001379117E-1,5.006895587E-2,4.580776766E-2
3.422105377E1,1.086602882E-1,4.474247247E-2,5.326484516E-2
3.422605382E1,1.150520667E-1,1.384885982E-2,7.137489319E-2
3.423091680E1,1.320968270E-1,3.089361079E-2,6.711370498E-2
3.423609430E1,1.416844875E-1,5.539543927E-2,5.965662748E-2
3.424118529E1,1.438150853E-1,5.752603337E-2,6.178722158E-2
3.424639914E1,1.438150853E-1,6.391781569E-2,6.498311460E-2
3.425122586E1,1.480762810E-1,6.391781569E-2,6.285251677E-2
3.425637581E1,1.512721628E-1,6.178722158E-2,6.072192639E-2
3.426137768E1,1.502068639E-1,6.072192639E-2,5.859133229E-2
3.426663966E1,1.470109820E-1,5.539543927E-2,5.326484516E-2
3.427153675E1,1.427497864E-1,4.793836176E-2,4.900366068E-2
3.427668039E1,1.427497864E-1,4.580776766E-2,4.367717355E-2
3.428165727E1,1.395539045E-1,4.261187837E-2,3.622009605E-2
3.428693722E1,1.331621110E-1,3.302420676E-2,3.089361079E-2
3.429178878E1,1.267703325E-1,2.130593918E-2,2.556712553E-2
3.429693842E1,1.193132550E-1,1.278356276E-2,2.450183034E-2
3.430195685E1,1.139867753E-1,1.171826664E-2,2.556712553E-2
3.430715774E1,1.129214764E-1,1.491415687E-2,2.343653329E-2
3.431228800E1,1.065296903E-1,1.171826664E-2,2.237123623E-2
3.431721107E1,9.694202244E-2,6.391781382E-3,1.917534508E-2
3.432221519E1,8.948494494E-2,3.195890691E-3,1.811004803E-2
3.432747759E1,7.883197069E-2,3.195890691E-3,1.704475097E-2
3.433238680E1,7.137489319E-2,1.065296936E-3,1.597945392E-2
3.433750519E1,6.498311460E-2,-1.065296936E-3,1.384885982E-2
3.434252108E1,6.285251677E-2,0.000000000E0,1.065296959E-2
3.434780384E1,6.178722158E-2,-1.065296936E-3,1.065296959E-2
3.435268754E1,5.752603337E-2,0.000000000E0,7.457078435E-3
3.435777233E1,5.219954997E-2,0.000000000E0,3.195890691E-3
3.436302785E1,4.367717355E-2,-2.130593872E-3,0.000000000E0
3.436796264E1,3.728539124E-2,-3.195890691E-3,-1.065296936E-3
3.437298259E1,3.408950195E-2,-4.261187743E-3,-1.065296936E-3
3.437812462E1,2.876301669E-2,-6.391781382E-3,0.000000000E0
3.438321379E1,2.237123623E-2,-8.522375487E-3,0.000000000E0
3.438827936E1,2.024064213E-2,-6.391781382E-3,1.065296936E-3
3.439333192E1,1.597945392E-2,-6.391781382E-3,5.326484796E-3
3.439846358E1,1.597945392E-2,-1.065296936E-3,8.522375487E-3
3.440342614E1,1.491415687E-2,4.261187743E-3,9.587672539E-3
3.440865317E1,1.384885982E-2,6.391781382E-3,1.171826664E-2
3.441361577E1,1.171826664E-2,1.171826664E-2,1.704475097E-2
3.441867936E1,1.171826664E-2,1.917534508E-2,1.917534508E-2
3.442377223E1,9.587672539E-3,2.343653329E-2,2.130593918E-2
3.442894749E1,7.457078435E-3,2.769771963E-2,2.024064213E-2
3.443406885E1,7.457078435E-3,2.769771963E-2,1.917534508E-2
3.443934541E1,6.391781382E-3,2.876301669E-2,1.917534508E-2
3.444396307E1,7.457078435E-3,3.302420676E-2,1.917534508E-2
3.444912749E1,5.326484796E-3,3.835069016E-2,1.917534508E-2
3.445412093E1,6.391781382E-3,3.622009605E-2,1.065296959E-2
3.445919317E1,9.587672539E-3,2.876301669E-2,8.522375487E-3
3.446433614E1,1.171826664E-2,2.876301669E-2,8.522375487E-3
3.446934729E1,1.384885982E-2,2.556712553E-2,7.457078435E-3
3.447448234E1,1.597945392E-2,2.556712553E-2,1.065296959E-2
3.447960494E1,2.024064213E-2,2.876301669E-2,1.384885982E-2
3.448423422E1,2.450183034E-2,3.089361079E-2,1.597945392E-2
3.448992500E1,2.769771963E-2,3.408950195E-2,1.917534508E-2
3.449463453E1,3.089361079E-2,3.515479714E-2,2.130593918E-2
3.449983969E1,2.876301669E-2,2.982831374E-2,2.237123623E-2
3.450478568E1,2.982831374E-2,2.450183034E-2,2.343653329E-2
3.450992901E1,2.450183034E-2,2.237123623E-2,2.450183034E-2
3.451516464E1,2.130593918E-2,2.130593918E-2,2.237123623E-2
3.452012844E1,1.491415687E-2,1.491415687E-2,1.811004803E-2
3.452511021E1,5.326484796E-3,8.522375487E-3,1.384885982E-2
3.453020979E1,-2.130593872E-3,3.195890691E-3,9.587672539E-3
3.453527834E1,-7.457078435E-3,-1.065296936E-3,2.130593872E-3
3.454051547E1,-1.384885982E-2,-7.457078435E-3,-3.195890691E-3
3.454536464E1,-1.811004803E-2,-8.522375487E-3,-6.391781382E-3
3.455056438E1,-2.024064213E-2,-9.587672539E-3,-1.065296959E-2
3.455552157E1,-2.237123623E-2,-9.587672539E-3,-1.384885982E-2
3.456061526E1,-2.556712553E-2,-9.587672539E-3,-1.597945392E-2
3.456567016E1,-2.876301669E-2,-8.522375487E-3,-1.597945392E-2
3.457077412E1,-2.876301669E-2,-6.391781382E-3,-1.811004803E-2
3.457584225E1,-2.876301669E-2,-4.261187743E-3,-2.024064213E-2
3.458088298E1,-3.089361079E-2,1.065296936E-3,-1.704475097E-2
3.458591876E1,-3.408950195E-2,3.195890691E-3,-1.704475097E-2
3.459107954E1,-3.408950195E-2,1.065296936E-3,-1.811004803E-2
3.459605220E1,-3.302420676E-2,4.261187743E-3,-1.704475097E-2
3.460127990E1,-3.408950195E-2,1.065296936E-3,-1.704475097E-2
3.460631116E1,-3.089361079E-2,-2.130593872E-3,-1.597945392E-2
3.461144048E1,-2.769771963E-2,-5.326484796E-3,-1.491415687E-2
3.461637162E1,-2.556712553E-2,-6.391781382E-3,-1.597945392E-2
3.462164303E1,-2.556712553E-2,-8.522375487E-3,-1.491415687E-2
3.462663663E1,-2.343653329E-2,-1.171826664E-2,-1.384885982E-2
3.463172564E1,-2.237123623E-2,-1.704475097E-2,-1.278356276E-2
3.463669069E1,-2.556712553E-2,-2.237123623E-2,-1.491415687E-2
3.464179491E1,-2.663242258E-2,-2.876301669E-2,-1.384885982E-2
3.464675991E1,-2.663242258E-2,-3.302420676E-2,-1.491415687E-2
3.465192335E1,-2.663242258E-2,-3.515479714E-2,-1.491415687E-2
3.465702590E1,-2.556712553E-2,-4.048128426E-2,-1.384885982E-2
3.466244574E1,-2.450183034E-2,-4.687306657E-2,-1.491415687E-2
3.466705913E1,-2.982831374E-2,-4.793836176E-2,-1.704475097E-2
3.467233434E1,-2.876301669E-2,-4.900366068E-2,-1.704475097E-2
3.467723153E1,-2.982831374E-2,-4.900366068E-2,-1.597945392E-2
3.468270663E1,-3.302420676E-2,-5.113425106E-2,-1.811004803E-2
3.468741090E1,-3.089361079E-2,-5.113425106E-2,-1.811004803E-2
3.469265814E1,-3.089361079E-2,-5.113425106E-2,-1.917534508E-2
3.469749554E1,-3.195890784E-2,-5.539543927E-2,-1.704475097E-2
3.470266335E1,-3.195890784E-2,-5.646073818E-2,-1.491415687E-2
3.470764325E1,-3.408950195E-2,-5.326484516E-2,-1.597945392E-2
3.471282195E1,-3.728539124E-2,-4.900366068E-2,-1.597945392E-2
3.471798221E1,-4.367717355E-2,-4.367717355E-2,-1.597945392E-2
3.472301648E1,-4.900366068E-2,-4.154657945E-2,-1.811004803E-2
3.472792789E1,-5.219954997E-2,-3.835069016E-2,-2.130593918E-2
3.473324679E1,-5.006895587E-2,-3.515479714E-2,-2.343653329E-2
3.473812534E1,-5.006895587E-2,-3.515479714E-2,-2.556712553E-2
3.474325659E1,-5.006895587E-2,-3.408950195E-2,-2.876301669E-2
3.474835430E1,-5.219954997E-2,-2.982831374E-2,-2.876301669E-2
3.475346732E1,-5.219954997E-2,-2.663242258E-2,-2.982831374E-2
3.475845185E1,-5.219954997E-2,-2.769771963E-2,-2.982831374E-2
3.476353242E1,-4.900366068E-2,-3.089361079E-2,-3.089361079E-2
3.476837701E1,-4.900366068E-2,-3.195890784E-2,-2.769771963E-2
3.477365221E1,-4.900366068E-2,-2.769771963E-2,-2.343653329E-2
3.477862451E1,-5.006895587E-2,-2.343653329E-2,-2.024064213E-2
3.478375810E1,-4.900366068E-2,-1.811004803E-2,-2.130593918E-2
3.478885909E1,-4.580776766E-2,-1.491415687E-2,-2.024064213E-2
3.479400503E1,-4.261187837E-2,-1.704475097E-2,-1.704475097E-2
3.479909029E1,-4.261187837E-2,-1.597945392E-2,-1.597945392E-2
3.480407138E1,-4.048128426E-2,-1.491415687E-2,-1.384885982E-2
3.480915482E1,-4.261187837E-2,-1.491415687E-2,-1.171826664E-2
3.481417196E1,-4.474247247E-2,-1.704475097E-2,-1.065296959E-2
3.481924456E1,-5.219954997E-2,-2.024064213E-2,-5.326484796E-3
3.482444477E1,-5.752603337E-2,-2.024064213E-2,-5.326484796E-3
3.482965545E1,-5.539543927E-2,-1.704475097E-2,0.000000000E0
3.483449352E1,-5.326484516E-2,-1.278356276E-2,3.195890691E-3
3.483954279E1,-4.793836176E-2,-1.384885982E-2,5.326484796E-3
3.484477331E1,-3.835069016E-2,-1.491415687E-2,8.522375487E-3
3.484961024E1,-3.408950195E-2,-1.065296959E-2,1.384885982E-2
3.485488977E1,-2.982831374E-2,-4.261187743E-3,1.491415687E-2
3.485976373E1,-2.769771963E-2,1.065296936E-3,1.597945392E-2
3.486492248E1,-2.556712553E-2,6.391781382E-3,1.704475097E-2
3.487007436E1,-2.450183034E-2,7.457078435E-3,1.597945392E-2
3.487528389E1,-2.237123623E-2,8.522375487E-3,1.384885982E-2
3.488007165E1,-2.237123623E-2,5.326484796E-3,1.278356276E-2
3.488532426E1,-2.769771963E-2,3.195890691E-3,8.522375487E-3
3.489044879E1,-3.195890784E-2,-2.130593872E-3,5.326484796E-3
3.489548717E1,-3.728539124E-2,0.000000000E0,1.065296936E-3
3.490042296E1,-4.154657945E-2,1.065296936E-3,-2.130593872E-3
3.490548556E1,-4.474247247E-2,-1.065296936E-3,-5.326484796E-3
3.491055525E1,-5.006895587E-2,2.130593872E-3,-7.457078435E-3
3.491536374E1,-5.113425106E-2,2.130593872E-3,-8.522375487E-3
3.492067478E1,-4.900366068E-2,1.065296936E-3,-1.171826664E-2
3.492578561E1,-4.900366068E-2,3.195890691E-3,-1.171826664E-2
3.493088921E1,-5.113425106E-2,3.195890691E-3,-1.171826664E-2
3.493596098E1,-4.900366068E-2,6.391781382E-3,-1.065296959E-2
3.494090572E1,-4.900366068E-2,7.457078435E-3,-1.065296959E-2
3.494609067E1,-4.793836176E-2,7.457078435E-3,-6.391781382E-3
3.495119359E1,-4.687306657E-2,1.065296959E-2,-7.457078435E-3
3.495621176E1,-4.793836176E-2,1.384885982E-2,-9.587672539E-3
3.496136051E1,-4.580776766E-2,1.811004803E-2,-8.522375487E-3
3.496638150E1,-4.367717355E-2,2.130593918E-2,-8.522375487E-3
3.497139895E1,-4.154657945E-2,2.450183034E-2,-9.587672539E-3
3.497659999E1,-4.048128426E-2,2.556712553E-2,-7.457078435E-3
3.498153489E1,-3.835069016E-2,2.556712553E-2,-4.261187743E-3
3.498673145E1,-3.941598535E-2,2.663242258E-2,-5.326484796E-3
3.499190010E1,-4.154657945E-2,3.195890784E-2,-5.326484796E-3
3.499676036E1,-4.580776766E-2,3.408950195E-2,-4.261187743E-3
3.500185422E1,-4.687306657E-2,3.622009605E-2,-7.457078435E-3
3.500692297E1,-4.580776766E-2,3.408950195E-2,-8.522375487E-3
3.501212323E1,-4.687306657E-2,3.195890784E-2,-6.391781382E-3
3.501707083E1,-4.474247247E-2,2.769771963E-2,-6.391781382E-3
3.502206797E1,-4.048128426E-2,2.237123623E-2,-5.326484796E-3
3.502722849E1,-3.515479714E-2,2.130593918E-2,-3.195890691E-3
3.503220604E1,-2.982831374E-2,1.597945392E-2,-1.065296936E-3
3.503736828E1,-2.450183034E-2,1.491415687E-2,3.195890691E-3
3.504236974E1,-1.704475097E-2,1.704475097E-2,6.391781382E-3
3.504752792E1,-1.597945392E-2,1.704475097E-2,9.587672539E-3
3.505219432E1,-1.278356276E-2,2.343653329E-2,1.384885982E-2
3.505765292E1,-8.522375487E-3,2.663242258E-2,1.811004803E-2
3.506263990E1,-4.261187743E-3,2.876301669E-2,2.130593918E-2
3.506790839E1,-1.065296936E-3,3.302420676E-2,2.237123623E-2
3.507288402E1,-1.065296936E-3,3.302420676E-2,2.343653329E-2
3.507803068E1,1.065296936E-3,3.622009605E-2,2.343653329E-2
3.508289407E1,-1.065296936E-3,3.835069016E-2,2.343653329E-2
3.508808532E1,-1.065296936E-3,3.941598535E-2,2.130593918E-2
3.509310298E1,3.195890691E-3,3.835069016E-2,2.024064213E-2
3.509820975E1,7.457078435E-3,3.835069016E-2,2.024064213E-2
3.510330761E1,1.278356276E-2,3.941598535E-2,2.130593918E-2
3.510831131E1,1.704475097E-2,4.048128426E-2,2.663242258E-2
3.511337089E1,1.917534508E-2,3.515479714E-2,2.130593918E-2
3.511853709E1,2.024064213E-2,2.556712553E-2,2.024064213E-2
3.512356032E1,2.237123623E-2,1.491415687E-2,2.130593918E-2
3.512877616E1,2.556712553E-2,9.587672539E-3,2.343653329E-2
3.513365272E1,2.663242258E-2,1.278356276E-2,2.343653329E-2
3.513881626E1,2.343653329E-2,1.384885982E-2,2.343653329E-2
3.514396548E1,2.343653329E-2,1.597945392E-2,2.450183034E-2
3.514891001E1,2.130593918E-2,1.597945392E-2,2.237123623E-2
3.515398652E1,1.597945392E-2,6.391781382E-3,2.130593918E-2
3.515902621E1,9.587672539E-3,0.000000000E0,1.917534508E-2
3.516412501E1,3.195890691E-3,7.457078435E-3,2.130593918E-2
3.516922475E1,-1.065296936E-3,1.278356276E-2,1.811004803E-2
3.517423986E1,-6.391781382E-3,0.000000000E0,1.278356276E-2
3.517953955E1,-1.278356276E-2,-1.171826664E-2,1.065296959E-2
3.518438741E1,-1.811004803E-2,-1.278356276E-2,7.457078435E-3
3.518957694E1,-2.343653329E-2,-1.171826664E-2,6.391781382E-3
3.519451684E1,-2.876301669E-2,-1.384885982E-2,7.457078435E-3
3.519957387E1,-3.195890784E-2,-1.171826664E-2,9.587672539E-3
3.520473773E1,-3.089361079E-2,-9.587672539E-3,9.587672539E-3
3.520983361E1,-2.876301669E-2,-8.522375487E-3,1.384885982E-2
3.521493788E1,-2.663242258E-2,-9.587672539E-3,1.917534508E-2
3.521991007E1,-2.343653329E-2,-6.391781382E-3,2.237123623E-2
3.522500439E1,-2.343653329E-2,-8.522375487E-3,2.556712553E-2
3.523002934E1,-2.130593918E-2,-8.522375487E-3,2.876301669E-2
3.523548268E1,-1.811004803E-2,-5.326484796E-3,2.982831374E-2
3.524026335E1,-1.704475097E-2,-5.326484796E-3,2.982831374E-2
3.524542929E1,-1.704475097E-2,-6.391781382E-3,2.876301669E-2
3.525040945E1,-1.704475097E-2,-7.457078435E-3,2.556712553E-2
3.525539065E1,-1.704475097E-2,-1.384885982E-2,2.450183034E-2
3.526049497E1,-1.491415687E-2,-1.917534508E-2,2.024064213E-2
3.526568664E1,-1.491415687E-2,-2.663242258E-2,1.491415687E-2
3.527072935E1,-1.278356276E-2,-3.302420676E-2,1.065296959E-2
3.527581596E1,-1.171826664E-2,-4.154657945E-2,6.391781382E-3
3.528078284E1,-1.597945392E-2,-5.006895587E-2,0.000000000E0
3.528598758E1,-1.704475097E-2,-5.539543927E-2,-3.195890691E-3
3.529094180E1,-2.024064213E-2,-5.859133229E-2,-6.391781382E-3
3.529594096E1,-2.130593918E-2,-6.178722158E-2,-9.587672539E-3
3.530109341E1,-2.130593918E-2,-5.859133229E-2,-9.587672539E-3
3.530606018E1,-2.343653329E-2,-5.433014408E-2,-8.522375487E-3
3.531122242E1,-2.556712553E-2,-5.113425106E-2,-8.522375487E-3
3.531627414E1,-2.450183034E-2,-4.580776766E-2,-6.391781382E-3
3.532137242E1,-2.450183034E-2,-4.367717355E-2,-5.326484796E-3
3.532652456E1,-2.556712553E-2,-4.154657945E-2,-4.261187743E-3
3.533150086E1,-2.556712553E-2,-3.728539124E-2,-1.065296936E-3
3.533661831E1,-2.982831374E-2,-2.982831374E-2,5.326484796E-3
3.534164633E1,-3.302420676E-2,-2.556712553E-2,1.065296936E-3
3.534668102E1,-3.408950195E-2,-2.556712553E-2,-1.065296936E-3
3.535179227E1,-2.982831374E-2,-3.195890784E-2,-1.065296936E-3
3.535682441E1,-2.769771963E-2,-3.622009605E-2,-4.261187743E-3
3.536199389E1,-2.556712553E-2,-3.941598535E-2,-1.065296936E-3
3.536692347E1,-2.343653329E-2,-3.728539124E-2,-2.130593872E-3
3.537205128E1,-2.450183034E-2,-3.622009605E-2,1.065296936E-3
3.537707280E1,-2.450183034E-2,-3.728539124E-2,2.130593872E-3
3.538219483E1,-2.237123623E-2,-3.835069016E-2,1.065296936E-3
3.538690957E1,-2.130593918E-2,-4.048128426E-2,2.130593872E-3
3.539231405E1,-2.024064213E-2,-4.048128426E-2,6.391781382E-3
3.539732170E1,-1.917534508E-2,-3.941598535E-2,6.391781382E-3
3.540246092E1,-1.491415687E-2,-4.154657945E-2,4.261187743E-3
3.540748525E1,-8.522375487E-3,-5.006895587E-2,4.261187743E-3
3.541267332E1,-3.195890691E-3,-5.326484516E-2,1.065296936E-3
3.541763790E1,0.000000000E0,-5.965662748E-2,4.261187743E-3
3.542287691E1,3.195890691E-3,-6.498311460E-2,3.195890691E-3
3.542791525E1,5.326484796E-3,-6.924430281E-2,2.130593872E-3
3.543297150E1,8.522375487E-3,-7.350549102E-2,4.261187743E-3
3.543795832E1,1.171826664E-2,-7.563608140E-2,4.261187743E-3
3.544303697E1,1.491415687E-2,-7.883197069E-2,0.000000000E0
3.544818166E1,1.704475097E-2,-8.522375673E-2,-1.065296936E-3
3.545321004E1,1.491415687E-2,-9.161553532E-2,-2.130593872E-3
3.545828614E1,9.587672539E-3,-9.800732136E-2,-5.326484796E-3
3.546334119E1,2.130593872E-3,-1.043990999E-1,-6.391781382E-3
3.546855593E1,-7.457078435E-3,-1.075949892E-1,-9.587672539E-3
3.547355817E1,-2.024064213E-2,-1.097255871E-1,-1.384885982E-2
3.547866192E1,-3.195890784E-2,-1.139867753E-1,-1.491415687E-2
3.548359119E1,-4.367717355E-2,-1.203785539E-1,-1.917534508E-2
3.548865958E1,-5.433014408E-2,-1.246397421E-1,-2.237123623E-2
3.549383437E1,-6.604841352E-2,-1.235744432E-1,-2.876301669E-2
3.549896676E1,-7.563608140E-2,-1.214438528E-1,-3.302420676E-2
3.550402359E1,-8.522375673E-2,-1.097255871E-1,-3.728539124E-2
3.550899192E1,-9.694202244E-2,-9.694202244E-2,-4.154657945E-2
3.551414421E1,-1.075949892E-1,-9.587672353E-2,-4.900366068E-2
3.551959125E1,-1.193132550E-1,-9.907261282E-2,-5.539543927E-2
3.552432046E1,-1.278356314E-1,-1.075949892E-1,-5.326484516E-2
3.552930515E1,-1.278356314E-1,-1.033338010E-1,-4.900366068E-2
3.553438771E1,-1.246397421E-1,-8.948494494E-2,-4.580776766E-2
3.553935974E1,-1.267703325E-1,-8.735434711E-2,-4.261187837E-2
3.554453073E1,-1.246397421E-1,-8.415845782E-2,-3.408950195E-2
3.554952849E1,-1.171826646E-1,-7.989726961E-2,-2.663242258E-2
3.555462979E1,-1.054643989E-1,-7.030959427E-2,-2.130593918E-2
3.555964547E1,-9.161553532E-2,-6.391781569E-2,-1.597945392E-2
3.556493865E1,-7.776667923E-2,-6.178722158E-2,-7.457078435E-3
3.556984037E1,-6.178722158E-2,-5.539543927E-2,-2.130593872E-3
3.557495703E1,-4.687306657E-2,-4.793836176E-2,2.130593872E-3
3.557997058E1,-3.515479714E-2,-3.941598535E-2,5.326484796E-3
3.558505255E1,-2.237123623E-2,-3.302420676E-2,8.522375487E-3
3.559019646E1,-1.811004803E-2,-2.769771963E-2,9.587672539E-3
3.559526334E1,-1.811004803E-2,-2.024064213E-2,1.065296959E-2
3.560033042E1,-1.704475097E-2,-1.065296959E-2,9.587672539E-3
3.560535443E1,-1.491415687E-2,-1.065296936E-3,8.522375487E-3
3.561033381E1,-1.171826664E-2,1.065296959E-2,9.587672539E-3
3.561547620E1,-5.326484796E-3,2.024064213E-2,7.457078435E-3
3.562051318E1,1.065296936E-3,2.663242258E-2,5.326484796E-3
3.562569558E1,1.278356276E-2,2.876301669E-2,6.391781382E-3
3.563069475E1,2.450183034E-2,2.769771963E-2,8.522375487E-3
3.563606407E1,3.941598535E-2,2.663242258E-2,1.384885982E-2
3.564094402E1,5.539543927E-2,2.876301669E-2,1.811004803E-2
3.564588308E1,7.244019210E-2,2.876301669E-2,2.769771963E-2
3.565090996E1,8.948494494E-2,2.769771963E-2,3.515479714E-2
3.565605272E1,1.054643989E-1,3.302420676E-2,4.261187837E-2
3.566111762E1,1.193132550E-1,3.195890784E-2,5.326484516E-2
3.566619459E1,1.299662292E-1,3.302420676E-2,6.285251677E-2
3.567120647E1,1.406191885E-1,3.941598535E-2,7.670138031E-2
3.567647319E1,1.427497864E-1,4.261187837E-2,8.309315890E-2
3.568133293E1,1.438150853E-1,4.367717355E-2,8.735434711E-2
3.568680038E1,1.395539045E-1,4.793836176E-2,9.055023640E-2
3.569152293E1,1.395539045E-1,5.113425106E-2,9.161553532E-2
3.569673996E1,1.352927089E-1,5.219954997E-2,9.268083423E-2
3.570174866E1,1.363580078E-1,4.793836176E-2,9.268083423E-2
3.570676746E1,1.374233067E-1,4.367717355E-2,8.735434711E-2
3.571195460E1,1.374233067E-1,3.835069016E-2,8.096256852E-2
3.571685434E1,1.384886056E-1,3.302420676E-2,7.670138031E-2
3.572222356E1,1.384886056E-1,2.876301669E-2,7.244019210E-2
3.572700554E1,1.320968270E-1,2.769771963E-2,6.604841352E-2
3.573211820E1,1.267703325E-1,2.876301669E-2,6.178722158E-2
3.573732590E1,1.225091442E-1,2.876301669E-2,5.539543927E-2
3.574206106E1,1.171826646E-1,3.515479714E-2,5.113425106E-2
3.574733278E1,1.139867753E-1,4.154657945E-2,5.113425106E-2
3.575236075E1,1.139867753E-1,4.367717355E-2,4.580776766E-2
3.575767403E1,1.171826646E-1,4.687306657E-2,4.580776766E-2
3.576272132E1,1.267703325E-1,5.006895587E-2,4.367717355E-2
3.576767570E1,1.363580078E-1,5.219954997E-2,4.261187837E-2
3.577227768E1,1.470109820E-1,5.326484516E-2,4.154657945E-2
3.577776789E1,1.534027606E-1,5.326484516E-2,3.941598535E-2
3.578283294E1,1.555333585E-1,5.539543927E-2,3.941598535E-2
3.578802935E1,1.587292403E-1,5.752603337E-2,3.835069016E-2
3.579292695E1,1.555333585E-1,5.752603337E-2,3.941598535E-2
3.579816940E1,1.555333585E-1,5.539543927E-2,3.835069016E-2
3.580308685E1,1.544680595E-1,5.539543927E-2,3.622009605E-2
3.580816107E1,1.502068639E-1,5.113425106E-2,3.515479714E-2
3.581326482E1,1.480762810E-1,5.219954997E-2,3.302420676E-2
3.581833940E1,1.416844875E-1,5.219954997E-2,2.876301669E-2
3.582333378E1,1.331621110E-1,5.539543927E-2,2.982831374E-2
3.582856737E1,1.267703325E-1,6.072192639E-2,2.450183034E-2
3.583353399E1,1.203785539E-1,6.072192639E-2,1.917534508E-2
3.583864716E1,1.161173657E-1,5.539543927E-2,1.491415687E-2
3.584361055E1,1.097255871E-1,5.433014408E-2,1.171826664E-2
3.584888050E1,1.033338010E-1,5.006895587E-2,7.457078435E-3
3.585397060E1,1.001379117E-1,4.793836176E-2,3.195890691E-3
3.585910784E1,9.587672353E-2,4.900366068E-2,2.130593872E-3
3.586397159E1,9.374613315E-2,5.113425106E-2,1.065296936E-3
3.586913415E1,9.055023640E-2,5.539543927E-2,1.065296936E-3
3.587403269E1,8.841964602E-2,5.965662748E-2,6.391781382E-3
3.587916524E1,9.268083423E-2,6.285251677E-2,1.278356276E-2
3.588421326E1,9.907261282E-2,6.924430281E-2,2.024064213E-2
3.588930503E1,1.086602882E-1,7.350549102E-2,2.450183034E-2
3.589429378E1,1.214438528E-1,7.244019210E-2,3.302420676E-2
3.589962186E1,1.331621110E-1,7.030959427E-2,4.367717355E-2
3.590447410E1,1.427497864E-1,7.030959427E-2,5.219954997E-2
3.590968441E1,1.555333585E-1,7.244019210E-2,6.285251677E-2
3.591461342E1,1.651210189E-1,7.350549102E-2,7.030959427E-2
3.591992144E1,1.715128124E-1,7.244019210E-2,7.563608140E-2
3.592497681E1,1.789698899E-1,7.350549102E-2,7.670138031E-2
3.592990374E1,1.853616685E-1,7.457078248E-2,7.670138031E-2
3.593495842E1,1.949493438E-1,7.030959427E-2,7.670138031E-2
3.594009655E1,2.002758235E-1,6.604841352E-2,7.563608140E-2
3.594542238E1,2.098634988E-1,5.752603337E-2,7.244019210E-2
3.595021004E1,2.119940966E-1,5.113425106E-2,6.711370498E-2
3.595521192E1,2.173205763E-1,4.580776766E-2,6.391781569E-2
3.596055587E1,2.215817571E-1,4.048128426E-2,5.859133229E-2
3.596538426E1,2.247776538E-1,3.728539124E-2,5.433014408E-2
3.597053457E1,2.279735506E-1,3.302420676E-2,5.326484516E-2
3.597548619E1,2.322347313E-1,2.769771963E-2,5.113425106E-2
3.598059020E1,2.301041335E-1,2.450183034E-2,4.687306657E-2
3.598574525E1,2.311694324E-1,2.130593918E-2,4.261187837E-2
3.599075062E1,2.322347313E-1,1.491415687E-2,3.835069016E-2
3.599588671E1,2.247776538E-1,8.522375487E-3,3.515479714E-2
3.600097192E1,2.183858752E-1,0.000000000E0,3.089361079E-2
3.600595833E1,2.066676021E-1,-8.522375487E-3,2.556712553E-2
3.601116952E1,1.928187460E-1,-2.024064213E-2,1.704475097E-2
3.601610494E1,1.725780964E-1,-3.622009605E-2,9.587672539E-3
3.602123239E1,1.502068639E-1,-5.219954997E-2,1.065296936E-3
3.602617156E1,1.214438528E-1,-6.285251677E-2,-7.457078435E-3
3.603128843E1,8.841964602E-2,-7.030959427E-2,-2.024064213E-2
3.603641448E1,5.433014408E-2,-7.457078248E-2,-2.982831374E-2
3.604154541E1,1.597945392E-2,-7.670138031E-2,-3.622009605E-2
3.604650791E1,-2.024064213E-2,-7.563608140E-2,-4.687306657E-2
3.605165578E1,-5.752603337E-2,-7.244019210E-2,-5.752603337E-2
3.605661219E1,-9.587672353E-2,-7.989726961E-2,-6.924430281E-2
3.606187875E1,-1.342274100E-1,-9.055023640E-2,-7.989726961E-2
3.606686109E1,-1.672516167E-1,-9.800732136E-2,-9.161553532E-2
3.607187396E1,-1.970799267E-1,-1.054643989E-1,-1.033338010E-1
3.607691130E1,-2.205164731E-1,-1.054643989E-1,-1.129214764E-1
3.608202557E1,-2.386265099E-1,-9.800732136E-2,-1.171826646E-1
3.608724516E1,-2.524753809E-1,-9.481142461E-2,-1.182479635E-1
3.609223573E1,-2.652589381E-1,-1.043990999E-1,-1.225091442E-1
3.609725229E1,-2.769772112E-1,-1.150520667E-1,-1.235744432E-1
3.610248682E1,-2.854995728E-1,-1.107908785E-1,-1.203785539E-1
3.610733459E1,-2.897607684E-1,-1.001379117E-1,-1.161173657E-1
3.611245391E1,-2.950872481E-1,-9.374613315E-2,-1.150520667E-1
3.611757146E1,-3.004137278E-1,-9.055023640E-2,-1.075949892E-1
3.612265542E1,-3.025443256E-1,-8.415845782E-2,-9.907261282E-2
3.612777532E1,-3.068055212E-1,-7.670138031E-2,-9.694202244E-2
3.613283287E1,-3.068055212E-1,-7.030959427E-2,-9.055023640E-2
3.613780808E1,-3.036096394E-1,-5.965662748E-2,-8.415845782E-2
3.614289209E1,-3.025443256E-1,-5.326484516E-2,-7.883197069E-2
3.614794917E1,-2.993484437E-1,-5.006895587E-2,-7.137489319E-2
3.615428792E1,-2.940219641E-1,-4.793836176E-2,-6.604841352E-2
3.615805496E1,-2.918913662E-1,-5.113425106E-2,-5.646073818E-2
3.616347746E1,-2.854995728E-1,-5.219954997E-2,-4.687306657E-2
3.616833574E1,-2.748466134E-1,-5.219954997E-2,-3.835069016E-2
3.617339277E1,-2.652589381E-1,-4.900366068E-2,-3.302420676E-2
3.617841110E1,-2.567365468E-1,-4.261187837E-2,-2.343653329E-2
3.618357303E1,-2.556712627E-1,-5.646073818E-2,-7.457078435E-3
3.618847933E1,-2.503447831E-1,-5.326484516E-2,0.000000000E0
3.619359678E1,-2.343653291E-1,-1.065296959E-2,-7.457078435E-3
3.619860486E1,-2.247776538E-1,1.384885982E-2,-9.587672539E-3
3.620376637E1,-2.183858752E-1,2.663242258E-2,-9.587672539E-3
3.620855512E1,-2.119940966E-1,4.154657945E-2,-8.522375487E-3
3.621407689E1,-2.045370042E-1,5.326484516E-2,-7.457078435E-3
3.621886449E1,-1.949493438E-1,6.391781569E-2,-8.522375487E-3
3.622402923E1,-1.853616685E-1,6.817900389E-2,-1.065296959E-2
3.622911429E1,-1.747086942E-1,7.030959427E-2,-1.491415687E-2
3.623425069E1,-1.629904360E-1,6.924430281E-2,-2.024064213E-2
3.623887595E1,-1.480762810E-1,6.711370498E-2,-2.343653329E-2
3.624430569E1,-1.289009303E-1,6.711370498E-2,-2.450183034E-2
3.624963174E1,-1.097255871E-1,6.285251677E-2,-2.450183034E-2
3.625444996E1,-8.948494494E-2,5.965662748E-2,-2.663242258E-2
3.625946825E1,-6.924430281E-2,6.391781569E-2,-2.450183034E-2
3.626461470E1,-4.900366068E-2,7.030959427E-2,-2.237123623E-2
3.626970434E1,-2.876301669E-2,7.457078248E-2,-1.917534508E-2
3.627476866E1,-9.587672539E-3,8.202786744E-2,-1.597945392E-2
3.627971257E1,8.522375487E-3,8.735434711E-2,-1.171826664E-2
3.628488690E1,2.663242258E-2,9.268083423E-2,-7.457078435E-3
3.628997893E1,4.474247247E-2,9.587672353E-2,-2.130593872E-3
3.629513638E1,6.178722158E-2,9.800732136E-2,0.000000000E0
3.630004981E1,7.883197069E-2,1.033338010E-1,4.261187743E-3
3.630517351E1,9.907261282E-2,1.043990999E-1,6.391781382E-3
3.631021924E1,1.203785539E-1,1.065296903E-1,9.587672539E-3
3.631529492E1,1.395539045E-1,1.118561774E-1,1.065296959E-2
3.632050554E1,1.608598381E-1,1.161173657E-1,1.171826664E-2
3.632542206E1,1.832310706E-1,1.171826646E-1,1.065296959E-2
3.633049263E1,2.045370042E-1,1.235744432E-1,1.171826664E-2
3.633572055E1,2.247776538E-1,1.257050335E-1,1.065296959E-2
3.634074352E1,2.450182885E-1,1.267703325E-1,7.457078435E-3
3.634577294E1,2.652589381E-1,1.246397421E-1,9.587672539E-3
3.635077518E1,2.854995728E-1,1.246397421E-1,8.522375487E-3
3.635565263E1,3.025443256E-1,1.278356314E-1,7.457078435E-3
3.636091836E1,3.195890784E-1,1.246397421E-1,1.065296959E-2
3.636600654E1,3.366338313E-1,1.257050335E-1,1.384885982E-2
3.637103914E1,3.526133001E-1,1.299662292E-1,1.597945392E-2
3.637618977E1,3.675274551E-1,1.320968270E-1,2.130593918E-2
3.638119862E1,3.813762963E-1,1.374233067E-1,2.663242258E-2
3.638634654E1,3.952251673E-1,1.416844875E-1,3.195890784E-2
3.639132857E1,4.026822448E-1,1.448803842E-1,3.728539124E-2
3.639646529E1,4.144005179E-1,1.470109820E-1,4.154657945E-2
3.640144566E1,4.218575954E-1,1.480762810E-1,4.580776766E-2
3.640657576E1,4.282493591E-1,1.491415650E-1,4.900366068E-2
3.641160889E1,4.335758388E-1,1.480762810E-1,5.113425106E-2
3.641674592E1,4.367717505E-1,1.427497864E-1,5.433014408E-2
3.642186998E1,4.367717505E-1,1.374233067E-1,5.646073818E-2
3.642692264E1,4.378370345E-1,1.320968270E-1,5.859133229E-2
3.643193915E1,4.410329461E-1,1.257050335E-1,5.965662748E-2
3.643704608E1,4.389023483E-1,1.235744432E-1,5.965662748E-2
3.644203004E1,4.389023483E-1,1.139867753E-1,6.072192639E-2
3.644734269E1,4.399676323E-1,1.065296903E-1,6.391781569E-2
3.645242670E1,4.378370345E-1,1.001379117E-1,6.498311460E-2
3.645733301E1,4.357064366E-1,9.481142461E-2,6.604841352E-2
3.646237618E1,4.378370345E-1,9.161553532E-2,6.817900389E-2
3.646753446E1,4.357064366E-1,8.841964602E-2,7.244019210E-2
3.647250582E1,4.335758388E-1,9.055023640E-2,7.776667923E-2
3.647766962E1,4.293146729E-1,9.374613315E-2,8.628904819E-2
3.648271806E1,4.335758388E-1,9.268083423E-2,8.415845782E-2
3.648788041E1,4.378370345E-1,8.628904819E-2,8.841964602E-2
3.649275364E1,4.410329461E-1,8.096256852E-2,9.268083423E-2
3.649803249E1,4.452941120E-1,7.776667923E-2,9.055023640E-2
3.650300572E1,4.506205916E-1,7.457078248E-2,9.374613315E-2
3.650822442E1,4.516859055E-1,7.457078248E-2,9.800732136E-2
3.651301999E1,4.559471011E-1,7.030959427E-2,1.001379117E-1
3.651813322E1,4.602082670E-1,7.350549102E-2,9.800732136E-2
3.652314765E1,4.612735808E-1,7.137489319E-2,1.001379117E-1
3.652827514E1,4.623388648E-1,7.244019210E-2,1.012032107E-1
3.653327447E1,4.612735808E-1,7.350549102E-2,1.065296903E-1
3.653841692E1,4.623388648E-1,7.563608140E-2,1.054643989E-1
3.654362244E1,4.623388648E-1,7.776667923E-2,1.075949892E-1
3.654859203E1,4.559471011E-1,7.776667923E-2,1.097255871E-1
3.655373442E1,4.527511895E-1,7.350549102E-2,1.086602882E-1
3.655877338E1,4.506205916E-1,6.924430281E-2,1.075949892E-1
3.656373802E1,4.484900236E-1,6.498311460E-2,1.065296903E-1
3.656892948E1,4.431635141E-1,5.859133229E-2,1.054643989E-1
3.657387406E1,4.367717505E-1,5.219954997E-2,1.043990999E-1
3.657900744E1,4.282493591E-1,5.219954997E-2,1.012032107E-1
3.658402333E1,4.186616838E-1,4.474247247E-2,9.481142461E-2
3.658934922E1,4.122699201E-1,3.941598535E-2,9.161553532E-2
3.659421573E1,4.058781266E-1,3.515479714E-2,8.841964602E-2
3.659930302E1,3.973557651E-1,3.408950195E-2,8.415845782E-2
3.660441938E1,3.856374919E-1,3.302420676E-2,8.202786744E-2
3.660945047E1,3.685927391E-1,3.515479714E-2,7.883197069E-2
3.661448953E1,3.526133001E-1,4.048128426E-2,7.457078248E-2
3.661955854E1,3.376991153E-1,4.580776766E-2,7.030959427E-2
3.662477568E1,3.238502741E-1,4.793836176E-2,6.498311460E-2
3.662990261E1,3.121320009E-1,5.113425106E-2,6.178722158E-2
3.663487282E1,2.982831299E-1,5.113425106E-2,6.178722158E-2
3.663975318E1,2.876301706E-1,5.113425106E-2,5.752603337E-2
3.664485235E1,2.748466134E-1,5.219954997E-2,5.539543927E-2
3.665015693E1,2.641936541E-1,5.433014408E-2,5.326484516E-2
3.665500313E1,2.556712627E-1,5.433014408E-2,5.326484516E-2
3.666024131E1,2.460835874E-1,5.539543927E-2,5.113425106E-2
3.666515959E1,2.396918088E-1,5.539543927E-2,4.687306657E-2
3.667053855E1,2.301041335E-1,6.072192639E-2,4.687306657E-2
3.667528548E1,2.194511741E-1,6.178722158E-2,4.474247247E-2
3.668056079E1,2.119940966E-1,6.178722158E-2,4.367717355E-2
3.668573329E1,2.034717202E-1,6.604841352E-2,4.367717355E-2
3.669062350E1,1.928187460E-1,6.604841352E-2,3.835069016E-2
3.669560173E1,1.842963696E-1,6.817900389E-2,3.622009605E-2
3.670075985E1,1.757739931E-1,6.604841352E-2,3.302420676E-2
3.670604126E1,1.672516167E-1,6.178722158E-2,2.876301669E-2
3.671102636E1,1.597945392E-1,5.965662748E-2,2.556712553E-2
3.671619986E1,1.480762810E-1,5.646073818E-2,2.024064213E-2
3.672107517E1,1.395539045E-1,5.539543927E-2,1.597945392E-2
3.672611741E1,1.289009303E-1,5.326484516E-2,1.278356276E-2
3.673118777E1,1.193132550E-1,4.687306657E-2,1.278356276E-2
3.673619814E1,1.086602882E-1,4.367717355E-2,7.457078435E-3
3.674133574E1,1.001379117E-1,3.835069016E-2,7.457078435E-3
3.674648496E1,9.374613315E-2,3.622009605E-2,5.326484796E-3
3.675148512E1,8.522375673E-2,3.515479714E-2,4.261187743E-3
3.675642507E1,7.350549102E-2,3.515479714E-2,9.587672539E-3
3.676162147E1,6.498311460E-2,3.515479714E-2,6.391781382E-3
3.676661345E1,6.285251677E-2,2.663242258E-2,3.195890691E-3
3.677173288E1,6.178722158E-2,1.811004803E-2,3.195890691E-3
3.677686106E1,5.539543927E-2,1.491415687E-2,3.195890691E-3
3.678189299E1,5.326484516E-2,1.491415687E-2,2.130593872E-3
3.678686684E1,4.687306657E-2,1.278356276E-2,4.261187743E-3
3.679209945E1,3.835069016E-2,1.278356276E-2,5.326484796E-3
3.679700387E1,3.089361079E-2,8.522375487E-3,3.195890691E-3
3.680221262E1,2.663242258E-2,4.261187743E-3,3.195890691E-3
3.680718294E1,2.343653329E-2,2.130593872E-3,5.326484796E-3
3.681246164E1,2.024064213E-2,-2.130593872E-3,2.130593872E-3
3.681729945E1,1.278356276E-2,0.000000000E0,1.065296936E-3
3.682241976E1,8.522375487E-3,6.391781382E-3,1.065296936E-3
3.682743575E1,0.000000000E0,1.171826664E-2,-1.065296936E-3
3.683259294E1,-7.457078435E-3,1.384885982E-2,1.065296936E-3
3.683770924E1,-1.597945392E-2,1.597945392E-2,-1.065296936E-3
3.684268982E1,-2.237123623E-2,1.811004803E-2,-3.195890691E-3
3.684792138E1,-2.769771963E-2,1.811004803E-2,-6.391781382E-3
3.685292648E1,-3.515479714E-2,1.704475097E-2,-1.065296959E-2
3.685757664E1,-4.154657945E-2,1.597945392E-2,-1.278356276E-2
3.686303211E1,-4.793836176E-2,1.491415687E-2,-1.491415687E-2
3.686798794E1,-5.433014408E-2,1.384885982E-2,-1.811004803E-2
3.687395810E1,-6.072192639E-2,1.278356276E-2,-1.917534508E-2
3.687815602E1,-6.924430281E-2,1.278356276E-2,-2.130593918E-2
3.688339659E1,-7.563608140E-2,1.597945392E-2,-2.024064213E-2
3.688828826E1,-8.309315890E-2,1.704475097E-2,-1.917534508E-2
3.689350961E1,-8.948494494E-2,2.343653329E-2,-1.597945392E-2
3.689852914E1,-9.907261282E-2,2.450183034E-2,-1.597945392E-2
3.690369435E1,-1.054643989E-1,2.343653329E-2,-1.597945392E-2
3.690858253E1,-1.086602882E-1,2.769771963E-2,-1.597945392E-2
3.691389435E1,-1.129214764E-1,2.769771963E-2,-1.278356276E-2
3.691879873E1,-1.193132550E-1,2.343653329E-2,-1.278356276E-2
3.692397191E1,-1.225091442E-1,1.917534508E-2,-1.171826664E-2
3.692891581E1,-1.257050335E-1,1.384885982E-2,-1.065296959E-2
3.693402889E1,-1.289009303E-1,1.171826664E-2,-1.171826664E-2
3.693900779E1,-1.352927089E-1,5.326484796E-3,-8.522375487E-3
3.694433217E1,-1.395539045E-1,0.000000000E0,-9.587672539E-3
3.694918175E1,-1.448803842E-1,-1.065296936E-3,-1.171826664E-2
3.695429983E1,-1.512721628E-1,1.065296936E-3,-1.171826664E-2
3.695930009E1,-1.587292403E-1,1.065296936E-3,-1.065296959E-2
3.696441759E1,-1.619251370E-1,0.000000000E0,-9.587672539E-3
3.696960650E1,-1.672516167E-1,-3.195890691E-3,-8.522375487E-3
3.697458858E1,-1.725780964E-1,-3.195890691E-3,-1.065296959E-2
3.697967962E1,-1.736433953E-1,-1.065296936E-3,-1.065296959E-2
3.698467733E1,-1.736433953E-1,0.000000000E0,-1.171826664E-2
3.698972796E1,-1.736433953E-1,-4.261187743E-3,-1.384885982E-2
3.699484504E1,-1.715128124E-1,-9.587672539E-3,-1.278356276E-2
3.699982863E1,-1.672516167E-1,-1.065296959E-2,-1.384885982E-2
3.700495348E1,-1.629904360E-1,-8.522375487E-3,-1.278356276E-2
3.701000530E1,-1.640557349E-1,-8.522375487E-3,-1.171826664E-2
3.701531452E1,-1.608598381E-1,-3.195890691E-3,-1.171826664E-2
3.702024077E1,-1.597945392E-1,-2.130593872E-3,-1.171826664E-2
3.702529655E1,-1.608598381E-1,0.000000000E0,-1.171826664E-2
3.702998723E1,-1.576639414E-1,4.261187743E-3,-1.171826664E-2
3.703542603E1,-1.597945392E-1,0.000000000E0,-1.491415687E-2
3.704052921E1,-1.597945392E-1,-4.261187743E-3,-1.704475097E-2
3.704562572E1,-1.587292403E-1,-7.457078435E-3,-1.704475097E-2
3.705072911E1,-1.565986425E-1,-7.457078435E-3,-1.491415687E-2
3.705572213E1,-1.555333585E-1,-6.391781382E-3,-1.811004803E-2
3.706074296E1,-1.555333585E-1,-8.522375487E-3,-1.811004803E-2
3.706592583E1,-1.576639414E-1,-1.065296959E-2,-1.811004803E-2
3.707088489E1,-1.555333585E-1,-1.384885982E-2,-1.597945392E-2
3.707605312E1,-1.544680595E-1,-1.811004803E-2,-1.811004803E-2
3.708134640E1,-1.512721628E-1,-2.130593918E-2,-1.704475097E-2
3.708616598E1,-1.438150853E-1,-1.917534508E-2,-1.491415687E-2
3.709117786E1,-1.395539045E-1,-1.811004803E-2,-1.171826664E-2
3.709629745E1,-1.352927089E-1,-2.450183034E-2,-4.261187743E-3
3.710126552E1,-1.374233067E-1,-4.687306657E-2,6.391781382E-3
3.710655177E1,-1.203785539E-1,-2.876301669E-2,4.261187743E-3
3.711142182E1,-1.022685021E-1,-1.278356276E-2,3.195890691E-3
3.711670213E1,-9.587672353E-2,-4.261187743E-3,8.522375487E-3
3.712156380E1,-8.735434711E-2,5.326484796E-3,1.278356276E-2
3.712678323E1,-8.096256852E-2,1.384885982E-2,1.917534508E-2
3.713176052E1,-7.457078248E-2,2.130593918E-2,2.130593918E-2
3.713696240E1,-6.924430281E-2,2.450183034E-2,2.450183034E-2
3.714185433E1,-6.924430281E-2,2.769771963E-2,2.556712553E-2
3.714668818E1,-6.498311460E-2,2.876301669E-2,2.982831374E-2
3.715201287E1,-5.965662748E-2,2.556712553E-2,3.089361079E-2
3.715726443E1,-5.539543927E-2,2.130593918E-2,3.195890784E-2
3.716226094E1,-4.900366068E-2,2.024064213E-2,3.195890784E-2
3.716732214E1,-4.261187837E-2,1.597945392E-2,3.408950195E-2
3.717228391E1,-4.154657945E-2,1.597945392E-2,3.728539124E-2
3.717754974E1,-3.835069016E-2,1.278356276E-2,3.622009605E-2
3.718261886E1,-3.408950195E-2,9.587672539E-3,3.622009605E-2
3.718757454E1,-2.876301669E-2,8.522375487E-3,3.728539124E-2
3.719261199E1,-2.237123623E-2,6.391781382E-3,3.835069016E-2
3.719776048E1,-1.704475097E-2,6.391781382E-3,3.728539124E-2
3.720285459E1,-1.065296959E-2,7.457078435E-3,4.261187837E-2
3.720788084E1,-3.195890691E-3,9.587672539E-3,4.474247247E-2
3.721288610E1,8.522375487E-3,1.384885982E-2,4.474247247E-2
3.721815235E1,1.491415687E-2,1.917534508E-2,4.687306657E-2
3.722337090E1,2.237123623E-2,2.663242258E-2,5.006895587E-2
3.722814282E1,3.302420676E-2,3.622009605E-2,5.113425106E-2
3.723315199E1,4.154657945E-2,4.687306657E-2,5.326484516E-2
3.723837579E1,5.113425106E-2,5.113425106E-2,5.752603337E-2
3.724331798E1,6.498311460E-2,5.752603337E-2,5.965662748E-2
3.724855605E1,7.563608140E-2,6.072192639E-2,5.965662748E-2
3.725352444E1,8.309315890E-2,6.604841352E-2,6.072192639E-2
3.725854288E1,9.161553532E-2,7.244019210E-2,6.072192639E-2
3.726356788E1,9.907261282E-2,7.350549102E-2,6.604841352E-2
3.726880559E1,1.054643989E-1,7.457078248E-2,6.817900389E-2
3.727370653E1,1.118561774E-1,7.030959427E-2,6.924430281E-2
3.727884819E1,1.171826646E-1,6.498311460E-2,6.924430281E-2
3.728408127E1,1.235744432E-1,6.072192639E-2,6.924430281E-2
3.728904288E1,1.278356314E-1,5.646073818E-2,7.030959427E-2
3.729407632E1,1.310315281E-1,5.539543927E-2,7.244019210E-2
3.729914991E1,1.320968270E-1,5.539543927E-2,7.137489319E-2
3.730416434E1,1.299662292E-1,5.646073818E-2,7.137489319E-2
3.730931096E1,1.320968270E-1,5.539543927E-2,7.457078248E-2
3.731435273E1,1.320968270E-1,5.646073818E-2,7.457078248E-2
3.731943330E1,1.289009303E-1,5.539543927E-2,7.244019210E-2
3.732444622E1,1.214438528E-1,5.433014408E-2,7.244019210E-2
3.732956992E1,1.171826646E-1,5.006895587E-2,7.137489319E-2
3.733454143E1,1.150520667E-1,4.687306657E-2,7.030959427E-2
3.733973533E1,1.065296903E-1,4.580776766E-2,6.817900389E-2
3.734475299E1,9.694202244E-2,4.687306657E-2,6.498311460E-2
3.734989346E1,9.055023640E-2,4.687306657E-2,5.965662748E-2
3.735486794E1,8.309315890E-2,4.687306657E-2,5.539543927E-2
3.736010648E1,7.350549102E-2,4.367717355E-2,5.113425106E-2
3.736517383E1,6.178722158E-2,3.941598535E-2,4.687306657E-2
3.737019456E1,5.433014408E-2,3.089361079E-2,4.154657945E-2
3.737517461E1,5.113425106E-2,2.450183034E-2,3.728539124E-2
3.738041753E1,4.261187837E-2,2.130593918E-2,3.515479714E-2
3.738528044E1,3.622009605E-2,1.704475097E-2,3.089361079E-2
3.739047180E1,2.876301669E-2,1.278356276E-2,2.982831374E-2
3.739545904E1,2.024064213E-2,1.065296959E-2,2.876301669E-2
3.740061070E1,7.457078435E-3,6.391781382E-3,3.728539124E-2
3.740565607E1,-1.597945392E-2,5.326484796E-3,5.113425106E-2
3.741071685E1,-2.663242258E-2,2.343653329E-2,3.089361079E-2
3.741599071E1,-2.130593918E-2,2.556712553E-2,2.343653329E-2
3.742087107E1,-2.450183034E-2,7.457078435E-3,3.515479714E-2
3.742601623E1,-3.195890784E-2,-1.278356276E-2,3.515479714E-2
3.743100123E1,-4.367717355E-2,-1.811004803E-2,3.408950195E-2
3.743602310E1,-5.646073818E-2,-1.491415687E-2,3.835069016E-2
3.744122784E1,-7.030959427E-2,-1.065296959E-2,3.941598535E-2
3.744613014E1,-7.989726961E-2,-9.587672539E-3,3.941598535E-2
3.745143508E1,-9.374613315E-2,-7.457078435E-3,4.048128426E-2
3.745635592E1,-1.022685021E-1,-9.587672539E-3,3.941598535E-2
3.746140930E1,-1.118561774E-1,-1.278356276E-2,3.622009605E-2
3.746655837E1,-1.257050335E-1,-1.491415687E-2,3.622009605E-2
3.747154962E1,-1.299662292E-1,-1.704475097E-2,3.195890784E-2
3.747661967E1,-1.406191885E-1,-1.811004803E-2,2.769771963E-2
3.748171238E1,-1.502068639E-1,-1.917534508E-2,2.343653329E-2
3.748678873E1,-1.597945392E-1,-1.917534508E-2,2.130593918E-2
3.749197722E1,-1.715128124E-1,-2.024064213E-2,2.024064213E-2
3.749671405E1,-1.800351888E-1,-2.343653329E-2,1.384885982E-2
3.750206098E1,-1.938840449E-1,-2.982831374E-2,8.522375487E-3
3.750711311E1,-2.056023031E-1,-3.622009605E-2,5.326484796E-3
3.751224858E1,-2.173205763E-1,-4.048128426E-2,3.195890691E-3
3.751712895E1,-2.279735506E-1,-4.793836176E-2,1.065296936E-3
3.752230723E1,-2.396918088E-1,-5.219954997E-2,-1.065296936E-3
3.752751697E1,-2.535406649E-1,-5.219954997E-2,-4.261187743E-3
3.753238832E1,-2.652589381E-1,-5.326484516E-2,-4.261187743E-3
3.753746957E1,-2.812383771E-1,-5.113425106E-2,-3.195890691E-3
3.754260296E1,-2.929566503E-1,-5.006895587E-2,-3.195890691E-3
3.754761129E1,-3.025443256E-1,-5.006895587E-2,-2.130593872E-3
3.755280093E1,-3.142625988E-1,-4.687306657E-2,-2.130593872E-3
3.755787520E1,-3.227849603E-1,-4.154657945E-2,-1.065296936E-3
3.756292817E1,-3.355685472E-1,-3.515479714E-2,1.065296936E-3
3.756786244E1,-3.419603109E-1,-3.089361079E-2,4.261187743E-3
3.757302864E1,-3.494173884E-1,-2.450183034E-2,4.261187743E-3
3.757797114E1,-3.547438681E-1,-2.130593918E-2,2.130593872E-3
3.758327223E1,-3.590050638E-1,-1.065296959E-2,4.261187743E-3
3.758822838E1,-3.643315434E-1,3.195890691E-3,2.130593872E-3
3.759331354E1,-3.707233369E-1,9.587672539E-3,2.130593872E-3
3.759825619E1,-3.739192188E-1,1.491415687E-2,2.130593872E-3
3.760350921E1,-3.760498166E-1,1.597945392E-2,2.130593872E-3
3.760847666E1,-3.771151006E-1,1.597945392E-2,-1.065296936E-3
3.761358281E1,-3.771151006E-1,1.811004803E-2,-2.130593872E-3
3.761860963E1,-3.771151006E-1,2.130593918E-2,-5.326484796E-3
3.762370468E1,-3.813762963E-1,2.130593918E-2,-5.326484796E-3
3.762872479E1,-3.813762963E-1,1.917534508E-2,-7.457078435E-3
3.763397000E1,-3.792456985E-1,1.597945392E-2,-8.522375487E-3
3.763900593E1,-3.845722079E-1,1.065296959E-2,-6.391781382E-3
3.764411443E1,-3.994863629E-1,5.326484796E-3,-3.195890691E-3
3.764900865E1,-3.930945694E-1,2.024064213E-2,-1.065296959E-2
3.765413068E1,-3.803110123E-1,2.876301669E-2,-1.597945392E-2
3.765895360E1,-3.771151006E-1,1.704475097E-2,-1.597945392E-2
3.766436005E1,-3.781804144E-1,5.326484796E-3,-1.384885982E-2
3.766928573E1,-3.781804144E-1,0.000000000E0,-1.491415687E-2
3.767441880E1,-3.803110123E-1,0.000000000E0,-1.491415687E-2
3.767944308E1,-3.835068941E-1,-1.065296936E-3,-1.704475097E-2
3.768459162E1,-3.824416101E-1,0.000000000E0,-1.811004803E-2
3.768964141E1,-3.813762963E-1,-2.130593872E-3,-2.237123623E-2
3.769469938E1,-3.792456985E-1,-5.326484796E-3,-2.556712553E-2
3.770001949E1,-3.760498166E-1,-1.171826664E-2,-2.876301669E-2
3.770484636E1,-3.749845326E-1,-1.811004803E-2,-3.515479714E-2
3.770968673E1,-3.728539348E-1,-2.450183034E-2,-3.941598535E-2
3.771502475E1,-3.707233369E-1,-2.450183034E-2,-4.048128426E-2
3.771996350E1,-3.696580231E-1,-2.450183034E-2,-4.580776766E-2
3.772545417E1,-3.717886209E-1,-2.237123623E-2,-4.793836176E-2
3.773018819E1,-3.771151006E-1,-2.343653329E-2,-5.006895587E-2
3.773528683E1,-3.898986876E-1,-2.556712553E-2,-5.219954997E-2
3.774034814E1,-3.952251673E-1,-1.278356276E-2,-5.646073818E-2
3.774551490E1,-3.909639716E-1,0.000000000E0,-6.178722158E-2
3.775051423E1,-3.952251673E-1,-6.391781382E-3,-6.498311460E-2
3.775554277E1,-3.994863629E-1,-1.811004803E-2,-6.711370498E-2
3.776056402E1,-4.069434404E-1,-2.450183034E-2,-7.244019210E-2
3.776577960E1,-4.122699201E-1,-2.876301669E-2,-7.244019210E-2
3.777069658E1,-4.165311158E-1,-3.089361079E-2,-7.670138031E-2
3.777585501E1,-4.218575954E-1,-3.089361079E-2,-7.670138031E-2
3.778088152E1,-4.218575954E-1,-2.982831374E-2,-8.096256852E-2
3.778597335E1,-4.261187613E-1,-2.450183034E-2,-8.522375673E-2
3.779111293E1,-4.293146729E-1,-1.811004803E-2,-9.055023640E-2
3.779615408E1,-4.314452708E-1,-9.587672539E-3,-9.694202244E-2
3.780117455E1,-4.357064366E-1,-1.065296936E-3,-1.033338010E-1
3.780623043E1,-4.367717505E-1,7.457078435E-3,-1.075949892E-1
3.781132028E1,-4.367717505E-1,1.384885982E-2,-1.139867753E-1
3.781659048E1,-4.357064366E-1,2.237123623E-2,-1.225091442E-1
3.782145554E1,-4.389023483E-1,2.769771963E-2,-1.310315281E-1
3.782652549E1,-4.431635141E-1,3.089361079E-2,-1.374233067E-1
3.783157679E1,-4.420982301E-1,3.622009605E-2,-1.459456831E-1
3.783677497E1,-4.442288280E-1,4.367717355E-2,-1.565986425E-1
3.784187648E1,-4.442288280E-1,4.580776766E-2,-1.629904360E-1
3.784703278E1,-4.442288280E-1,5.113425106E-2,-1.683169156E-1
3.785185122E1,-4.452941120E-1,5.539543927E-2,-1.736433953E-1
3.785717830E1,-4.431635141E-1,5.752603337E-2,-1.768392920E-1
3.786195888E1,-4.410329461E-1,6.072192639E-2,-1.789698899E-1
3.786732747E1,-4.378370345E-1,6.178722158E-2,-1.789698899E-1
3.787217935E1,-4.314452708E-1,6.391781569E-2,-1.779045910E-1
3.787731466E1,-4.239881933E-1,7.137489319E-2,-1.757739931E-1
3.788229997E1,-4.133352041E-1,7.989726961E-2,-1.736433953E-1
3.788737325E1,-4.058781266E-1,9.161553532E-2,-1.693822145E-1
3.789257560E1,-3.952251673E-1,9.694202244E-2,-1.672516167E-1
3.789756664E1,-3.835068941E-1,1.033338010E-1,-1.661863178E-1
3.790263841E1,-3.739192188E-1,1.086602882E-1,-1.597945392E-1
3.790765940E1,-3.611356616E-1,1.097255871E-1,-1.608598381E-1
3.791292372E1,-3.462215066E-1,1.118561774E-1,-1.597945392E-1
3.791782180E1,-3.323726356E-1,1.139867753E-1,-1.555333585E-1
3.792285466E1,-3.185237944E-1,1.182479635E-1,-1.534027606E-1
3.792809211E1,-2.993484437E-1,1.225091442E-1,-1.534027606E-1
3.793297847E1,-2.844342887E-1,1.235744432E-1,-1.534027606E-1
3.793829722E1,-2.695201337E-1,1.225091442E-1,-1.523374617E-1
3.794305039E1,-2.535406649E-1,1.225091442E-1,-1.523374617E-1
3.794826571E1,-2.396918088E-1,1.246397421E-1,-1.523374617E-1
3.795326060E1,-2.269082516E-1,1.246397421E-1,-1.534027606E-1
3.795854847E1,-2.130593807E-1,1.214438528E-1,-1.512721628E-1
3.796354300E1,-1.981452256E-1,1.225091442E-1,-1.491415650E-1
3.796872050E1,-1.800351888E-1,1.267703325E-1,-1.491415650E-1
3.797358602E1,-1.629904360E-1,1.299662292E-1,-1.502068639E-1
3.797871811E1,-1.448803842E-1,1.299662292E-1,-1.512721628E-1
3.798372503E1,-1.278356314E-1,1.299662292E-1,-1.523374617E-1
3.798880160E1,-1.118561774E-1,1.342274100E-1,-1.523374617E-1
3.799386441E1,-9.268083423E-2,1.363580078E-1,-1.534027606E-1
3.799902399E1,-7.883197069E-2,1.384886056E-1,-1.544680595E-1
3.800411894E1,-6.498311460E-2,1.427497864E-1,-1.565986425E-1
3.800930144E1,-5.433014408E-2,1.534027606E-1,-1.544680595E-1
3.801413400E1,-4.261187837E-2,1.565986425E-1,-1.555333585E-1
3.801930774E1,-3.089361079E-2,1.512721628E-1,-1.438150853E-1
3.802428634E1,-1.917534508E-2,1.693822145E-1,-1.480762810E-1
3.802939358E1,-4.261187743E-3,1.992105246E-1,-1.651210189E-1
3.803439889E1,1.491415687E-2,2.205164731E-1,-1.672516167E-1
3.803970879E1,2.556712553E-2,2.343653291E-1,-1.683169156E-1
3.804454087E1,3.835069016E-2,2.450182885E-1,-1.661863178E-1
3.804989624E1,4.687306657E-2,2.460835874E-1,-1.629904360E-1
3.805479228E1,5.219954997E-2,2.418224066E-1,-1.640557349E-1
3.805984921E1,5.539543927E-2,2.354306281E-1,-1.597945392E-1
3.806491718E1,5.965662748E-2,2.258429527E-1,-1.576639414E-1
3.806997947E1,6.498311460E-2,2.183858752E-1,-1.555333585E-1
3.807518650E1,6.604841352E-2,2.130593807E-1,-1.480762810E-1
3.808016968E1,6.604841352E-2,2.119940966E-1,-1.406191885E-1
3.808512635E1,6.604841352E-2,2.098634988E-1,-1.331621110E-1
3.809046603E1,6.178722158E-2,2.077329010E-1,-1.235744432E-1
3.809532614E1,5.539543927E-2,2.077329010E-1,-1.129214764E-1
3.810040682E1,5.433014408E-2,2.045370042E-1,-1.043990999E-1
3.810551291E1,4.367717355E-2,1.811004728E-1,-1.118561774E-1
3.811056880E1,2.237123623E-2,1.576639414E-1,-1.129214764E-1
3.811558369E1,4.261187743E-3,1.491415650E-1,-9.907261282E-2
3.812074895E1,-8.522375487E-3,1.448803842E-1,-8.948494494E-2
3.812573802E1,-1.704475097E-2,1.342274100E-1,-8.202786744E-2
3.813084260E1,-2.343653329E-2,1.075949892E-1,-6.924430281E-2
3.813584958E1,-2.769771963E-2,9.055023640E-2,-6.817900389E-2
3.814129901E1,-2.663242258E-2,8.522375673E-2,-6.924430281E-2
3.814603469E1,-2.343653329E-2,7.883197069E-2,-6.604841352E-2
3.815115120E1,-1.917534508E-2,7.670138031E-2,-6.285251677E-2
3.815619167E1,-1.171826664E-2,8.202786744E-2,-6.178722158E-2
3.816101239E1,-5.326484796E-3,7.776667923E-2,-5.752603337E-2
3.816631188E1,-5.326484796E-3,6.391781569E-2,-4.793836176E-2
3.817137141E1,9.587672539E-3,6.285251677E-2,-5.326484516E-2
3.817643240E1,2.876301669E-2,5.219954997E-2,-5.326484516E-2
3.818173286E1,4.793836176E-2,4.900366068E-2,-5.433014408E-2
3.818653318E1,7.244019210E-2,5.006895587E-2,-6.498311460E-2
3.819176448E1,9.587672353E-2,4.474247247E-2,-6.711370498E-2
3.819671375E1,1.129214764E-1,3.622009605E-2,-6.498311460E-2
3.820181526E1,1.267703325E-1,2.769771963E-2,-6.178722158E-2
3.820684448E1,1.363580078E-1,2.556712553E-2,-5.965662748E-2
3.821199938E1,1.470109820E-1,2.556712553E-2,-5.859133229E-2
3.821725959E1,1.619251370E-1,2.769771963E-2,-5.539543927E-2
3.822214058E1,1.768392920E-1,3.302420676E-2,-5.113425106E-2
3.822717219E1,1.906881481E-1,3.941598535E-2,-4.580776766E-2
3.823225214E1,2.066676021E-1,4.474247247E-2,-4.580776766E-2
3.823731589E1,2.205164731E-1,4.474247247E-2,-4.474247247E-2
3.824244277E1,2.333000302E-1,4.580776766E-2,-4.154657945E-2
3.824752152E1,2.407571077E-1,4.474247247E-2,-3.622009605E-2
3.825268350E1,2.514100671E-1,4.261187837E-2,-3.302420676E-2
3.825758001E1,2.620630562E-1,4.154657945E-2,-3.089361079E-2
3.826266610E1,2.695201337E-1,3.941598535E-2,-2.769771963E-2
3.826790756E1,2.759118974E-1,3.728539124E-2,-2.237123623E-2
3.827281277E1,2.812383771E-1,3.728539124E-2,-1.811004803E-2
3.827782709E1,2.801730931E-1,3.515479714E-2,-1.278356276E-2
3.828301251E1,2.801730931E-1,3.089361079E-2,-6.391781382E-3
3.828813449E1,2.801730931E-1,2.663242258E-2,-4.261187743E-3
3.829327236E1,2.791078091E-1,2.343653329E-2,-2.130593872E-3
3.829811856E1,2.737812996E-1,2.237123623E-2,1.065296936E-3
3.830334835E1,2.652589381E-1,1.704475097E-2,3.195890691E-3
3.830840632E1,2.556712627E-1,1.171826664E-2,6.391781382E-3
3.831343996E1,2.439530045E-1,5.326484796E-3,7.457078435E-3
3.831857793E1,2.354306281E-1,0.000000000E0,1.065296959E-2
3.832370012E1,2.237123549E-1,0.000000000E0,1.171826664E-2
3.832871621E1,2.087981999E-1,3.195890691E-3,1.384885982E-2
3.833367741E1,1.917534471E-1,0.000000000E0,1.278356276E-2
3.833869913E1,1.757739931E-1,-7.457078435E-3,1.384885982E-2
3.834393788E1,1.565986425E-1,-1.384885982E-2,1.065296959E-2
3.834883840E1,1.342274100E-1,-1.917534508E-2,1.065296959E-2
3.835395476E1,1.118561774E-1,-2.237123623E-2,1.171826664E-2
3.835905538E1,9.055023640E-2,-2.237123623E-2,8.522375487E-3
3.836411830E1,6.924430281E-2,-2.130593918E-2,5.326484796E-3
3.836937523E1,4.900366068E-2,-2.769771963E-2,2.130593872E-3
3.837420611E1,2.982831374E-2,-2.982831374E-2,-2.130593872E-3
3.837936627E1,1.278356276E-2,-2.663242258E-2,-7.457078435E-3
3.838464502E1,-4.261187743E-3,-2.982831374E-2,-1.491415687E-2
3.838937487E1,-2.343653329E-2,-3.302420676E-2,-2.343653329E-2
3.839464028E1,-4.367717355E-2,-4.048128426E-2,-3.515479714E-2
3.839958091E1,-6.178722158E-2,-4.474247247E-2,-3.941598535E-2
3.840489987E1,-7.776667923E-2,-4.048128426E-2,-4.687306657E-2
3.840978180E1,-8.948494494E-2,-3.515479714E-2,-5.113425106E-2
3.841483435E1,-9.800732136E-2,-2.982831374E-2,-5.539543927E-2
3.841983544E1,-1.022685021E-1,-2.450183034E-2,-5.752603337E-2
3.842493591E1,-1.022685021E-1,-1.917534508E-2,-5.646073818E-2
3.842996195E1,-9.694202244E-2,-1.704475097E-2,-5.646073818E-2
3.843510883E1,-9.481142461E-2,-1.597945392E-2,-5.539543927E-2
3.844011378E1,-8.735434711E-2,-1.171826664E-2,-5.433014408E-2
3.844545987E1,-8.202786744E-2,-2.130593872E-3,-5.433014408E-2
3.845031482E1,-7.563608140E-2,-3.195890691E-3,-5.859133229E-2
3.845573133E1,-7.350549102E-2,-5.326484796E-3,-5.646073818E-2
3.846050529E1,-7.030959427E-2,-2.130593872E-3,-5.113425106E-2
3.846557664E1,-6.817900389E-2,1.065296936E-3,-4.900366068E-2
3.847073935E1,-6.285251677E-2,0.000000000E0,-4.687306657E-2
3.847583175E1,-6.072192639E-2,0.000000000E0,-4.367717355E-2
3.848070998E1,-6.072192639E-2,7.457078435E-3,-3.941598535E-2
3.848586883E1,-5.539543927E-2,2.876301669E-2,-4.367717355E-2
3.849080607E1,1.065296959E-2,1.033338010E-1,-4.687306657E-2
3.849600821E1,1.310315281E-1,1.864269674E-1,-5.539543927E-2
3.850095092E1,2.077329010E-1,1.320968270E-1,-5.646073818E-2
3.850642144E1,2.162552774E-1,1.065296959E-2,-3.728539124E-2
3.851112154E1,1.683169156E-1,-9.055023640E-2,-4.048128426E-2
3.851593212E1,9.374613315E-2,-1.214438528E-1,-4.474247247E-2
3.852123728E1,2.343653329E-2,-5.965662748E-2,-2.982831374E-2
3.852643852E1,-2.237123623E-2,2.237123623E-2,-3.195890691E-3
3.853106821E1,-6.178722158E-2,4.900366068E-2,1.917534508E-2
3.853650483E1,-6.924430281E-2,8.309315890E-2,-2.130593872E-3
3.854151665E1,-3.515479714E-2,1.257050335E-1,-1.597945392E-2
3.854683946E1,-2.130593872E-3,1.257050335E-1,-1.065296959E-2
3.855173973E1,2.130593918E-2,9.055023640E-2,-1.065296959E-2
3.855682858E1,3.408950195E-2,4.687306657E-2,-1.597945392E-2
3.856185530E1,4.261187837E-2,1.704475097E-2,-1.917534508E-2
3.856694176E1,4.048128426E-2,1.704475097E-2,-2.237123623E-2
3.857196749E1,3.089361079E-2,3.622009605E-2,-2.450183034E-2
3.857714692E1,2.024064213E-2,6.178722158E-2,-1.917534508E-2
3.858223259E1,1.278356276E-2,7.776667923E-2,-1.597945392E-2
3.858725306E1,6.391781382E-3,8.522375673E-2,-1.171826664E-2
3.859270244E1,6.391781382E-3,8.628904819E-2,-6.391781382E-3
3.859748666E1,1.704475097E-2,8.522375673E-2,0.000000000E0
3.860248536E1,3.089361079E-2,8.522375673E-2,0.000000000E0
3.860751577E1,4.793836176E-2,8.735434711E-2,2.130593872E-3
3.861255119E1,6.285251677E-2,9.374613315E-2,3.195890691E-3
3.861763853E1,7.883197069E-2,1.043990999E-1,6.391781382E-3
3.862272604E1,1.022685021E-1,1.086602882E-1,7.457078435E-3
3.862819213E1,1.225091442E-1,9.907261282E-2,9.587672539E-3
3.863290911E1,1.395539045E-1,8.628904819E-2,1.491415687E-2
3.863803802E1,1.534027606E-1,8.415845782E-2,2.130593918E-2
3.864304489E1,1.651210189E-1,9.268083423E-2,2.876301669E-2
3.864815911E1,1.651210189E-1,1.012032107E-1,3.622009605E-2
3.865324927E1,1.672516167E-1,1.065296903E-1,4.261187837E-2
3.865825411E1,1.672516167E-1,1.150520667E-1,5.006895587E-2
3.866333104E1,1.661863178E-1,1.246397421E-1,5.646073818E-2
3.866840312E1,1.640557349E-1,1.299662292E-1,6.391781569E-2
3.867343286E1,1.629904360E-1,1.289009303E-1,6.924430281E-2
3.867861437E1,1.587292403E-1,1.257050335E-1,7.244019210E-2
3.868374917E1,1.576639414E-1,1.171826646E-1,7.776667923E-2
3.868867219E1,1.534027606E-1,1.075949892E-1,8.096256852E-2
3.869372667E1,1.491415650E-1,9.587672353E-2,8.415845782E-2
3.869915182E1,1.448803842E-1,8.948494494E-2,8.522375673E-2
3.870415723E1,1.406191885E-1,8.415845782E-2,8.628904819E-2
3.870914412E1,1.416844875E-1,7.989726961E-2,8.948494494E-2
3.871402453E1,1.448803842E-1,7.776667923E-2,9.055023640E-2
3.871922922E1,1.491415650E-1,7.563608140E-2,8.841964602E-2
3.872427933E1,1.480762810E-1,6.498311460E-2,8.735434711E-2
3.872924558E1,1.406191885E-1,5.433014408E-2,8.415845782E-2
3.873425652E1,1.331621110E-1,4.687306657E-2,8.096256852E-2
3.873943276E1,1.182479635E-1,3.622009605E-2,7.457078248E-2
3.874445485E1,8.948494494E-2,1.171826664E-2,7.670138031E-2
3.874955182E1,7.244019210E-2,1.384885982E-2,6.924430281E-2
3.875453917E1,6.498311460E-2,2.343653329E-2,5.539543927E-2
3.875977006E1,5.006895587E-2,6.391781382E-3,5.113425106E-2
3.876475292E1,2.769771963E-2,-1.278356276E-2,4.687306657E-2
3.876978131E1,5.326484796E-3,-1.811004803E-2,3.941598535E-2
3.877499017E1,-2.024064213E-2,-2.237123623E-2,3.302420676E-2
3.878015350E1,-4.687306657E-2,-3.408950195E-2,2.450183034E-2
3.878500209E1,-7.457078248E-2,-4.154657945E-2,1.704475097E-2
3.879009590E1,-1.022685021E-1,-4.900366068E-2,1.065296959E-2
3.879509459E1,-1.235744432E-1,-6.178722158E-2,5.326484796E-3
3.880039188E1,-1.459456831E-1,-7.350549102E-2,-1.065296936E-3
3.880543814E1,-1.693822145E-1,-8.096256852E-2,-5.326484796E-3
3.881046386E1,-1.896228492E-1,-8.841964602E-2,-9.587672539E-3
3.881550460E1,-2.077329010E-1,-9.587672353E-2,-1.491415687E-2
3.882065309E1,-2.343653291E-1,-1.012032107E-1,-1.811004803E-2
3.882562121E1,-2.588671446E-1,-1.107908785E-1,-2.237123623E-2
3.883067356E1,-2.833689749E-1,-1.193132550E-1,-2.876301669E-2
3.883586095E1,-3.100014031E-1,-1.299662292E-1,-3.408950195E-2
3.884080746E1,-3.398297131E-1,-1.395539045E-1,-3.728539124E-2
3.884587257E1,-3.664621413E-1,-1.480762810E-1,-4.367717355E-2
3.885108137E1,-3.952251673E-1,-1.597945392E-1,-5.326484516E-2
3.885593726E1,-4.239881933E-1,-1.683169156E-1,-5.646073818E-2
3.886115200E1,-4.591429830E-1,-1.811004728E-1,-6.498311460E-2
3.886612445E1,-5.038854480E-1,-1.949493438E-1,-7.350549102E-2
3.887136293E1,-5.464973450E-1,-1.992105246E-1,-8.415845782E-2
3.887636236E1,-5.805868506E-1,-1.874922663E-1,-9.161553532E-2
3.888145689E1,-5.933703780E-1,-1.683169156E-1,-9.268083423E-2
3.888651309E1,-6.029580832E-1,-1.693822145E-1,-9.055023640E-2
3.889159950E1,-5.933703780E-1,-1.576639414E-1,-8.415845782E-2
3.889779012E1,-5.763256550E-1,-1.534027606E-1,-8.202786744E-2
3.890179377E1,-5.731297731E-1,-1.683169156E-1,-8.202786744E-2
3.890671565E1,-5.709991455E-1,-1.693822145E-1,-8.096256852E-2
3.891182544E1,-5.646073818E-1,-1.661863178E-1,-8.202786744E-2
3.891698617E1,-5.560849905E-1,-1.629904360E-1,-8.415845782E-2
3.892192268E1,-5.401055217E-1,-1.534027606E-1,-7.989726961E-2
3.892718284E1,-5.070813298E-1,-1.320968270E-1,-7.776667923E-2
3.893205877E1,-4.623388648E-1,-1.150520667E-1,-7.457078248E-2
3.893719075E1,-4.218575954E-1,-1.107908785E-1,-6.391781569E-2
3.894215289E1,-3.813762963E-1,-1.001379117E-1,-5.433014408E-2
3.894733367E1,-3.398297131E-1,-8.735434711E-2,-4.261187837E-2
3.895249482E1,-3.025443256E-1,-7.563608140E-2,-2.982831374E-2
3.895750492E1,-2.716507316E-1,-6.285251677E-2,-1.704475097E-2
3.896247680E1,-2.407571077E-1,-4.048128426E-2,0.000000000E0
3.896759711E1,-2.077329010E-1,-1.811004803E-2,1.597945392E-2
3.897261164E1,-1.704475135E-1,7.457078435E-3,2.769771963E-2
3.897774315E1,-1.299662292E-1,3.195890784E-2,4.048128426E-2
3.898278295E1,-9.055023640E-2,5.113425106E-2,5.433014408E-2
3.898786206E1,-5.433014408E-2,7.244019210E-2,6.924430281E-2
3.899292915E1,-2.024064213E-2,9.374613315E-2,8.202786744E-2
3.899807513E1,8.522375487E-3,1.097255871E-1,8.841964602E-2
3.900303597E1,3.515479714E-2,1.203785539E-1,9.800732136E-2
3.900843899E1,5.859133229E-2,1.310315281E-1,1.033338010E-1
3.901288243E1,7.350549102E-2,1.363580078E-1,1.107908785E-1
3.901828904E1,6.498311460E-2,1.331621110E-1,1.363580078E-1
3.902328977E1,7.350549102E-2,1.587292403E-1,1.289009303E-1
3.902848134E1,9.587672353E-2,1.651210189E-1,1.182479635E-1
3.903344206E1,9.907261282E-2,1.352927089E-1,1.299662292E-1
3.903859087E1,1.214438528E-1,1.502068639E-1,1.161173657E-1
3.904358576E1,1.427497864E-1,1.544680595E-1,9.800732136E-2
3.904874378E1,1.534027606E-1,1.438150853E-1,9.587672353E-2
3.905377321E1,1.565986425E-1,1.342274100E-1,9.481142461E-2
3.905889524E1,1.523374617E-1,1.310315281E-1,9.161553532E-2
3.906396363E1,1.491415650E-1,1.331621110E-1,9.374613315E-2
3.906906379E1,1.512721628E-1,1.459456831E-1,9.268083423E-2
3.907404056E1,1.704475135E-1,1.629904360E-1,8.841964602E-2
3.907913243E1,1.970799267E-1,1.704475135E-1,8.415845782E-2
3.908423160E1,2.151899785E-1,1.619251370E-1,8.096256852E-2
3.908949254E1,2.226470560E-1,1.512721628E-1,7.989726961E-2
3.909458129E1,2.205164731E-1,1.427497864E-1,7.989726961E-2
3.909945619E1,2.098634988E-1,1.352927089E-1,7.989726961E-2
3.910446207E1,1.970799267E-1,1.299662292E-1,8.415845782E-2
3.910982567E1,1.874922663E-1,1.257050335E-1,9.374613315E-2
3.911465265E1,1.917534471E-1,1.278356314E-1,1.001379117E-1
3.911992405E1,2.024064213E-1,1.310315281E-1,1.022685021E-1
3.912473327E1,2.162552774E-1,1.246397421E-1,1.065296903E-1
3.912985114E1,2.279735506E-1,1.139867753E-1,1.107908785E-1
3.913490406E1,2.364959270E-1,1.065296903E-1,1.129214764E-1
3.914001057E1,2.375612110E-1,1.012032107E-1,1.161173657E-1
3.914510630E1,2.386265099E-1,9.907261282E-2,1.161173657E-1
3.915014051E1,2.418224066E-1,1.012032107E-1,1.107908785E-1
3.915533828E1,2.450182885E-1,1.001379117E-1,1.065296903E-1
3.916030187E1,2.503447831E-1,1.012032107E-1,1.054643989E-1
3.916536724E1,2.482141852E-1,9.907261282E-2,1.022685021E-1
3.917052635E1,2.407571077E-1,9.161553532E-2,9.481142461E-2
3.917568739E1,2.290388346E-1,9.161553532E-2,8.841964602E-2
3.918050343E1,2.109287977E-1,8.628904819E-2,8.309315890E-2
3.918569526E1,1.885575503E-1,8.522375673E-2,8.096256852E-2
3.919070807E1,1.608598381E-1,8.415845782E-2,7.989726961E-2
3.919589995E1,1.289009303E-1,7.457078248E-2,7.776667923E-2
3.920052682E1,9.587672353E-2,6.817900389E-2,7.244019210E-2
3.920590802E1,6.711370498E-2,6.711370498E-2,6.817900389E-2
3.921112656E1,5.006895587E-2,7.030959427E-2,6.711370498E-2
3.921590391E1,4.048128426E-2,7.030959427E-2,6.391781569E-2
3.922123037E1,3.941598535E-2,7.030959427E-2,6.178722158E-2
3.922623734E1,4.687306657E-2,7.030959427E-2,5.539543927E-2
3.923129130E1,6.604841352E-2,7.350549102E-2,5.006895587E-2
3.923629594E1,8.202786744E-2,7.776667923E-2,4.900366068E-2
3.924148584E1,9.907261282E-2,7.670138031E-2,4.900366068E-2
3.924645615E1,1.129214764E-1,7.137489319E-2,4.793836176E-2
3.925187855E1,1.289009303E-1,6.391781569E-2,5.006895587E-2
3.925666313E1,1.331621110E-1,5.752603337E-2,5.539543927E-2
3.926175776E1,1.235744432E-1,4.154657945E-2,6.178722158E-2
3.926678777E1,1.054643989E-1,2.876301669E-2,7.030959427E-2
3.927183485E1,9.268083423E-2,2.876301669E-2,6.924430281E-2
3.927690350E1,7.776667923E-2,2.343653329E-2,7.030959427E-2
3.928199407E1,5.646073818E-2,1.065296959E-2,7.350549102E-2
3.928706220E1,2.769771963E-2,-5.326484796E-3,7.244019210E-2
3.929215480E1,-4.261187743E-3,-1.278356276E-2,7.137489319E-2
3.929715115E1,-3.089361079E-2,-1.597945392E-2,7.030959427E-2
3.930230371E1,-5.539543927E-2,-1.384885982E-2,6.711370498E-2
3.930739631E1,-7.883197069E-2,-1.384885982E-2,6.391781569E-2
3.931241662E1,-1.022685021E-1,-1.278356276E-2,6.072192639E-2
3.931762293E1,-1.203785539E-1,-1.597945392E-2,4.900366068E-2
3.932262918E1,-1.331621110E-1,-1.704475097E-2,4.261187837E-2
3.932758803E1,-1.459456831E-1,-1.704475097E-2,3.195890784E-2
3.933274413E1,-1.555333585E-1,-2.343653329E-2,2.024064213E-2
3.933785741E1,-1.661863178E-1,-3.728539124E-2,1.171826664E-2
3.934297897E1,-1.747086942E-1,-4.793836176E-2,-1.065296936E-3
3.934789600E1,-1.768392920E-1,-5.539543927E-2,-1.171826664E-2
3.935321928E1,-1.842963696E-1,-6.924430281E-2,-2.130593918E-2
3.935805126E1,-2.056023031E-1,-9.268083423E-2,-3.195890784E-2
3.936318319E1,-2.269082516E-1,-1.075949892E-1,-4.261187837E-2
3.936824330E1,-2.524753809E-1,-1.150520667E-1,-5.433014408E-2
3.937335158E1,-2.823036909E-1,-1.225091442E-1,-6.178722158E-2
3.937836272E1,-3.078708053E-1,-1.235744432E-1,-7.244019210E-2
3.938344731E1,-3.302420378E-1,-1.225091442E-1,-8.096256852E-2
3.938850788E1,-3.451561928E-1,-1.193132550E-1,-8.948494494E-2
3.939380814E1,-3.536785841E-1,-1.171826646E-1,-9.587672353E-2
3.939865132E1,-3.579397798E-1,-1.182479635E-1,-1.001379117E-1
3.940380929E1,-3.547438681E-1,-1.171826646E-1,-1.033338010E-1
3.940874273E1,-3.419603109E-1,-1.139867753E-1,-1.043990999E-1
3.941417309E1,-3.259808719E-1,-1.097255871E-1,-1.033338010E-1
3.941898091E1,-3.078708053E-1,-1.065296903E-1,-1.043990999E-1
3.942414591E1,-2.812383771E-1,-1.001379117E-1,-1.043990999E-1
3.942912132E1,-2.567365468E-1,-9.374613315E-2,-1.033338010E-1
3.943418320E1,-2.290388346E-1,-8.628904819E-2,-9.800732136E-2
3.943940211E1,-2.056023031E-1,-8.096256852E-2,-9.481142461E-2
3.944444773E1,-1.832310706E-1,-7.457078248E-2,-8.735434711E-2
3.944946075E1,-1.640557349E-1,-6.178722158E-2,-8.202786744E-2
3.945449263E1,-1.470109820E-1,-5.006895587E-2,-7.989726961E-2
3.945948528E1,-1.289009303E-1,-4.048128426E-2,-7.670138031E-2
3.946461284E1,-1.118561774E-1,-2.876301669E-2,-7.030959427E-2
3.946958346E1,-1.012032107E-1,-2.450183034E-2,-6.711370498E-2
3.947469607E1,-8.735434711E-2,-1.917534508E-2,-5.965662748E-2
3.947974310E1,-7.030959427E-2,-1.278356276E-2,-5.219954997E-2
3.948483836E1,-5.219954997E-2,-6.391781382E-3,-4.687306657E-2
3.948991289E1,-3.408950195E-2,1.065296936E-3,-3.941598535E-2
3.949500784E1,-1.704475097E-2,6.391781382E-3,-3.302420676E-2
3.950002362E1,6.391781382E-3,9.587672539E-3,-2.769771963E-2
3.950535237E1,3.195890784E-2,1.065296959E-2,-2.556712553E-2
3.951029237E1,5.539543927E-2,1.278356276E-2,-2.024064213E-2
3.951528571E1,7.776667923E-2,1.491415687E-2,-1.171826664E-2
3.952033034E1,9.587672353E-2,2.024064213E-2,-5.326484796E-3
3.952563237E1,1.107908785E-1,2.343653329E-2,0.000000000E0
3.953065686E1,1.214438528E-1,2.769771963E-2,5.326484796E-3
3.953560529E1,1.342274100E-1,2.876301669E-2,9.587672539E-3
3.954068217E1,1.491415650E-1,2.556712553E-2,1.278356276E-2
3.954578847E1,1.608598381E-1,2.769771963E-2,1.597945392E-2
3.955073545E1,1.693822145E-1,3.195890784E-2,1.917534508E-2
3.955586149E1,1.768392920E-1,3.941598535E-2,2.024064213E-2
3.956093509E1,1.789698899E-1,4.687306657E-2,1.917534508E-2
3.956600910E1,1.811004728E-1,5.433014408E-2,1.811004803E-2
3.957112462E1,1.811004728E-1,5.859133229E-2,1.811004803E-2
3.957615264E1,1.821657717E-1,6.817900389E-2,1.384885982E-2
3.958134983E1,1.768392920E-1,7.563608140E-2,1.065296959E-2
3.958642285E1,1.747086942E-1,8.735434711E-2,6.391781382E-3
3.959132811E1,1.715128124E-1,9.694202244E-2,0.000000000E0
3.959663134E1,1.672516167E-1,1.012032107E-1,-6.391781382E-3
3.960184546E1,1.619251370E-1,1.022685021E-1,-8.522375487E-3
3.960684504E1,1.608598381E-1,1.043990999E-1,-1.278356276E-2
3.961165790E1,1.576639414E-1,1.107908785E-1,-1.704475097E-2
3.961695218E1,1.555333585E-1,1.118561774E-1,-2.237123623E-2
3.962178983E1,1.555333585E-1,1.086602882E-1,-2.343653329E-2
3.962699640E1,1.555333585E-1,1.054643989E-1,-2.556712553E-2
3.963187905E1,1.555333585E-1,1.012032107E-1,-2.769771963E-2
3.963702551E1,1.565986425E-1,9.694202244E-2,-2.663242258E-2
3.964211562E1,1.565986425E-1,9.268083423E-2,-2.450183034E-2
3.964715129E1,1.534027606E-1,9.055023640E-2,-1.811004803E-2
3.965246551E1,1.523374617E-1,8.628904819E-2,-1.384885982E-2
3.965741249E1,1.523374617E-1,8.096256852E-2,-8.522375487E-3
3.966234546E1,1.438150853E-1,7.563608140E-2,-7.457078435E-3
3.966755140E1,1.289009303E-1,6.604841352E-2,-3.195890691E-3
3.967244869E1,1.139867753E-1,6.178722158E-2,1.065296936E-3
3.967752921E1,9.907261282E-2,5.859133229E-2,3.195890691E-3
3.968265593E1,8.522375673E-2,5.326484516E-2,3.195890691E-3
3.968784432E1,6.498311460E-2,5.433014408E-2,1.065296936E-3
3.969273265E1,4.687306657E-2,5.113425106E-2,-3.195890691E-3
3.969786343E1,2.876301669E-2,4.793836176E-2,-7.457078435E-3
3.970288520E1,9.587672539E-3,4.900366068E-2,-1.278356276E-2
3.970816119E1,-8.522375487E-3,5.326484516E-2,-1.597945392E-2
3.971308890E1,-2.237123623E-2,5.752603337E-2,-2.343653329E-2
3.971827396E1,-3.302420676E-2,5.646073818E-2,-2.663242258E-2
3.972334771E1,-4.154657945E-2,5.433014408E-2,-3.195890784E-2
3.972828323E1,-5.539543927E-2,5.646073818E-2,-4.048128426E-2
3.973330490E1,-6.817900389E-2,5.859133229E-2,-4.367717355E-2
3.973846422E1,-7.670138031E-2,5.965662748E-2,-4.793836176E-2
3.974341214E1,-8.522375673E-2,5.965662748E-2,-5.326484516E-2
3.974858761E1,-9.055023640E-2,5.965662748E-2,-5.646073818E-2
3.975359151E1,-9.587672353E-2,5.859133229E-2,-5.859133229E-2
3.975870438E1,-1.033338010E-1,5.539543927E-2,-5.965662748E-2
3.976396901E1,-1.107908785E-1,5.006895587E-2,-6.285251677E-2
3.976887183E1,-1.203785539E-1,4.580776766E-2,-6.391781569E-2
3.977382407E1,-1.374233067E-1,3.515479714E-2,-6.178722158E-2
3.977902459E1,-1.757739931E-1,1.917534508E-2,-4.687306657E-2
3.978409980E1,-1.842963696E-1,5.006895587E-2,-6.285251677E-2
3.978935657E1,-1.779045910E-1,6.498311460E-2,-7.563608140E-2
3.979416751E1,-1.811004728E-1,5.006895587E-2,-7.563608140E-2
3.979941105E1,-1.938840449E-1,2.876301669E-2,-7.776667923E-2
3.980431199E1,-2.087981999E-1,1.597945392E-2,-7.989726961E-2
3.980938058E1,-2.215817571E-1,9.587672539E-3,-8.202786744E-2
3.981448292E1,-2.311694324E-1,6.391781382E-3,-8.522375673E-2
3.981965152E1,-2.418224066E-1,2.130593872E-3,-9.055023640E-2
3.982467871E1,-2.514100671E-1,-1.065296936E-3,-9.161553532E-2
3.982974647E1,-2.588671446E-1,3.195890691E-3,-8.628904819E-2
3.983482048E1,-2.641936541E-1,3.195890691E-3,-8.415845782E-2
3.983995037E1,-2.684548199E-1,8.522375487E-3,-8.096256852E-2
3.984489314E1,-2.695201337E-1,8.522375487E-3,-7.670138031E-2
3.985006256E1,-2.737812996E-1,6.391781382E-3,-7.350549102E-2
3.985510512E1,-2.759118974E-1,9.587672539E-3,-7.244019210E-2
3.986017939E1,-2.929566503E-1,-1.065296936E-3,-5.646073818E-2
3.986516809E1,-2.940219641E-1,2.024064213E-2,-6.498311460E-2
3.987025439E1,-2.801730931E-1,3.089361079E-2,-7.670138031E-2
3.987527126E1,-2.737812996E-1,2.024064213E-2,-7.244019210E-2
3.988042413E1,-2.727160156E-1,3.195890691E-3,-7.244019210E-2
3.988558767E1,-2.812383771E-1,-9.587672539E-3,-7.563608140E-2
3.989052548E1,-2.918913662E-1,-2.024064213E-2,-7.670138031E-2
3.989554621E1,-3.014790416E-1,-2.769771963E-2,-7.883197069E-2
3.990074241E1,-3.142625988E-1,-3.728539124E-2,-8.415845782E-2
3.990578830E1,-3.323726356E-1,-4.474247247E-2,-8.628904819E-2
3.991105205E1,-3.494173884E-1,-5.113425106E-2,-9.268083423E-2
3.991585127E1,-3.696580231E-1,-6.072192639E-2,-9.800732136E-2
3.992100928E1,-3.898986876E-1,-7.030959427E-2,-1.001379117E-1
3.992600330E1,-4.122699201E-1,-7.776667923E-2,-1.043990999E-1
3.993116346E1,-4.367717505E-1,-8.735434711E-2,-1.075949892E-1
3.993616648E1,-4.623388648E-1,-9.587672353E-2,-1.129214764E-1
3.994149450E1,-4.836448133E-1,-1.043990999E-1,-1.161173657E-1
3.994634960E1,-5.038854480E-1,-1.150520667E-1,-1.214438528E-1
3.995144101E1,-5.241261125E-1,-1.235744432E-1,-1.214438528E-1
3.995648789E1,-5.422361493E-1,-1.374233067E-1,-1.246397421E-1
3.996157617E1,-5.624767542E-1,-1.534027606E-1,-1.299662292E-1
3.996671054E1,-5.848480463E-1,-1.683169156E-1,-1.331621110E-1
3.997170502E1,-6.072192788E-1,-1.800351888E-1,-1.384886056E-1
3.997701830E1,-6.317210793E-1,-1.917534471E-1,-1.448803842E-1
3.998183450E1,-6.540923119E-1,-2.077329010E-1,-1.480762810E-1
3.998694737E1,-6.775288582E-1,-2.226470560E-1,-1.523374617E-1
3.999195482E1,-7.105530500E-1,-2.428877056E-1,-1.502068639E-1
3.999708523E1,-7.425119877E-1,-2.460835874E-1,-1.523374617E-1
4.000236341E1,-7.531649470E-1,-2.343653291E-1,-1.640557349E-1
4.000715451E1,-7.670137882E-1,-2.407571077E-1,-1.661863178E-1
4.001234841E1,-7.861891389E-1,-2.535406649E-1,-1.683169156E-1
4.001731107E1,-8.074950576E-1,-2.673895359E-1,-1.725780964E-1
4.002254852E1,-8.298662901E-1,-2.748466134E-1,-1.747086942E-1
4.002744055E1,-8.522375226E-1,-2.812383771E-1,-1.747086942E-1
4.003261279E1,-8.724781871E-1,-2.854995728E-1,-1.736433953E-1
4.003756727E1,-8.927188516E-1,-2.886954844E-1,-1.736433953E-1
4.004270045E1,-9.129594564E-1,-2.918913662E-1,-1.747086942E-1
4.004778248E1,-9.289389253E-1,-2.961525619E-1,-1.693822145E-1
4.005282774E1,-9.438530803E-1,-2.982831299E-1,-1.608598381E-1
4.005792305E1,-9.534407854E-1,-2.950872481E-1,-1.555333585E-1
4.006309040E1,-9.619631171E-1,-2.950872481E-1,-1.512721628E-1
4.006800847E1,-9.694201946E-1,-3.014790416E-1,-1.459456831E-1
4.007334998E1,-9.768772721E-1,-3.100014031E-1,-1.438150853E-1
4.007827488E1,-9.800731540E-1,-3.121320009E-1,-1.416844875E-1
4.008345097E1,-9.779425859E-1,-3.089361191E-1,-1.384886056E-1
4.008829368E1,-9.747467041E-1,-3.046749234E-1,-1.406191885E-1
4.009340024E1,-9.672896266E-1,-2.982831299E-1,-1.406191885E-1
4.009812301E1,-9.587672353E-1,-2.993484437E-1,-1.448803842E-1
4.010373420E1,-9.545060396E-1,-2.982831299E-1,-1.459456831E-1
4.010861561E1,-9.427877665E-1,-2.897607684E-1,-1.448803842E-1
4.011370837E1,-9.278736115E-1,-2.791078091E-1,-1.438150853E-1
4.011880910E1,-9.118942022E-1,-2.727160156E-1,-1.459456831E-1
4.012381863E1,-9.044371247E-1,-2.737812996E-1,-1.352927089E-1
4.012899332E1,-8.841964602E-1,-2.524753809E-1,-1.448803842E-1
4.013428374E1,-8.479763865E-1,-2.375612110E-1,-1.597945392E-1
4.013916264E1,-8.234745264E-1,-2.439530045E-1,-1.640557349E-1
4.014427056E1,-8.000379801E-1,-2.439530045E-1,-1.629904360E-1
4.014880770E1,-7.755361795E-1,-2.333000302E-1,-1.672516167E-1
4.015432431E1,-7.542302012E-1,-2.237123549E-1,-1.725780964E-1
4.015929968E1,-7.350549102E-1,-2.151899785E-1,-1.747086942E-1
4.016438020E1,-7.180101275E-1,-2.066676021E-1,-1.725780964E-1
4.016962353E1,-7.041612864E-1,-1.928187460E-1,-1.715128124E-1
4.017472082E1,-6.913776994E-1,-1.725780964E-1,-1.715128124E-1
4.017989598E1,-6.775288582E-1,-1.534027606E-1,-1.672516167E-1
4.018472374E1,-6.668758988E-1,-1.406191885E-1,-1.661863178E-1
4.018968484E1,-6.530269980E-1,-1.289009303E-1,-1.640557349E-1
4.019497583E1,-6.434393525E-1,-1.193132550E-1,-1.629904360E-1
4.019986322E1,-6.306557655E-1,-1.139867753E-1,-1.597945392E-1
4.020520531E1,-6.168069243E-1,-1.054643989E-1,-1.555333585E-1
4.021001479E1,-6.061539650E-1,-1.065296903E-1,-1.544680595E-1
4.021530416E1,-6.018927693E-1,-1.107908785E-1,-1.448803842E-1
4.022034463E1,-5.859133005E-1,-9.800732136E-2,-1.459456831E-1
4.022530916E1,-5.624767542E-1,-1.001379117E-1,-1.470109820E-1
4.023030364E1,-5.464973450E-1,-1.171826646E-1,-1.427497864E-1
4.023553994E1,-5.337137580E-1,-1.331621110E-1,-1.395539045E-1
4.024045463E1,-5.230607986E-1,-1.438150853E-1,-1.352927089E-1
4.024559885E1,-5.124078393E-1,-1.406191885E-1,-1.310315281E-1
4.025055594E1,-5.028201342E-1,-1.363580078E-1,-1.278356314E-1
4.025567005E1,-4.932324886E-1,-1.395539045E-1,-1.246397421E-1
4.026106880E1,-4.804489315E-1,-1.384886056E-1,-1.182479635E-1
4.026570844E1,-4.634041786E-1,-1.342274100E-1,-1.107908785E-1
4.027086443E1,-4.484900236E-1,-1.320968270E-1,-1.043990999E-1
4.027600146E1,-4.357064366E-1,-1.299662292E-1,-1.012032107E-1
4.028096214E1,-4.239881933E-1,-1.278356314E-1,-9.481142461E-2
4.028623313E1,-4.112046063E-1,-1.214438528E-1,-9.055023640E-2
4.029113724E1,-3.973557651E-1,-1.171826646E-1,-8.522375673E-2
4.029630990E1,-3.835068941E-1,-1.118561774E-1,-8.309315890E-2
4.030138849E1,-3.717886209E-1,-1.065296903E-1,-7.776667923E-2
4.030663188E1,-3.622009456E-1,-9.800732136E-2,-7.137489319E-2
4.031141136E1,-3.515479863E-1,-9.374613315E-2,-7.137489319E-2
4.031666829E1,-3.398297131E-1,-8.948494494E-2,-6.924430281E-2
4.032125917E1,-3.302420378E-1,-8.628904819E-2,-6.924430281E-2
4.032665725E1,-3.206543922E-1,-8.735434711E-2,-6.711370498E-2
4.033205673E1,-3.121320009E-1,-8.522375673E-2,-6.604841352E-2
4.033689167E1,-3.025443256E-1,-8.096256852E-2,-6.498311460E-2
4.034190480E1,-2.876301706E-1,-7.989726961E-2,-6.711370498E-2
4.034721673E1,-2.695201337E-1,-7.883197069E-2,-6.604841352E-2
4.035202923E1,-2.535406649E-1,-7.457078248E-2,-6.178722158E-2
4.035708813E1,-2.354306281E-1,-6.711370498E-2,-5.859133229E-2
4.036209147E1,-2.215817571E-1,-6.391781569E-2,-5.752603337E-2
4.036756438E1,-2.087981999E-1,-6.072192639E-2,-5.326484516E-2
4.037231652E1,-1.938840449E-1,-5.752603337E-2,-4.793836176E-2
4.037758361E1,-1.789698899E-1,-5.752603337E-2,-4.154657945E-2
4.038243376E1,-1.683169156E-1,-5.859133229E-2,-3.622009605E-2
4.038764236E1,-1.576639414E-1,-5.752603337E-2,-3.195890784E-2
4.039290991E1,-1.470109820E-1,-5.219954997E-2,-2.876301669E-2
4.039774673E1,-1.363580078E-1,-4.793836176E-2,-2.450183034E-2
4.040267710E1,-1.257050335E-1,-4.367717355E-2,-2.130593918E-2
4.040790085E1,-1.161173657E-1,-3.941598535E-2,-2.024064213E-2
4.041285835E1,-1.086602882E-1,-3.622009605E-2,-1.917534508E-2
4.041804392E1,-9.907261282E-2,-3.195890784E-2,-1.811004803E-2
4.042300351E1,-8.735434711E-2,-2.876301669E-2,-1.597945392E-2
4.042828736E1,-8.415845782E-2,-2.556712553E-2,-1.704475097E-2
4.043318726E1,-7.883197069E-2,-2.343653329E-2,-1.811004803E-2
4.043850924E1,-7.350549102E-2,-1.811004803E-2,-1.917534508E-2
4.044338991E1,-6.817900389E-2,-1.384885982E-2,-2.237123623E-2
4.044841200E1,-6.391781569E-2,-1.384885982E-2,-2.237123623E-2
4.045345585E1,-5.752603337E-2,-1.491415687E-2,-2.237123623E-2
4.045869518E1,-5.433014408E-2,-2.237123623E-2,-2.237123623E-2
4.046360408E1,-5.006895587E-2,-2.237123623E-2,-2.024064213E-2
4.046871955E1,-4.474247247E-2,-1.811004803E-2,-1.811004803E-2
4.047370830E1,-3.622009605E-2,-1.811004803E-2,-1.704475097E-2
4.048077664E1,-2.769771963E-2,-1.384885982E-2,-1.278356276E-2
4.048388070E1,-1.917534508E-2,-9.587672539E-3,-7.457078435E-3
4.048924362E1,-8.522375487E-3,-4.261187743E-3,0.000000000E0
4.049399435E1,0.000000000E0,1.065296936E-3,5.326484796E-3
4.049916315E1,9.587672539E-3,5.326484796E-3,1.171826664E-2
4.050423107E1,2.024064213E-2,1.065296959E-2,1.811004803E-2
4.050938867E1,2.982831374E-2,1.171826664E-2,2.343653329E-2
4.051425169E1,4.048128426E-2,1.278356276E-2,2.663242258E-2
4.051941831E1,4.793836176E-2,1.278356276E-2,3.089361079E-2
4.052462195E1,5.433014408E-2,1.171826664E-2,3.195890784E-2
4.052963154E1,6.285251677E-2,1.065296959E-2,3.195890784E-2
4.053464222E1,6.498311460E-2,1.278356276E-2,3.302420676E-2
4.053983341E1,7.137489319E-2,9.587672539E-3,3.089361079E-2
4.054480518E1,7.244019210E-2,2.130593872E-3,2.769771963E-2
4.054959972E1,7.776667923E-2,-4.261187743E-3,2.343653329E-2
4.055451586E1,8.841964602E-2,-9.587672539E-3,1.704475097E-2
4.056001597E1,9.587672353E-2,-1.171826664E-2,1.171826664E-2
4.056497545E1,1.012032107E-1,-1.065296959E-2,6.391781382E-3
4.057034763E1,1.022685021E-1,-2.130593872E-3,3.195890691E-3
4.057550514E1,1.022685021E-1,7.457078435E-3,1.065296936E-3
4.058027232E1,1.001379117E-1,1.384885982E-2,-4.261187743E-3
4.058550842E1,9.374613315E-2,1.065296959E-2,-5.326484796E-3
4.059058149E1,8.735434711E-2,1.065296936E-3,-9.587672539E-3
4.059546217E1,8.628904819E-2,-4.261187743E-3,-1.704475097E-2
4.060062743E1,9.161553532E-2,-5.326484796E-3,-1.917534508E-2
4.060561030E1,9.268083423E-2,-9.587672539E-3,-1.704475097E-2
4.061066925E1,9.800732136E-2,-1.278356276E-2,-2.024064213E-2
4.061573254E1,1.033338010E-1,-1.171826664E-2,-1.704475097E-2
4.062081217E1,1.075949892E-1,-7.457078435E-3,-1.278356276E-2
4.062589134E1,1.075949892E-1,-4.261187743E-3,-1.384885982E-2
4.063099155E1,1.043990999E-1,-1.171826664E-2,-1.704475097E-2
4.063606316E1,9.907261282E-2,-2.130593918E-2,-2.024064213E-2
4.064115181E1,9.268083423E-2,-1.917534508E-2,-2.450183034E-2
4.064615973E1,8.415845782E-2,-1.704475097E-2,-2.663242258E-2
4.065131254E1,6.924430281E-2,-2.237123623E-2,-2.982831374E-2
4.065629592E1,6.072192639E-2,-3.195890784E-2,-3.728539124E-2
4.066137645E1,5.646073818E-2,-3.622009605E-2,-4.261187837E-2
4.066646181E1,4.367717355E-2,-3.195890784E-2,-4.261187837E-2
4.067154025E1,3.302420676E-2,-2.663242258E-2,-4.261187837E-2
4.067653567E1,3.089361079E-2,-2.237123623E-2,-4.367717355E-2
4.068180759E1,2.450183034E-2,-2.663242258E-2,-4.687306657E-2
4.068690166E1,1.171826664E-2,-3.515479714E-2,-5.006895587E-2
4.069184134E1,-2.130593872E-3,-4.474247247E-2,-5.433014408E-2
4.069692286E1,-1.597945392E-2,-5.646073818E-2,-5.646073818E-2
4.070203161E1,-2.876301669E-2,-6.178722158E-2,-5.326484516E-2
4.070703317E1,-4.687306657E-2,-6.924430281E-2,-5.219954997E-2
4.071216468E1,-6.178722158E-2,-7.030959427E-2,-4.687306657E-2
4.071713838E1,-6.498311460E-2,-5.965662748E-2,-4.580776766E-2
4.072223468E1,-7.457078248E-2,-6.711370498E-2,-4.367717355E-2
4.072730255E1,-8.415845782E-2,-6.285251677E-2,-3.728539124E-2
4.073245104E1,-6.285251677E-2,-3.089361079E-2,-3.089361079E-2
4.073743604E1,-4.154657945E-2,-2.024064213E-2,-2.556712553E-2
4.074255515E1,-3.195890784E-2,-2.556712553E-2,-2.024064213E-2
4.074757416E1,-2.663242258E-2,-3.941598535E-2,-1.917534508E-2
4.075266583E1,-2.024064213E-2,-5.113425106E-2,-1.704475097E-2
4.075767927E1,-1.171826664E-2,-5.219954997E-2,-1.597945392E-2
4.076286088E1,2.130593872E-3,-4.367717355E-2,-1.704475097E-2
4.076794036E1,2.237123623E-2,-2.663242258E-2,-2.024064213E-2
4.077293766E1,4.154657945E-2,-1.065296959E-2,-2.237123623E-2
4.077800458E1,5.433014408E-2,-2.130593872E-3,-2.343653329E-2
4.078332005E1,6.817900389E-2,-1.491415687E-2,-3.089361079E-2
4.078818667E1,7.670138031E-2,-4.154657945E-2,-3.835069016E-2
4.079326104E1,6.924430281E-2,-5.326484516E-2,-3.302420676E-2
4.079831865E1,5.646073818E-2,-6.604841352E-2,-3.302420676E-2
4.080338802E1,3.089361079E-2,-1.054643989E-1,-4.580776766E-2
4.080857375E1,1.171826664E-2,-1.022685021E-1,-4.687306657E-2
4.081351287E1,2.769771963E-2,-5.006895587E-2,-3.941598535E-2
4.081855443E1,-3.089361079E-2,-1.470109820E-1,-7.457078248E-2
4.082381162E1,-1.043990999E-1,-2.024064213E-1,-9.481142461E-2
4.082895579E1,-6.924430281E-2,-3.622009605E-2,-5.859133229E-2
4.083387422E1,1.811004803E-2,7.776667923E-2,-4.261187837E-2
4.083892339E1,6.391781569E-2,3.408950195E-2,-4.474247247E-2
4.084399594E1,3.515479714E-2,-6.391781569E-2,-3.835069016E-2
4.084910152E1,-3.195890691E-3,-1.065296903E-1,-4.580776766E-2
4.085413391E1,-9.587672539E-3,-8.096256852E-2,-3.302420676E-2
4.085908876E1,1.811004803E-2,-4.154657945E-2,-1.171826664E-2
4.086421454E1,5.219954997E-2,-1.917534508E-2,2.130593872E-3
4.086933735E1,5.326484516E-2,-2.237123623E-2,3.195890691E-3
4.087442235E1,4.687306657E-2,-2.769771963E-2,1.278356276E-2
4.087947428E1,5.006895587E-2,-3.408950195E-2,2.343653329E-2
4.088458147E1,6.072192639E-2,-3.941598535E-2,2.876301669E-2
4.088957913E1,6.817900389E-2,-3.195890784E-2,3.089361079E-2
4.089470532E1,7.137489319E-2,-2.130593918E-2,3.302420676E-2
4.089976944E1,7.883197069E-2,-2.024064213E-2,3.195890784E-2
4.090492715E1,8.735434711E-2,-1.491415687E-2,2.769771963E-2
4.090984132E1,9.907261282E-2,-7.457078435E-3,3.302420676E-2
4.091492559E1,1.161173657E-1,-1.065296936E-3,3.515479714E-2
4.092011684E1,1.289009303E-1,-4.261187743E-3,4.048128426E-2
4.092520330E1,1.182479635E-1,-4.580776766E-2,2.343653329E-2
4.093015710E1,8.522375673E-2,-8.841964602E-2,-1.811004803E-2
4.093523819E1,5.433014408E-2,-9.161553532E-2,-4.793836176E-2
4.094030356E1,5.539543927E-2,-5.752603337E-2,-4.580776766E-2
4.094541043E1,1.022685021E-1,-2.130593872E-3,-2.024064213E-2
4.095013559E1,1.363580078E-1,-1.065296936E-3,-1.278356276E-2
4.095551580E1,1.257050335E-1,-3.089361079E-2,-1.384885982E-2
4.096055580E1,9.481142461E-2,-4.474247247E-2,-1.917534508E-2
4.096566762E1,5.752603337E-2,-5.539543927E-2,-2.876301669E-2
4.097065038E1,1.384885982E-2,-7.776667923E-2,-4.474247247E-2
4.097577991E1,-2.876301669E-2,-8.415845782E-2,-4.793836176E-2
4.098080617E1,9.587672539E-3,2.130593918E-2,-2.450183034E-2
4.098593768E1,7.563608140E-2,7.989726961E-2,-3.089361079E-2
4.099100835E1,1.033338010E-1,5.113425106E-2,-2.237123623E-2
4.099626585E1,1.043990999E-1,1.597945392E-2,-4.261187743E-3
4.100109815E1,1.065296903E-1,-9.587672539E-3,3.195890691E-3
4.100627236E1,9.587672353E-2,-4.580776766E-2,2.130593872E-3
4.101132758E1,5.219954997E-2,-9.800732136E-2,-2.130593918E-2
4.101645075E1,2.024064213E-2,-9.268083423E-2,-3.408950195E-2
4.102105919E1,2.237123623E-2,-5.006895587E-2,-5.113425106E-2
4.102650336E1,4.793836176E-2,2.130593872E-3,-5.113425106E-2
4.103151945E1,7.137489319E-2,1.278356276E-2,-4.154657945E-2
4.103687758E1,7.563608140E-2,-1.597945392E-2,-3.089361079E-2
4.104176940E1,5.326484516E-2,-6.604841352E-2,-3.941598535E-2
4.104686643E1,3.302420676E-2,-9.374613315E-2,-4.048128426E-2
4.105194612E1,2.556712553E-2,-9.694202244E-2,-3.728539124E-2
4.105701534E1,3.302420676E-2,-1.043990999E-1,-3.515479714E-2
4.106204055E1,5.219954997E-2,-1.182479635E-1,-2.663242258E-2
4.106741086E1,7.776667923E-2,-1.182479635E-1,-1.917534508E-2
4.107217211E1,1.001379117E-1,-1.086602882E-1,-6.391781382E-3
4.107737044E1,1.107908785E-1,-9.694202244E-2,3.195890691E-3
4.108229664E1,1.139867753E-1,-1.001379117E-1,1.491415687E-2
4.108755951E1,1.118561774E-1,-1.214438528E-1,2.343653329E-2
4.109244081E1,9.907261282E-2,-1.427497864E-1,2.982831374E-2
4.109746862E1,8.202786744E-2,-1.544680595E-1,3.515479714E-2
4.110252644E1,5.965662748E-2,-1.661863178E-1,3.728539124E-2
4.110764279E1,3.941598535E-2,-1.768392920E-1,3.835069016E-2
4.111283597E1,2.130593918E-2,-1.768392920E-1,4.048128426E-2
4.111761962E1,8.522375487E-3,-1.619251370E-1,4.261187837E-2
4.112247941E1,-3.195890691E-3,-1.470109820E-1,4.261187837E-2
4.112788847E1,-1.704475097E-2,-1.384886056E-1,4.261187837E-2
4.113300868E1,-2.663242258E-2,-1.342274100E-1,4.154657945E-2
4.113799873E1,-3.728539124E-2,-1.352927089E-1,3.941598535E-2
4.114308467E1,-4.154657945E-2,-1.427497864E-1,3.622009605E-2
4.114827571E1,-4.154657945E-2,-1.480762810E-1,3.089361079E-2
4.115325894E1,-3.941598535E-2,-1.619251370E-1,2.556712553E-2
4.115854400E1,-3.622009605E-2,-1.608598381E-1,2.450183034E-2
4.116337702E1,-3.515479714E-2,-1.459456831E-1,2.237123623E-2
4.116847769E1,-3.195890784E-2,-1.363580078E-1,1.384885982E-2
4.117351733E1,-3.728539124E-2,-1.384886056E-1,-1.065296936E-3
4.117864540E1,-6.178722158E-2,-1.555333585E-1,-4.261187743E-3
4.118363296E1,-1.012032107E-1,-1.683169156E-1,-1.171826664E-2
4.118906645E1,-1.097255871E-1,-1.491415650E-1,-4.687306657E-2
4.119379572E1,-1.043990999E-1,-1.139867753E-1,-5.539543927E-2
4.119905582E1,-1.086602882E-1,-8.202786744E-2,-4.261187837E-2
4.120409504E1,-1.065296903E-1,-5.219954997E-2,-4.154657945E-2
4.120916082E1,-1.043990999E-1,-3.515479714E-2,-4.793836176E-2
4.121405947E1,-1.107908785E-1,-2.769771963E-2,-4.687306657E-2
4.121927911E1,-1.139867753E-1,-1.278356276E-2,-4.367717355E-2
4.122429708E1,-1.203785539E-1,7.457078435E-3,-3.941598535E-2
4.122936208E1,-1.278356314E-1,1.491415687E-2,-3.408950195E-2
4.123443281E1,-1.384886056E-1,7.457078435E-3,-3.195890784E-2
4.123953520E1,-1.470109820E-1,0.000000000E0,-2.343653329E-2
4.124453786E1,-1.438150853E-1,1.065296936E-3,-1.597945392E-2
4.124966234E1,-1.331621110E-1,-6.391781382E-3,-9.587672539E-3
4.125464244E1,-1.278356314E-1,-1.384885982E-2,-1.065296936E-3
4.125980489E1,-1.289009303E-1,-1.065296959E-2,4.261187743E-3
4.126503296E1,-1.363580078E-1,-7.457078435E-3,7.457078435E-3
4.126994385E1,-1.427497864E-1,-3.195890691E-3,9.587672539E-3
4.127497604E1,-1.534027606E-1,1.065296936E-3,1.278356276E-2
4.128009328E1,-1.683169156E-1,-3.195890691E-3,1.278356276E-2
4.128540068E1,-1.842963696E-1,-1.065296959E-2,1.171826664E-2
4.129018432E1,-2.002758235E-1,-1.917534508E-2,4.261187743E-3
4.129531948E1,-2.098634988E-1,-2.237123623E-2,-4.261187743E-3
4.130038953E1,-2.130593807E-1,-2.130593918E-2,-8.522375487E-3
4.130544698E1,-2.205164731E-1,-1.278356276E-2,1.065296936E-3
4.131052318E1,-2.322347313E-1,-7.457078435E-3,0.000000000E0
4.131556047E1,-2.375612110E-1,0.000000000E0,-7.457078435E-3
4.132069922E1,-2.418224066E-1,6.391781382E-3,-1.384885982E-2
4.132568193E1,-2.460835874E-1,7.457078435E-3,-2.024064213E-2
4.133074870E1,-2.524753809E-1,9.587672539E-3,-2.556712553E-2
4.133584537E1,-2.578018606E-1,7.457078435E-3,-3.195890784E-2
4.134094828E1,-2.578018606E-1,1.171826664E-2,-3.835069016E-2
4.134597084E1,-2.556712627E-1,2.024064213E-2,-4.367717355E-2
4.135101615E1,-2.482141852E-1,3.195890784E-2,-4.474247247E-2
4.135633230E1,-2.364959270E-1,5.433014408E-2,-4.793836176E-2
4.136139875E1,-2.205164731E-1,7.457078248E-2,-5.113425106E-2
4.136622313E1,-2.098634988E-1,9.055023640E-2,-5.752603337E-2
4.137144683E1,-1.992105246E-1,1.065296903E-1,-6.285251677E-2
4.137646818E1,-1.928187460E-1,1.150520667E-1,-7.030959427E-2
4.138151834E1,-1.842963696E-1,1.203785539E-1,-7.457078248E-2
4.138660308E1,-1.725780964E-1,1.246397421E-1,-7.883197069E-2
4.139167923E1,-1.576639414E-1,1.235744432E-1,-7.989726961E-2
4.139680600E1,-1.406191885E-1,1.214438528E-1,-7.563608140E-2
4.140188652E1,-1.235744432E-1,1.161173657E-1,-7.350549102E-2
4.140699069E1,-1.139867753E-1,9.268083423E-2,-7.989726961E-2
4.141200334E1,-1.342274100E-1,4.580776766E-2,-7.883197069E-2
4.141692360E1,-1.257050335E-1,7.137489319E-2,-5.433014408E-2
4.142211777E1,-7.563608140E-2,1.342274100E-1,-4.048128426E-2
4.142708892E1,-3.941598535E-2,1.587292403E-1,-3.515479714E-2
4.143224418E1,-5.006895587E-2,1.129214764E-1,-5.433014408E-2
4.143742178E1,-7.883197069E-2,6.178722158E-2,-5.326484516E-2
4.144238632E1,-9.587672353E-2,5.965662748E-2,-4.261187837E-2
4.144742278E1,-8.841964602E-2,9.481142461E-2,-3.408950195E-2
4.145251371E1,-6.604841352E-2,1.320968270E-1,-2.769771963E-2
4.145750647E1,-3.089361079E-2,1.597945392E-1,-2.450183034E-2
4.146281246E1,1.384885982E-2,1.832310706E-1,-1.917534508E-2
4.146773340E1,6.285251677E-2,2.045370042E-1,-2.024064213E-2
4.147303450E1,8.628904819E-2,1.928187460E-1,-3.089361079E-2
4.147781814E1,7.030959427E-2,1.523374617E-1,-4.474247247E-2
4.148296288E1,2.237123623E-2,1.107908785E-1,-5.965662748E-2
4.148803044E1,-3.622009605E-2,8.202786744E-2,-7.670138031E-2
4.149308585E1,-9.481142461E-2,5.752603337E-2,-8.948494494E-2
4.149810236E1,-1.459456831E-1,3.941598535E-2,-1.033338010E-1
4.150323142E1,-1.800351888E-1,2.130593918E-2,-1.097255871E-1
4.150829512E1,-1.981452256E-1,1.065296959E-2,-1.139867753E-1
4.151345262E1,-2.013411224E-1,6.391781382E-3,-1.139867753E-1
4.151838445E1,-2.056023031E-1,-8.522375487E-3,-1.150520667E-1
4.152357039E1,-2.173205763E-1,-2.876301669E-2,-1.182479635E-1
4.152854721E1,-2.322347313E-1,-4.367717355E-2,-1.203785539E-1
4.153374935E1,-2.482141852E-1,-5.539543927E-2,-1.225091442E-1
4.153866617E1,-2.588671446E-1,-6.285251677E-2,-1.225091442E-1
4.154385299E1,-2.663242221E-1,-6.498311460E-2,-1.257050335E-1
4.154881851E1,-2.705854177E-1,-6.604841352E-2,-1.267703325E-1
4.155392070E1,-2.684548199E-1,-6.604841352E-2,-1.289009303E-1
4.155903664E1,-2.652589381E-1,-6.604841352E-2,-1.310315281E-1
4.156411685E1,-2.631283402E-1,-6.924430281E-2,-1.320968270E-1
4.156874279E1,-2.599324584E-1,-7.776667923E-2,-1.299662292E-1
4.157423492E1,-2.599324584E-1,-9.481142461E-2,-1.235744432E-1
4.157925940E1,-2.641936541E-1,-1.107908785E-1,-1.214438528E-1
4.158452461E1,-2.673895359E-1,-1.235744432E-1,-1.214438528E-1
4.158940998E1,-2.705854177E-1,-1.289009303E-1,-1.246397421E-1
4.159456935E1,-2.705854177E-1,-1.225091442E-1,-1.257050335E-1
4.159954972E1,-2.535406649E-1,-1.043990999E-1,-1.225091442E-1
4.160474560E1,-2.290388346E-1,-9.161553532E-2,-1.193132550E-1
4.160979972E1,-2.130593807E-1,-1.054643989E-1,-1.246397421E-1
4.161498498E1,-2.066676021E-1,-1.257050335E-1,-1.257050335E-1
4.161986894E1,-2.056023031E-1,-1.331621110E-1,-1.267703325E-1
4.162507097E1,-2.098634988E-1,-1.448803842E-1,-1.289009303E-1
4.163000962E1,-2.247776538E-1,-1.661863178E-1,-1.320968270E-1
4.163514644E1,-2.428877056E-1,-1.779045910E-1,-1.352927089E-1
4.164007837E1,-2.588671446E-1,-1.747086942E-1,-1.320968270E-1
4.164524727E1,-2.673895359E-1,-1.661863178E-1,-1.299662292E-1
4.165025368E1,-2.716507316E-1,-1.629904360E-1,-1.289009303E-1
4.165542561E1,-2.695201337E-1,-1.576639414E-1,-1.214438528E-1
4.166042149E1,-2.652589381E-1,-1.491415650E-1,-1.171826646E-1
4.166555389E1,-2.503447831E-1,-1.438150853E-1,-1.107908785E-1
4.167076144E1,-2.311694324E-1,-1.352927089E-1,-1.022685021E-1
4.167571467E1,-2.119940966E-1,-1.320968270E-1,-9.800732136E-2
4.168067842E1,-1.917534471E-1,-1.278356314E-1,-9.374613315E-2
4.168546222E1,-1.800351888E-1,-1.235744432E-1,-9.374613315E-2
4.169093342E1,-1.715128124E-1,-1.235744432E-1,-9.374613315E-2
4.169595249E1,-1.629904360E-1,-1.257050335E-1,-9.374613315E-2
4.170115108E1,-1.629904360E-1,-1.246397421E-1,-9.800732136E-2
4.170609244E1,-1.640557349E-1,-1.214438528E-1,-9.694202244E-2
4.171116879E1,-1.619251370E-1,-1.129214764E-1,-9.481142461E-2
4.171646822E1,-1.693822145E-1,-1.182479635E-1,-9.800732136E-2
4.172133577E1,-1.864269674E-1,-1.352927089E-1,-1.001379117E-1
4.172672061E1,-2.066676021E-1,-1.448803842E-1,-9.907261282E-2
4.173135280E1,-2.130593807E-1,-1.374233067E-1,-1.012032107E-1
4.173654989E1,-2.109287977E-1,-1.310315281E-1,-9.800732136E-2
4.174161072E1,-2.056023031E-1,-1.320968270E-1,-9.694202244E-2
4.174681728E1,-1.981452256E-1,-1.299662292E-1,-9.268083423E-2
4.175168530E1,-1.864269674E-1,-1.246397421E-1,-8.948494494E-2
4.175678760E1,-1.672516167E-1,-1.203785539E-1,-8.415845782E-2
4.176185218E1,-1.470109820E-1,-1.161173657E-1,-7.776667923E-2
4.176698182E1,-1.289009303E-1,-1.097255871E-1,-7.244019210E-2
4.177196380E1,-1.054643989E-1,-1.033338010E-1,-7.457078248E-2
4.177711124E1,-8.415845782E-2,-8.841964602E-2,-7.563608140E-2
4.178214760E1,-6.285251677E-2,-7.989726961E-2,-7.670138031E-2
4.178737937E1,-4.793836176E-2,-7.563608140E-2,-8.309315890E-2
4.179225640E1,-4.367717355E-2,-7.350549102E-2,-9.161553532E-2
4.179742599E1,-4.367717355E-2,-7.563608140E-2,-1.022685021E-1
4.180235854E1,-5.113425106E-2,-8.309315890E-2,-1.075949892E-1
4.180754182E1,-6.498311460E-2,-8.735434711E-2,-1.150520667E-1
4.181255083E1,-8.309315890E-2,-8.841964602E-2,-1.193132550E-1
4.181786114E1,-1.043990999E-1,-9.481142461E-2,-1.203785539E-1
4.182265229E1,-1.246397421E-1,-1.022685021E-1,-1.278356314E-1
4.182780130E1,-1.363580078E-1,-1.097255871E-1,-1.352927089E-1
4.183283250E1,-1.512721628E-1,-1.150520667E-1,-1.310315281E-1
4.183801495E1,-1.640557349E-1,-1.171826646E-1,-1.246397421E-1
4.184311234E1,-1.576639414E-1,-1.086602882E-1,-1.022685021E-1
4.184806578E1,-1.576639414E-1,-1.043990999E-1,-9.800732136E-2
4.185308651E1,-1.704475135E-1,-1.225091442E-1,-1.139867753E-1
4.185822813E1,-1.683169156E-1,-1.395539045E-1,-1.012032107E-1
4.186329000E1,-1.629904360E-1,-1.534027606E-1,-9.800732136E-2
4.186837422E1,-1.576639414E-1,-1.502068639E-1,-9.268083423E-2
4.187341015E1,-1.502068639E-1,-1.448803842E-1,-8.841964602E-2
4.187854506E1,-1.448803842E-1,-1.448803842E-1,-9.055023640E-2
4.188362730E1,-1.438150853E-1,-1.480762810E-1,-8.735434711E-2
4.188867417E1,-1.384886056E-1,-1.395539045E-1,-8.415845782E-2
4.189366126E1,-1.267703325E-1,-1.310315281E-1,-8.202786744E-2
4.189881459E1,-1.193132550E-1,-1.257050335E-1,-7.883197069E-2
4.190391839E1,-1.139867753E-1,-1.246397421E-1,-7.776667923E-2
4.190893688E1,-1.097255871E-1,-1.257050335E-1,-7.563608140E-2
4.191416683E1,-1.054643989E-1,-1.257050335E-1,-7.457078248E-2
4.191927860E1,-1.022685021E-1,-1.246397421E-1,-7.350549102E-2
4.192410314E1,-9.800732136E-2,-1.289009303E-1,-7.137489319E-2
4.192933386E1,-9.374613315E-2,-1.320968270E-1,-6.711370498E-2
4.193440267E1,-8.735434711E-2,-1.289009303E-1,-5.859133229E-2
4.193945209E1,-7.563608140E-2,-1.257050335E-1,-5.539543927E-2
4.194449298E1,-5.859133229E-2,-1.225091442E-1,-5.433014408E-2
4.194946787E1,-4.154657945E-2,-1.203785539E-1,-5.113425106E-2
4.195452147E1,-2.450183034E-2,-1.203785539E-1,-5.006895587E-2
4.195961844E1,-8.522375487E-3,-1.193132550E-1,-4.900366068E-2
4.196464012E1,5.326484796E-3,-1.193132550E-1,-5.006895587E-2
4.196982850E1,1.811004803E-2,-1.225091442E-1,-5.326484516E-2
4.197480465E1,2.450183034E-2,-1.235744432E-1,-5.326484516E-2
4.198010548E1,2.876301669E-2,-1.235744432E-1,-5.219954997E-2
4.198522111E1,3.302420676E-2,-1.299662292E-1,-5.752603337E-2
4.199002465E1,2.876301669E-2,-1.395539045E-1,-6.072192639E-2
4.199520101E1,1.704475097E-2,-1.565986425E-1,-6.711370498E-2
4.200018127E1,3.195890691E-3,-1.651210189E-1,-7.244019210E-2
4.200529804E1,-5.326484796E-3,-1.672516167E-1,-7.457078248E-2
4.201029799E1,-1.491415687E-2,-1.747086942E-1,-8.202786744E-2
4.201540403E1,-1.917534508E-2,-1.811004728E-1,-8.309315890E-2
4.202037038E1,-1.597945392E-2,-1.800351888E-1,-8.522375673E-2
4.202573242E1,-1.065296959E-2,-1.683169156E-1,-9.055023640E-2
4.203080455E1,-1.065296936E-3,-1.576639414E-1,-9.055023640E-2
4.203579486E1,1.384885982E-2,-1.395539045E-1,-8.948494494E-2
4.204082434E1,3.408950195E-2,-1.161173657E-1,-8.309315890E-2
4.204576221E1,5.006895587E-2,-1.043990999E-1,-7.670138031E-2
4.205090638E1,6.498311460E-2,-1.012032107E-1,-7.137489319E-2
4.205594237E1,7.989726961E-2,-9.587672353E-2,-6.391781569E-2
4.206107872E1,9.055023640E-2,-8.948494494E-2,-5.433014408E-2
4.206608232E1,1.001379117E-1,-8.096256852E-2,-4.687306657E-2
4.207171804E1,1.139867753E-1,-6.924430281E-2,-3.622009605E-2
4.207638669E1,1.257050335E-1,-6.285251677E-2,-2.556712553E-2
4.208167002E1,1.384886056E-1,-5.859133229E-2,-1.917534508E-2
4.208652612E1,1.448803842E-1,-5.859133229E-2,-1.491415687E-2
4.209155513E1,1.406191885E-1,-6.711370498E-2,-9.587672539E-3
4.209657581E1,1.320968270E-1,-7.883197069E-2,-8.522375487E-3
4.210175992E1,1.182479635E-1,-8.522375673E-2,-6.391781382E-3
4.210664159E1,1.022685021E-1,-9.055023640E-2,-2.130593872E-3
4.211175685E1,9.374613315E-2,-9.481142461E-2,-3.195890691E-3
4.211680993E1,8.309315890E-2,-9.694202244E-2,0.000000000E0
4.212191873E1,7.563608140E-2,-9.800732136E-2,4.261187743E-3
4.212694477E1,7.244019210E-2,-9.694202244E-2,5.326484796E-3
4.213209013E1,7.030959427E-2,-9.055023640E-2,8.522375487E-3
4.213683388E1,7.563608140E-2,-7.670138031E-2,1.597945392E-2
4.214221055E1,8.628904819E-2,-6.604841352E-2,1.917534508E-2
4.214732633E1,1.022685021E-1,-5.539543927E-2,2.450183034E-2
4.215248685E1,1.203785539E-1,-4.687306657E-2,2.876301669E-2
4.215737477E1,1.406191885E-1,-3.408950195E-2,2.982831374E-2
4.216262508E1,1.608598381E-1,-2.343653329E-2,2.982831374E-2
4.216753498E1,1.800351888E-1,-1.811004803E-2,3.302420676E-2
4.217271514E1,1.992105246E-1,-1.065296959E-2,3.622009605E-2
4.217779571E1,2.194511741E-1,-1.065296936E-3,3.728539124E-2
4.218281878E1,2.311694324E-1,1.065296936E-3,3.515479714E-2
4.218781462E1,2.301041335E-1,-1.811004803E-2,3.089361079E-2
4.219312649E1,2.226470560E-1,-2.237123623E-2,3.302420676E-2
4.219795775E1,2.269082516E-1,3.195890691E-3,3.515479714E-2
4.220322045E1,2.386265099E-1,1.917534508E-2,2.769771963E-2
4.220808269E1,2.311694324E-1,-1.065296936E-3,1.917534508E-2
4.221325525E1,2.247776538E-1,2.130593872E-3,2.450183034E-2
4.221824186E1,2.492794842E-1,5.219954997E-2,2.556712553E-2
4.222340634E1,2.748466134E-1,8.415845782E-2,1.811004803E-2
4.222840452E1,2.833689749E-1,8.096256852E-2,1.384885982E-2
4.223348181E1,2.940219641E-1,7.563608140E-2,1.384885982E-2
4.223861499E1,3.089361191E-1,7.989726961E-2,1.278356276E-2
4.224366108E1,3.217196763E-1,8.415845782E-2,1.171826664E-2
4.224861520E1,3.355685472E-1,8.522375673E-2,9.587672539E-3
4.225372978E1,3.462215066E-1,8.096256852E-2,8.522375487E-3
4.225892213E1,3.600703776E-1,7.457078248E-2,7.457078435E-3
4.226399020E1,3.707233369E-1,6.924430281E-2,5.326484796E-3
4.226893057E1,3.835068941E-1,6.604841352E-2,1.065296936E-3
4.227408984E1,3.909639716E-1,5.433014408E-2,-3.195890691E-3
4.227923124E1,3.994863629E-1,4.580776766E-2,-6.391781382E-3
4.228417307E1,4.069434404E-1,4.474247247E-2,-9.587672539E-3
4.228923354E1,4.133352041E-1,5.006895587E-2,-9.587672539E-3
4.229433228E1,4.218575954E-1,5.752603337E-2,-1.171826664E-2
4.229937161E1,4.282493591E-1,5.326484516E-2,-1.917534508E-2
4.230450213E1,4.197269976E-1,6.391781382E-3,-4.261187837E-2
4.230951718E1,4.250534773E-1,-1.171826664E-2,-4.793836176E-2
4.231484421E1,4.261187613E-1,1.491415687E-2,-3.835069016E-2
4.231972359E1,4.197269976E-1,3.089361079E-2,-4.154657945E-2
4.232475192E1,4.186616838E-1,3.941598535E-2,-5.006895587E-2
4.233014307E1,4.207922816E-1,3.302420676E-2,-5.646073818E-2
4.233506031E1,4.133352041E-1,8.522375487E-3,-5.859133229E-2
4.233991026E1,4.037475288E-1,-1.384885982E-2,-5.752603337E-2
4.234520698E1,3.973557651E-1,-1.704475097E-2,-5.326484516E-2
4.235035849E1,3.920292854E-1,-1.171826664E-2,-4.900366068E-2
4.235524333E1,3.867027760E-1,1.065296936E-3,-3.728539124E-2
4.236029276E1,3.909639716E-1,2.343653329E-2,-2.556712553E-2
4.236565333E1,3.994863629E-1,3.728539124E-2,-2.237123623E-2
4.237049818E1,4.026822448E-1,2.982831374E-2,-1.171826664E-2
4.237552521E1,4.058781266E-1,2.343653329E-2,-4.261187743E-3
4.238048802E1,4.144005179E-1,2.024064213E-2,4.261187743E-3
4.238559058E1,4.250534773E-1,2.556712553E-2,1.384885982E-2
4.239067428E1,4.346411526E-1,3.089361079E-2,2.343653329E-2
4.239580495E1,4.420982301E-1,2.769771963E-2,2.982831374E-2
4.240084402E1,4.495553076E-1,2.556712553E-2,3.515479714E-2
4.240589053E1,4.602082670E-1,2.982831374E-2,4.793836176E-2
4.241098329E1,4.634041786E-1,3.302420676E-2,5.965662748E-2
4.241615542E1,4.612735808E-1,3.408950195E-2,6.604841352E-2
4.242077396E1,4.623388648E-1,3.835069016E-2,7.670138031E-2
4.242644678E1,4.697959423E-1,5.433014408E-2,7.989726961E-2
4.243120011E1,4.825794995E-1,7.030959427E-2,8.202786744E-2
4.243643652E1,4.953630865E-1,7.350549102E-2,7.989726961E-2
4.244135871E1,4.964283705E-1,5.965662748E-2,7.457078248E-2
4.244646662E1,4.889712930E-1,4.367717355E-2,6.711370498E-2
4.245166824E1,4.708612561E-1,2.450183034E-2,6.072192639E-2
4.245677793E1,4.484900236E-1,9.587672539E-3,5.539543927E-2
4.246173314E1,4.282493591E-1,-1.065296936E-3,4.793836176E-2
4.246673553E1,4.048128426E-1,-1.171826664E-2,4.580776766E-2
4.247185741E1,3.760498166E-1,-3.622009605E-2,4.048128426E-2
4.247689887E1,3.419603109E-1,-6.178722158E-2,3.728539124E-2
4.248199257E1,3.121320009E-1,-8.309315890E-2,3.302420676E-2
4.248709730E1,2.769772112E-1,-1.033338010E-1,2.876301669E-2
4.249204361E1,2.364959270E-1,-1.171826646E-1,2.130593918E-2
4.249720283E1,2.013411224E-1,-1.278356314E-1,1.597945392E-2
4.250225106E1,1.715128124E-1,-1.310315281E-1,1.278356276E-2
4.250760283E1,1.523374617E-1,-1.278356314E-1,1.065296959E-2
4.251240642E1,1.384886056E-1,-1.267703325E-1,1.065296959E-2
4.251751476E1,1.289009303E-1,-1.310315281E-1,9.587672539E-3
4.252255741E1,1.171826646E-1,-1.395539045E-1,7.457078435E-3
4.252761137E1,1.033338010E-1,-1.480762810E-1,5.326484796E-3
4.253270116E1,8.202786744E-2,-1.576639414E-1,2.130593872E-3
4.253782116E1,5.859133229E-2,-1.693822145E-1,2.130593872E-3
4.254286966E1,3.515479714E-2,-1.768392920E-1,2.130593872E-3
4.254792814E1,9.587672539E-3,-1.789698899E-1,0.000000000E0
4.255307986E1,-1.065296959E-2,-1.768392920E-1,-1.065296936E-3
4.255806747E1,-2.876301669E-2,-1.736433953E-1,0.000000000E0
4.256317794E1,-4.048128426E-2,-1.661863178E-1,-1.065296936E-3
4.256818924E1,-5.326484516E-2,-1.587292403E-1,-3.195890691E-3
4.257320862E1,-6.391781569E-2,-1.555333585E-1,-5.326484796E-3
4.257854268E1,-7.244019210E-2,-1.576639414E-1,-1.065296959E-2
4.258351513E1,-8.415845782E-2,-1.683169156E-1,-1.704475097E-2
4.258861888E1,-9.694202244E-2,-1.811004728E-1,-2.024064213E-2
4.259345758E1,-1.075949892E-1,-1.842963696E-1,-2.450183034E-2
4.259873325E1,-1.107908785E-1,-1.896228492E-1,-2.769771963E-2
4.260362174E1,-1.097255871E-1,-1.885575503E-1,-2.769771963E-2
4.260887674E1,-1.033338010E-1,-1.874922663E-1,-2.556712553E-2
4.261375174E1,-9.694202244E-2,-1.832310706E-1,-2.450183034E-2
4.261891128E1,-8.735434711E-2,-1.789698899E-1,-2.450183034E-2
4.262389013E1,-7.670138031E-2,-1.704475135E-1,-2.130593918E-2
4.262916768E1,-6.711370498E-2,-1.587292403E-1,-1.491415687E-2
4.263403961E1,-5.646073818E-2,-1.427497864E-1,-1.384885982E-2
4.263925847E1,-5.006895587E-2,-1.289009303E-1,-1.171826664E-2
4.264438149E1,-4.687306657E-2,-1.235744432E-1,-6.391781382E-3
4.264950216E1,-4.687306657E-2,-1.171826646E-1,-3.195890691E-3
4.265420763E1,-5.006895587E-2,-1.107908785E-1,-4.261187743E-3
4.265966164E1,-5.859133229E-2,-1.118561774E-1,-3.195890691E-3
4.266463331E1,-7.137489319E-2,-1.086602882E-1,-3.195890691E-3
4.266965425E1,-8.415845782E-2,-1.054643989E-1,-8.522375487E-3
4.267466269E1,-9.374613315E-2,-1.012032107E-1,-9.587672539E-3
4.267980910E1,-9.907261282E-2,-9.907261282E-2,-1.171826664E-2
4.268491805E1,-1.065296903E-1,-9.481142461E-2,-1.278356276E-2
4.268991253E1,-1.118561774E-1,-9.374613315E-2,-1.491415687E-2
4.269501686E1,-1.150520667E-1,-9.055023640E-2,-1.704475097E-2
4.270011946E1,-1.118561774E-1,-8.841964602E-2,-1.917534508E-2
4.270473248E1,-1.139867753E-1,-8.735434711E-2,-1.811004803E-2
4.270984780E1,-1.182479635E-1,-8.948494494E-2,-1.704475097E-2
4.271519160E1,-1.107908785E-1,-9.587672353E-2,-1.917534508E-2
4.272053056E1,-1.086602882E-1,-1.001379117E-1,-1.384885982E-2
4.272536212E1,-1.171826646E-1,-1.054643989E-1,-1.384885982E-2
4.273051769E1,-1.331621110E-1,-1.161173657E-1,-1.917534508E-2
4.273568754E1,-1.565986425E-1,-1.310315281E-1,-2.769771963E-2
4.274061348E1,-1.864269674E-1,-1.544680595E-1,-3.941598535E-2
4.274568634E1,-2.194511741E-1,-1.800351888E-1,-5.219954997E-2
4.275093009E1,-2.578018606E-1,-2.151899785E-1,-7.137489319E-2
4.275584613E1,-3.110667169E-1,-2.609977424E-1,-8.628904819E-2
4.276088405E1,-3.419603109E-1,-2.567365468E-1,-8.628904819E-2
4.276592067E1,-3.483521044E-1,-2.322347313E-1,-8.948494494E-2
4.277113134E1,-3.430256248E-1,-2.237123549E-1,-8.415845782E-2
4.277622510E1,-3.281114697E-1,-2.950872481E-1,-4.048128426E-2
4.278144187E1,-3.131972849E-1,-3.345032334E-1,-3.835069016E-2
4.278624994E1,-3.014790416E-1,-2.961525619E-1,-8.096256852E-2
4.279136171E1,-2.929566503E-1,-2.364959270E-1,-8.415845782E-2
4.279634968E1,-2.801730931E-1,-1.981452256E-1,-6.391781569E-2
4.280149572E1,-2.492794842E-1,-1.693822145E-1,-4.793836176E-2
4.280666150E1,-2.119940966E-1,-1.523374617E-1,-3.622009605E-2
4.281167406E1,-1.842963696E-1,-1.534027606E-1,-3.195890784E-2
4.281662088E1,-1.715128124E-1,-1.608598381E-1,-2.769771963E-2
4.282184968E1,-1.757739931E-1,-1.672516167E-1,-2.663242258E-2
4.282646874E1,-1.842963696E-1,-1.672516167E-1,-2.663242258E-2
4.283198859E1,-1.906881481E-1,-1.597945392E-1,-2.237123623E-2
4.283694916E1,-1.938840449E-1,-1.480762810E-1,-1.917534508E-2
4.284203786E1,-1.906881481E-1,-1.331621110E-1,-1.278356276E-2
4.284710901E1,-1.842963696E-1,-1.193132550E-1,-5.326484796E-3
4.285220067E1,-1.704475135E-1,-1.086602882E-1,-2.130593872E-3
4.285722536E1,-1.544680595E-1,-9.800732136E-2,2.130593872E-3
4.286246604E1,-1.363580078E-1,-8.735434711E-2,5.326484796E-3
4.286750219E1,-1.267703325E-1,-8.309315890E-2,7.457078435E-3
4.287251052E1,-1.171826646E-1,-8.309315890E-2,4.261187743E-3
4.287762323E1,-1.139867753E-1,-8.628904819E-2,2.130593872E-3
4.288301240E1,-1.193132550E-1,-9.268083423E-2,-2.130593872E-3
4.288792932E1,-1.225091442E-1,-9.694202244E-2,-6.391781382E-3
4.289281453E1,-1.299662292E-1,-9.694202244E-2,-8.522375487E-3
4.289783266E1,-1.320968270E-1,-9.694202244E-2,-3.195890691E-3
4.290303282E1,-1.289009303E-1,-9.268083423E-2,-3.195890691E-3
4.290791214E1,-1.246397421E-1,-9.055023640E-2,-1.065296936E-3
4.291304599E1,-1.225091442E-1,-8.735434711E-2,3.195890691E-3
4.291803959E1,-1.150520667E-1,-8.415845782E-2,7.457078435E-3
4.292323125E1,-1.033338010E-1,-7.776667923E-2,1.065296959E-2
4.292818751E1,-8.735434711E-2,-6.391781569E-2,1.597945392E-2
4.293347245E1,-6.604841352E-2,-4.793836176E-2,1.917534508E-2
4.293835126E1,-4.154657945E-2,-3.195890784E-2,2.237123623E-2
4.294356620E1,-1.384885982E-2,-1.917534508E-2,2.343653329E-2
4.294855386E1,1.278356276E-2,-8.522375487E-3,2.450183034E-2
4.295357803E1,3.941598535E-2,3.195890691E-3,2.663242258E-2
4.295864746E1,5.752603337E-2,8.522375487E-3,2.450183034E-2
4.296386266E1,7.244019210E-2,1.171826664E-2,2.130593918E-2
4.296873912E1,8.415845782E-2,1.384885982E-2,2.237123623E-2
4.297388569E1,9.268083423E-2,1.278356276E-2,1.917534508E-2
4.297892064E1,9.587672353E-2,9.587672539E-3,1.384885982E-2
4.298400850E1,9.907261282E-2,9.587672539E-3,7.457078435E-3
4.298875407E1,1.001379117E-1,8.522375487E-3,6.391781382E-3
4.299427772E1,9.694202244E-2,8.522375487E-3,3.195890691E-3
4.299935548E1,9.374613315E-2,4.261187743E-3,4.261187743E-3
4.300449928E1,8.841964602E-2,-7.457078435E-3,3.195890691E-3
4.300937246E1,8.628904819E-2,-1.384885982E-2,6.391781382E-3
4.301458621E1,8.735434711E-2,-8.522375487E-3,1.065296959E-2
4.301950715E1,8.628904819E-2,-1.065296959E-2,9.587672539E-3
4.302463673E1,8.202786744E-2,-1.597945392E-2,9.587672539E-3
4.302961809E1,8.309315890E-2,-2.237123623E-2,1.065296959E-2
4.303489996E1,8.202786744E-2,-2.663242258E-2,1.597945392E-2
4.303981392E1,8.202786744E-2,-2.237123623E-2,2.024064213E-2
4.304487924E1,8.202786744E-2,-2.556712553E-2,2.024064213E-2
4.305007637E1,8.415845782E-2,-2.237123623E-2,2.343653329E-2
4.305519960E1,8.309315890E-2,-2.024064213E-2,2.450183034E-2
4.306023553E1,8.735434711E-2,-1.917534508E-2,2.556712553E-2
4.306520590E1,8.841964602E-2,-1.811004803E-2,2.450183034E-2
4.307016466E1,8.948494494E-2,-1.491415687E-2,2.450183034E-2
4.307541778E1,9.268083423E-2,-1.065296936E-3,2.663242258E-2
4.308038434E1,9.694202244E-2,1.065296959E-2,2.343653329E-2
4.308548096E1,1.043990999E-1,2.343653329E-2,2.130593918E-2
4.309050377E1,1.086602882E-1,2.876301669E-2,1.811004803E-2
4.309559888E1,1.033338010E-1,1.917534508E-2,1.171826664E-2
4.310061440E1,9.694202244E-2,9.587672539E-3,6.391781382E-3
4.310568888E1,8.948494494E-2,1.278356276E-2,4.261187743E-3
4.311084091E1,8.309315890E-2,1.491415687E-2,0.000000000E0
4.311586539E1,7.883197069E-2,1.811004803E-2,-2.130593872E-3
4.312100039E1,8.309315890E-2,2.450183034E-2,-1.065296936E-3
4.312610950E1,8.948494494E-2,3.089361079E-2,0.000000000E0
4.313119695E1,9.800732136E-2,3.408950195E-2,6.391781382E-3
4.313634383E1,1.097255871E-1,3.835069016E-2,9.587672539E-3
4.314121800E1,1.193132550E-1,4.367717355E-2,1.491415687E-2
4.314648878E1,1.214438528E-1,4.154657945E-2,1.597945392E-2
4.315142070E1,1.182479635E-1,3.195890784E-2,1.597945392E-2
4.315644794E1,1.107908785E-1,2.130593918E-2,1.491415687E-2
4.316166821E1,1.033338010E-1,2.450183034E-2,1.278356276E-2
4.316656987E1,1.086602882E-1,3.728539124E-2,1.384885982E-2
4.317159659E1,1.139867753E-1,5.539543927E-2,1.597945392E-2
4.317674847E1,1.225091442E-1,6.711370498E-2,1.491415687E-2
4.318180196E1,1.310315281E-1,6.924430281E-2,1.597945392E-2
4.318688534E1,1.374233067E-1,6.924430281E-2,1.917534508E-2
4.319204321E1,1.480762810E-1,7.137489319E-2,2.450183034E-2
4.319721300E1,1.576639414E-1,8.309315890E-2,2.982831374E-2
4.320207003E1,1.725780964E-1,8.522375673E-2,3.408950195E-2
4.320722706E1,1.800351888E-1,8.096256852E-2,3.835069016E-2
4.321232227E1,1.821657717E-1,7.137489319E-2,4.367717355E-2
4.321751904E1,1.821657717E-1,6.498311460E-2,4.793836176E-2
4.322237185E1,1.864269674E-1,6.498311460E-2,5.539543927E-2
4.322753983E1,1.853616685E-1,6.285251677E-2,5.859133229E-2
4.323247519E1,1.821657717E-1,6.072192639E-2,5.752603337E-2
4.323757399E1,1.842963696E-1,6.711370498E-2,6.178722158E-2
4.324232332E1,1.864269674E-1,7.563608140E-2,6.285251677E-2
4.324743426E1,1.917534471E-1,8.202786744E-2,6.072192639E-2
4.325242525E1,1.938840449E-1,8.522375673E-2,5.859133229E-2
4.325755197E1,1.960146427E-1,8.415845782E-2,5.752603337E-2
4.326255384E1,1.864269674E-1,7.137489319E-2,4.793836176E-2
4.326771197E1,1.661863178E-1,5.113425106E-2,3.728539124E-2
4.327269733E1,1.416844875E-1,3.728539124E-2,3.089361079E-2
4.327782238E1,1.214438528E-1,2.982831374E-2,2.450183034E-2
4.328284035E1,1.033338010E-1,2.876301669E-2,1.704475097E-2
4.328796582E1,8.841964602E-2,2.769771963E-2,1.384885982E-2
4.329302233E1,7.989726961E-2,2.663242258E-2,8.522375487E-3
4.329813994E1,7.137489319E-2,1.597945392E-2,2.130593872E-3
4.330312770E1,5.965662748E-2,5.326484796E-3,-3.195890691E-3
4.330829312E1,4.474247247E-2,-7.457078435E-3,-5.326484796E-3
4.331330546E1,3.302420676E-2,-1.491415687E-2,-5.326484796E-3
4.331839306E1,2.343653329E-2,-2.024064213E-2,-2.130593872E-3
4.332341598E1,1.384885982E-2,-2.663242258E-2,-1.065296936E-3
4.332856911E1,4.261187743E-3,-2.876301669E-2,1.065296936E-3
4.333360218E1,-7.457078435E-3,-3.835069016E-2,0.000000000E0
4.333867801E1,-5.113425106E-2,-9.907261282E-2,-8.522375487E-3
4.334370484E1,-5.006895587E-2,-5.965662748E-2,1.278356276E-2
4.334883052E1,4.367717355E-2,8.415845782E-2,4.367717355E-2
4.335383661E1,1.661863178E-1,1.821657717E-1,5.539543927E-2
4.335896312E1,2.045370042E-1,1.097255871E-1,4.048128426E-2
4.336398156E1,1.384886056E-1,-5.113425106E-2,8.522375487E-3
4.336916411E1,-9.587672353E-2,-3.259808719E-1,-1.086602882E-1
4.337413333E1,-3.739192188E-1,-4.889712930E-1,-2.322347313E-1
4.337927318E1,-3.685927391E-1,-1.704475135E-1,-1.768392920E-1
4.338427458E1,-8.309315890E-2,3.472867906E-1,-2.130593918E-2
4.338938760E1,1.001379117E-1,3.366338313E-1,-9.587672539E-3
4.339444255E1,3.302420676E-2,-2.769771963E-2,-5.539543927E-2
4.339953438E1,-6.711370498E-2,-1.512721628E-1,-4.048128426E-2
4.340455417E1,-8.841964602E-2,-1.129214764E-1,-2.556712553E-2
4.341018948E1,-7.670138031E-2,-1.075949892E-1,-1.917534508E-2
4.341520672E1,-7.137489319E-2,-1.320968270E-1,-8.522375487E-3
4.342025396E1,-7.244019210E-2,-1.438150853E-1,-2.130593872E-3
4.342520276E1,-8.202786744E-2,-1.320968270E-1,0.000000000E0
4.343031896E1,-9.800732136E-2,-1.161173657E-1,1.065296936E-3
4.343546615E1,-1.097255871E-1,-1.012032107E-1,-3.195890691E-3
4.344076927E1,-1.086602882E-1,-8.735434711E-2,-5.326484796E-3
4.344552495E1,-9.055023640E-2,-6.711370498E-2,-6.391781382E-3
4.345067094E1,-7.350549102E-2,-5.113425106E-2,-8.522375487E-3
4.345568548E1,-6.285251677E-2,-4.474247247E-2,-1.597945392E-2
4.346091975E1,-6.498311460E-2,-5.433014408E-2,-2.450183034E-2
4.346598370E1,-7.776667923E-2,-7.457078248E-2,-3.622009605E-2
4.347115058E1,-9.587672353E-2,-8.841964602E-2,-4.154657945E-2
4.347612579E1,-1.225091442E-1,-1.086602882E-1,-4.900366068E-2
4.348107016E1,-1.523374617E-1,-1.278356314E-1,-5.859133229E-2
4.348606683E1,-1.842963696E-1,-1.491415650E-1,-6.604841352E-2
4.349116115E1,-2.226470560E-1,-1.704475135E-1,-7.030959427E-2
4.349620761E1,-2.620630562E-1,-2.002758235E-1,-7.670138031E-2
4.350128329E1,-3.036096394E-1,-2.290388346E-1,-8.202786744E-2
4.350637886E1,-3.387644291E-1,-2.492794842E-1,-8.841964602E-2
4.351162647E1,-3.653968573E-1,-2.673895359E-1,-8.948494494E-2
4.351663131E1,-3.835068941E-1,-2.769772112E-1,-8.735434711E-2
4.352168173E1,-3.867027760E-1,-2.663242221E-1,-7.776667923E-2
4.352675991E1,-3.749845326E-1,-2.386265099E-1,-6.711370498E-2
4.353176137E1,-3.547438681E-1,-2.034717202E-1,-5.433014408E-2
4.353679272E1,-3.281114697E-1,-1.779045910E-1,-3.941598535E-2
4.354196580E1,-3.036096394E-1,-2.418224066E-1,1.597945392E-2
4.354688168E1,-2.609977424E-1,-2.556712627E-1,2.237123623E-2
4.355213772E1,-2.087981999E-1,-1.757739931E-1,-2.876301669E-2
4.355708059E1,-1.576639414E-1,-7.563608140E-2,-5.433014408E-2
4.356214731E1,-1.150520667E-1,-1.171826664E-2,-4.154657945E-2
4.356738075E1,-8.202786744E-2,1.704475097E-2,-3.622009605E-2
4.357252569E1,-5.646073818E-2,1.811004803E-2,-3.515479714E-2
4.357738814E1,-3.728539124E-2,1.171826664E-2,-3.089361079E-2
4.358247247E1,-2.343653329E-2,9.587672539E-3,-3.089361079E-2
4.358764997E1,-1.917534508E-2,1.065296959E-2,-2.769771963E-2
4.359264523E1,-1.917534508E-2,1.384885982E-2,-2.343653329E-2
4.359761403E1,-1.811004803E-2,7.457078435E-3,-1.704475097E-2
4.360272778E1,-2.130593918E-2,-8.522375487E-3,-1.171826664E-2
4.360804033E1,-2.343653329E-2,-1.811004803E-2,-1.065296959E-2
4.361296809E1,-2.450183034E-2,-2.343653329E-2,-6.391781382E-3
4.361808044E1,-2.024064213E-2,-2.450183034E-2,1.065296936E-3
4.362324815E1,-1.704475097E-2,-2.769771963E-2,5.326484796E-3
4.362808851E1,-9.587672539E-3,-3.195890784E-2,6.391781382E-3
4.363315898E1,-9.587672539E-3,-3.728539124E-2,7.457078435E-3
4.363817721E1,-1.171826664E-2,-4.261187837E-2,1.065296959E-2
4.364331232E1,-1.065296959E-2,-4.793836176E-2,9.587672539E-3
4.364835430E1,-1.384885982E-2,-4.687306657E-2,6.391781382E-3
4.365348049E1,-1.704475097E-2,-4.474247247E-2,2.130593872E-3
4.365847622E1,-2.237123623E-2,-4.474247247E-2,-1.065296936E-3
4.366356841E1,-3.089361079E-2,-4.261187837E-2,-1.065296936E-3
4.366874128E1,-3.515479714E-2,-3.622009605E-2,-1.065296936E-3
4.367370826E1,-3.622009605E-2,-2.450183034E-2,-1.065296936E-3
4.367869831E1,-3.622009605E-2,-1.065296959E-2,0.000000000E0
4.368384050E1,-3.408950195E-2,-3.195890691E-3,2.130593872E-3
4.368891789E1,-2.982831374E-2,-2.130593872E-3,3.195890691E-3
4.369441133E1,-2.769771963E-2,-2.130593872E-3,3.195890691E-3
4.369923081E1,-2.663242258E-2,-4.261187743E-3,4.261187743E-3
4.370425779E1,-2.663242258E-2,-5.326484796E-3,4.261187743E-3
4.370937394E1,-2.450183034E-2,-6.391781382E-3,1.065296959E-2
4.371443034E1,-1.704475097E-2,-8.522375487E-3,1.171826664E-2
4.371946133E1,-8.522375487E-3,-5.326484796E-3,1.065296959E-2
4.372451868E1,1.065296936E-3,-2.130593872E-3,1.171826664E-2
4.372956139E1,7.457078435E-3,2.130593872E-3,1.065296959E-2
4.373468706E1,9.587672539E-3,4.261187743E-3,9.587672539E-3
4.373968936E1,9.587672539E-3,6.391781382E-3,8.522375487E-3
4.374475279E1,7.457078435E-3,8.522375487E-3,7.457078435E-3
4.374993920E1,7.457078435E-3,1.597945392E-2,6.391781382E-3
4.375493441E1,9.587672539E-3,1.917534508E-2,5.326484796E-3
4.375988394E1,1.384885982E-2,2.237123623E-2,6.391781382E-3
4.376519806E1,1.917534508E-2,2.982831374E-2,6.391781382E-3
4.377005009E1,2.237123623E-2,3.408950195E-2,9.587672539E-3
4.377524884E1,2.556712553E-2,4.048128426E-2,1.384885982E-2
4.378042103E1,2.769771963E-2,3.515479714E-2,1.597945392E-2
4.378528842E1,1.917534508E-2,1.597945392E-2,1.811004803E-2
4.379043186E1,1.171826664E-2,-1.065296936E-3,2.237123623E-2
4.379551066E1,2.130593872E-3,-1.384885982E-2,2.024064213E-2
4.380059447E1,-7.457078435E-3,-2.130593918E-2,1.278356276E-2
4.380564723E1,-1.171826664E-2,-2.024064213E-2,9.587672539E-3
4.381074197E1,-7.457078435E-3,-1.811004803E-2,1.171826664E-2
4.381612556E1,-4.261187743E-3,-1.491415687E-2,1.171826664E-2
4.382102931E1,-1.065296936E-3,-8.522375487E-3,1.065296959E-2
4.382613577E1,2.130593872E-3,-1.065296936E-3,1.065296959E-2
4.383098494E1,5.326484796E-3,5.326484796E-3,8.522375487E-3
4.383604056E1,1.171826664E-2,8.522375487E-3,6.391781382E-3
4.384109666E1,1.811004803E-2,9.587672539E-3,4.261187743E-3
4.384624968E1,2.130593918E-2,9.587672539E-3,1.065296936E-3
4.385125171E1,2.343653329E-2,1.811004803E-2,-1.065296936E-3
4.385634765E1,2.343653329E-2,2.876301669E-2,-2.130593872E-3
4.386138374E1,2.876301669E-2,3.728539124E-2,-3.195890691E-3
4.386662010E1,3.408950195E-2,4.154657945E-2,-2.130593872E-3
4.387148645E1,4.154657945E-2,4.793836176E-2,2.130593872E-3
4.387662541E1,4.793836176E-2,5.113425106E-2,5.326484796E-3
4.388179458E1,4.900366068E-2,4.900366068E-2,6.391781382E-3
4.388690760E1,4.580776766E-2,4.474247247E-2,1.171826664E-2
4.389174469E1,4.154657945E-2,4.261187837E-2,1.491415687E-2
4.389707994E1,4.048128426E-2,3.835069016E-2,1.597945392E-2
4.390203969E1,3.728539124E-2,3.728539124E-2,2.024064213E-2
4.390711396E1,3.728539124E-2,3.195890784E-2,2.130593918E-2
4.391231151E1,4.048128426E-2,2.769771963E-2,2.343653329E-2
4.391726854E1,4.048128426E-2,2.450183034E-2,2.237123623E-2
4.392226583E1,4.048128426E-2,2.450183034E-2,1.811004803E-2
4.392736302E1,3.728539124E-2,2.663242258E-2,1.597945392E-2
4.393250031E1,3.515479714E-2,2.343653329E-2,1.278356276E-2
4.393751120E1,3.728539124E-2,2.237123623E-2,1.065296959E-2
4.394243776E1,3.195890784E-2,2.024064213E-2,4.261187743E-3
4.394758464E1,2.556712553E-2,1.811004803E-2,1.065296936E-3
4.395265042E1,2.024064213E-2,1.597945392E-2,1.065296936E-3
4.395787214E1,1.597945392E-2,1.384885982E-2,1.065296936E-3
4.396282292E1,1.065296959E-2,1.278356276E-2,2.130593872E-3
4.396783605E1,1.171826664E-2,1.491415687E-2,4.261187743E-3
4.397299714E1,1.491415687E-2,1.917534508E-2,7.457078435E-3
4.397815027E1,1.491415687E-2,2.237123623E-2,7.457078435E-3
4.398305365E1,1.704475097E-2,2.450183034E-2,4.261187743E-3
4.398815303E1,2.130593918E-2,2.769771963E-2,2.130593872E-3
4.399328256E1,2.556712553E-2,3.195890784E-2,0.000000000E0
4.399833636E1,2.982831374E-2,3.302420676E-2,-4.261187743E-3
4.400350704E1,3.622009605E-2,3.941598535E-2,-9.587672539E-3
4.400849886E1,4.367717355E-2,4.154657945E-2,-1.384885982E-2
4.401348756E1,5.113425106E-2,4.474247247E-2,-1.811004803E-2
4.401881688E1,5.646073818E-2,4.474247247E-2,-2.130593918E-2
4.402365152E1,5.859133229E-2,4.048128426E-2,-2.663242258E-2
4.402913725E1,5.859133229E-2,3.302420676E-2,-2.769771963E-2
4.403399553E1,5.646073818E-2,2.556712553E-2,-2.769771963E-2
4.403906694E1,5.433014408E-2,2.024064213E-2,-2.663242258E-2
4.404394986E1,5.113425106E-2,1.917534508E-2,-2.130593918E-2
4.404898756E1,4.900366068E-2,1.811004803E-2,-1.597945392E-2
4.405407830E1,5.113425106E-2,1.811004803E-2,-1.171826664E-2
4.405916882E1,5.646073818E-2,2.343653329E-2,-4.261187743E-3
4.406431647E1,6.285251677E-2,2.769771963E-2,3.195890691E-3
4.406939106E1,6.924430281E-2,3.089361079E-2,8.522375487E-3
4.407427397E1,7.244019210E-2,3.302420676E-2,1.171826664E-2
4.407956762E1,7.670138031E-2,3.515479714E-2,8.522375487E-3
4.408449142E1,7.776667923E-2,3.302420676E-2,6.391781382E-3
4.408972012E1,7.883197069E-2,3.302420676E-2,3.195890691E-3
4.409458887E1,7.883197069E-2,3.302420676E-2,0.000000000E0
4.409973122E1,7.989726961E-2,3.408950195E-2,-1.065296936E-3
4.410479231E1,8.096256852E-2,3.622009605E-2,-4.261187743E-3
4.410987033E1,8.202786744E-2,3.302420676E-2,-3.195890691E-3
4.411491976E1,8.202786744E-2,3.302420676E-2,-2.130593872E-3
4.412004997E1,8.628904819E-2,3.728539124E-2,1.065296936E-3
4.412504200E1,9.055023640E-2,4.048128426E-2,5.326484796E-3
4.413038049E1,9.587672353E-2,4.474247247E-2,9.587672539E-3
4.413516195E1,1.033338010E-1,4.261187837E-2,1.597945392E-2
4.414035242E1,1.043990999E-1,3.835069016E-2,2.130593918E-2
4.414535101E1,9.907261282E-2,3.195890784E-2,2.130593918E-2
4.415043132E1,8.522375673E-2,1.597945392E-2,1.384885982E-2
4.415572440E1,5.646073818E-2,-6.391781382E-3,8.522375487E-3
4.416069273E1,2.663242258E-2,-1.811004803E-2,0.000000000E0
4.416565492E1,6.391781382E-3,-8.522375487E-3,-4.261187743E-3
4.417081565E1,0.000000000E0,7.457078435E-3,-4.261187743E-3
4.417571174E1,-2.130593872E-3,1.811004803E-2,-6.391781382E-3
4.418105357E1,-5.326484796E-3,1.278356276E-2,-1.278356276E-2
4.418584841E1,-1.065296959E-2,2.130593872E-3,-1.278356276E-2
4.419101336E1,-1.171826664E-2,1.065296936E-3,-8.522375487E-3
4.419612909E1,-9.587672539E-3,6.391781382E-3,-5.326484796E-3
4.420143143E1,-6.391781382E-3,4.261187743E-3,-5.326484796E-3
4.420618091E1,-9.587672539E-3,-3.195890691E-3,-6.391781382E-3
4.421149409E1,-1.811004803E-2,-1.171826664E-2,-8.522375487E-3
4.421631550E1,-2.663242258E-2,-1.704475097E-2,-1.065296959E-2
4.422146774E1,-3.089361079E-2,-2.024064213E-2,-8.522375487E-3
4.422650367E1,-3.728539124E-2,-1.278356276E-2,-8.522375487E-3
4.423164852E1,-4.154657945E-2,-6.391781382E-3,-5.326484796E-3
4.423664795E1,-4.154657945E-2,-1.065296936E-3,-2.130593872E-3
4.424169446E1,-3.835069016E-2,1.065296936E-3,-1.065296936E-3
4.424680769E1,-3.195890784E-2,1.065296936E-3,2.130593872E-3
4.425192071E1,-2.450183034E-2,0.000000000E0,1.065296936E-3
4.425689529E1,-2.024064213E-2,-2.130593872E-3,3.195890691E-3
4.426204332E1,-1.704475097E-2,-5.326484796E-3,4.261187743E-3
4.426697795E1,-1.278356276E-2,-4.261187743E-3,5.326484796E-3
4.427210118E1,-1.065296959E-2,-3.195890691E-3,5.326484796E-3
4.427715149E1,-7.457078435E-3,0.000000000E0,4.261187743E-3
4.428230295E1,-6.391781382E-3,4.261187743E-3,4.261187743E-3
4.428749347E1,-5.326484796E-3,1.065296959E-2,4.261187743E-3
4.429249217E1,4.261187743E-3,2.982831374E-2,1.065296959E-2
4.429743186E1,2.876301669E-2,6.178722158E-2,1.384885982E-2
4.430257379E1,6.391781569E-2,8.522375673E-2,1.065296959E-2
4.430761327E1,8.415845782E-2,8.735434711E-2,6.391781382E-3
4.431294598E1,9.161553532E-2,8.096256852E-2,3.195890691E-3
4.431779405E1,9.907261282E-2,7.989726961E-2,-3.195890691E-3
4.432297275E1,1.107908785E-1,9.161553532E-2,-1.065296959E-2
4.432791905E1,1.203785539E-1,1.033338010E-1,-1.384885982E-2
4.433301421E1,1.310315281E-1,1.086602882E-1,-2.024064213E-2
4.433800603E1,1.310315281E-1,1.086602882E-1,-2.130593918E-2
4.434317619E1,1.203785539E-1,9.800732136E-2,-2.769771963E-2
4.434818848E1,1.054643989E-1,7.457078248E-2,-3.089361079E-2
4.435353775E1,8.202786744E-2,4.900366068E-2,-2.982831374E-2
4.435830369E1,5.859133229E-2,3.302420676E-2,-2.450183034E-2
4.436364749E1,5.219954997E-2,3.195890784E-2,-1.491415687E-2
4.436849999E1,5.539543927E-2,4.154657945E-2,-5.326484796E-3
4.437360228E1,6.604841352E-2,4.900366068E-2,3.195890691E-3
4.437889822E1,8.309315890E-2,4.687306657E-2,8.522375487E-3
4.438374499E1,9.800732136E-2,4.261187837E-2,9.587672539E-3
4.438870984E1,1.065296903E-1,3.622009605E-2,7.457078435E-3
4.439394041E1,1.097255871E-1,3.622009605E-2,5.326484796E-3
4.439900359E1,1.182479635E-1,4.580776766E-2,2.130593872E-3
4.440402109E1,1.171826646E-1,5.326484516E-2,-4.261187743E-3
4.440899875E1,1.139867753E-1,5.539543927E-2,-7.457078435E-3
4.441379750E1,1.118561774E-1,5.752603337E-2,-1.171826664E-2
4.441914000E1,1.065296903E-1,6.072192639E-2,-1.491415687E-2
4.442423697E1,1.012032107E-1,5.965662748E-2,-1.597945392E-2
4.442931646E1,9.587672353E-2,5.859133229E-2,-1.811004803E-2
4.443443094E1,9.055023640E-2,5.326484516E-2,-1.597945392E-2
4.443944708E1,8.841964602E-2,4.900366068E-2,-1.491415687E-2
4.444455922E1,8.841964602E-2,4.900366068E-2,-1.597945392E-2
4.444964448E1,9.055023640E-2,5.433014408E-2,-1.065296959E-2
4.445484240E1,9.587672353E-2,5.965662748E-2,-6.391781382E-3
4.445990885E1,1.022685021E-1,6.391781569E-2,-5.326484796E-3
4.446502219E1,1.065296903E-1,6.711370498E-2,0.000000000E0
4.446978933E1,1.118561774E-1,7.137489319E-2,3.195890691E-3
4.447494662E1,1.171826646E-1,7.670138031E-2,1.065296936E-3
4.447992558E1,1.214438528E-1,7.776667923E-2,2.130593872E-3
4.448513787E1,1.225091442E-1,7.776667923E-2,3.195890691E-3
4.449020432E1,1.203785539E-1,7.670138031E-2,4.261187743E-3
4.449537933E1,1.203785539E-1,7.989726961E-2,4.261187743E-3
4.450043693E1,1.203785539E-1,8.522375673E-2,2.130593872E-3
4.450546329E1,1.267703325E-1,9.268083423E-2,1.065296936E-3
4.451045943E1,1.320968270E-1,1.001379117E-1,-2.130593872E-3
4.451555641E1,1.384886056E-1,1.001379117E-1,-4.261187743E-3
4.452053694E1,1.427497864E-1,1.012032107E-1,-4.261187743E-3
4.452566433E1,1.459456831E-1,1.033338010E-1,-4.261187743E-3
4.453074824E1,1.448803842E-1,1.022685021E-1,-8.522375487E-3
4.453580100E1,1.363580078E-1,9.587672353E-2,-8.522375487E-3
4.454085168E1,1.257050335E-1,9.268083423E-2,-4.261187743E-3
4.454594824E1,1.299662292E-1,1.075949892E-1,-3.195890691E-3
4.455097360E1,1.427497864E-1,1.278356314E-1,-5.326484796E-3
4.455608147E1,1.565986425E-1,1.320968270E-1,-7.457078435E-3
4.456111480E1,1.693822145E-1,1.246397421E-1,-9.587672539E-3
4.456621558E1,1.672516167E-1,1.107908785E-1,-1.384885982E-2
4.457124512E1,1.534027606E-1,8.522375673E-2,-1.704475097E-2
4.457631157E1,1.289009303E-1,6.072192639E-2,-2.024064213E-2
4.458133949E1,1.054643989E-1,4.900366068E-2,-2.130593918E-2
4.458649444E1,8.415845782E-2,4.580776766E-2,-2.024064213E-2
4.459145132E1,7.776667923E-2,5.113425106E-2,-1.917534508E-2
4.459659278E1,7.563608140E-2,5.326484516E-2,-1.597945392E-2
4.460160491E1,7.563608140E-2,4.793836176E-2,-1.171826664E-2
4.460672861E1,7.563608140E-2,3.941598535E-2,-1.278356276E-2
4.461175085E1,6.711370498E-2,2.876301669E-2,-1.384885982E-2
4.461686741E1,5.965662748E-2,2.663242258E-2,-9.587672539E-3
4.462192715E1,5.646073818E-2,3.089361079E-2,-1.065296959E-2
4.462703226E1,5.646073818E-2,3.728539124E-2,-1.491415687E-2
4.463208632E1,5.433014408E-2,4.154657945E-2,-1.704475097E-2
4.463715278E1,5.752603337E-2,4.793836176E-2,-2.237123623E-2
4.464218903E1,6.391781569E-2,5.219954997E-2,-2.663242258E-2
4.464732096E1,6.924430281E-2,5.646073818E-2,-3.302420676E-2
4.465233434E1,7.244019210E-2,5.433014408E-2,-3.728539124E-2
4.465744533E1,7.137489319E-2,4.580776766E-2,-4.474247247E-2
4.466249992E1,6.498311460E-2,3.622009605E-2,-5.113425106E-2
4.466761507E1,5.646073818E-2,2.769771963E-2,-5.219954997E-2
4.467259846E1,5.006895587E-2,2.663242258E-2,-5.433014408E-2
4.467780127E1,4.154657945E-2,2.130593918E-2,-5.646073818E-2
4.468291836E1,3.728539124E-2,1.597945392E-2,-5.646073818E-2
4.468800107E1,3.408950195E-2,1.491415687E-2,-5.539543927E-2
4.469297622E1,3.515479714E-2,1.811004803E-2,-5.006895587E-2
4.469801747E1,3.941598535E-2,2.130593918E-2,-4.580776766E-2
4.470303487E1,4.367717355E-2,1.704475097E-2,-3.941598535E-2
4.470817497E1,4.793836176E-2,1.171826664E-2,-3.728539124E-2
4.471322888E1,4.687306657E-2,1.065296936E-3,-3.622009605E-2
4.471833596E1,4.474247247E-2,-5.326484796E-3,-3.622009605E-2
4.472331706E1,4.474247247E-2,-4.261187743E-3,-3.941598535E-2
4.472850524E1,4.261187837E-2,1.065296936E-3,-4.154657945E-2
4.473354117E1,4.687306657E-2,9.587672539E-3,-4.687306657E-2
4.473884201E1,5.326484516E-2,1.917534508E-2,-4.367717355E-2
4.474345664E1,6.072192639E-2,2.556712553E-2,-4.687306657E-2
4.474882289E1,6.711370498E-2,2.876301669E-2,-5.113425106E-2
4.475387508E1,8.202786744E-2,4.048128426E-2,-5.006895587E-2
4.475901764E1,9.800732136E-2,4.580776766E-2,-4.793836176E-2
4.476402024E1,1.139867753E-1,4.793836176E-2,-4.367717355E-2
4.476911790E1,1.342274100E-1,5.219954997E-2,-3.835069016E-2
4.477434160E1,1.491415650E-1,5.219954997E-2,-3.408950195E-2
4.477930930E1,1.597945392E-1,4.793836176E-2,-2.556712553E-2
4.478429967E1,1.640557349E-1,3.941598535E-2,-1.917534508E-2
4.478941868E1,1.597945392E-1,2.769771963E-2,-1.491415687E-2
4.479422550E1,1.470109820E-1,2.024064213E-2,-9.587672539E-3
4.479968280E1,1.363580078E-1,1.384885982E-2,-8.522375487E-3
4.480457519E1,1.203785539E-1,3.195890691E-3,-1.384885982E-2
4.480985233E1,1.001379117E-1,-1.171826664E-2,-2.343653329E-2
4.481485108E1,9.268083423E-2,8.522375487E-3,-2.556712553E-2
4.481989910E1,8.841964602E-2,2.769771963E-2,-3.408950195E-2
4.482489822E1,8.522375673E-2,2.982831374E-2,-4.474247247E-2
4.482998952E1,7.883197069E-2,2.450183034E-2,-5.326484516E-2
4.483499968E1,7.244019210E-2,2.769771963E-2,-6.072192639E-2
4.484018749E1,6.924430281E-2,3.302420676E-2,-6.391781569E-2
4.484519176E1,6.178722158E-2,2.769771963E-2,-6.604841352E-2
4.485028832E1,4.793836176E-2,7.457078435E-3,-7.137489319E-2
4.485524572E1,3.622009605E-2,4.261187743E-3,-7.670138031E-2
4.486043572E1,3.728539124E-2,1.384885982E-2,-7.350549102E-2
4.486559702E1,4.367717355E-2,2.450183034E-2,-6.711370498E-2
4.487061900E1,5.006895587E-2,2.024064213E-2,-6.072192639E-2
4.487556197E1,5.113425106E-2,8.522375487E-3,-5.752603337E-2
4.488073004E1,4.580776766E-2,1.065296936E-3,-5.219954997E-2
4.488589385E1,3.728539124E-2,-3.195890691E-3,-4.793836176E-2
4.489085161E1,2.876301669E-2,-1.171826664E-2,-4.687306657E-2
4.489592036E1,1.491415687E-2,-2.130593918E-2,-4.793836176E-2
4.490101166E1,7.457078435E-3,-2.876301669E-2,-5.006895587E-2
4.490597760E1,-3.195890691E-3,-2.450183034E-2,-5.113425106E-2
4.491114208E1,-6.391781382E-3,-1.917534508E-2,-5.006895587E-2
4.491627187E1,0.000000000E0,-9.587672539E-3,-4.580776766E-2
4.492124687E1,7.457078435E-3,2.130593872E-3,-4.048128426E-2
4.492637619E1,9.587672539E-3,3.195890691E-3,-3.941598535E-2
4.493160432E1,1.491415687E-2,5.326484796E-3,-4.261187837E-2
4.493645338E1,9.587672539E-3,7.457078435E-3,-4.367717355E-2
4.494166500E1,1.065296959E-2,7.457078435E-3,-4.900366068E-2
4.494656953E1,4.261187743E-3,5.326484796E-3,-5.219954997E-2
4.495172916E1,-1.065296936E-3,3.195890691E-3,-5.433014408E-2
4.495673974E1,-3.195890691E-3,3.195890691E-3,-5.539543927E-2
4.496186562E1,-6.391781382E-3,3.195890691E-3,-5.539543927E-2
4.496701214E1,-5.326484796E-3,7.457078435E-3,-5.859133229E-2
4.497200729E1,-9.587672539E-3,0.000000000E0,-6.072192639E-2
4.497712594E1,-1.704475097E-2,-1.384885982E-2,-6.285251677E-2
4.498229005E1,-2.237123623E-2,-1.811004803E-2,-6.391781569E-2
4.498718245E1,-2.769771963E-2,-2.024064213E-2,-6.072192639E-2
4.499231354E1,-3.089361079E-2,-1.811004803E-2,-5.646073818E-2
4.499732985E1,-3.622009605E-2,-1.811004803E-2,-5.433014408E-2
4.500244495E1,-4.048128426E-2,-2.130593918E-2,-5.219954997E-2
4.500753193E1,-4.154657945E-2,-1.811004803E-2,-5.006895587E-2
4.501260641E1,-3.835069016E-2,-1.171826664E-2,-5.006895587E-2
4.501763131E1,-3.622009605E-2,-8.522375487E-3,-5.113425106E-2
4.502271256E1,-3.195890784E-2,-3.195890691E-3,-4.580776766E-2
4.502746448E1,-2.237123623E-2,5.326484796E-3,-4.367717355E-2
4.503285558E1,-1.171826664E-2,1.065296959E-2,-4.048128426E-2
4.503785037E1,-5.326484796E-3,1.171826664E-2,-3.515479714E-2
4.504300959E1,-1.065296936E-3,1.491415687E-2,-3.195890784E-2
4.504799412E1,3.195890691E-3,2.663242258E-2,-2.769771963E-2
4.505316110E1,5.326484796E-3,3.728539124E-2,-2.237123623E-2
4.505814251E1,4.261187743E-3,4.154657945E-2,-1.811004803E-2
4.506336293E1,2.130593872E-3,4.474247247E-2,-1.597945392E-2
4.506834553E1,2.130593872E-3,4.900366068E-2,-1.065296959E-2
4.507339298E1,9.587672539E-3,5.433014408E-2,-7.457078435E-3
4.507841600E1,1.704475097E-2,5.859133229E-2,-1.065296936E-3
4.508353215E1,2.450183034E-2,5.752603337E-2,3.195890691E-3
4.508854189E1,2.343653329E-2,5.326484516E-2,2.130593872E-3
4.509369689E1,2.237123623E-2,5.326484516E-2,1.065296936E-3
4.509886434E1,2.876301669E-2,5.646073818E-2,3.195890691E-3
4.510398480E1,3.622009605E-2,5.752603337E-2,7.457078435E-3
4.510901366E1,4.261187837E-2,5.219954997E-2,1.171826664E-2
4.511402970E1,3.835069016E-2,4.367717355E-2,7.457078435E-3
4.511899746E1,3.302420676E-2,3.515479714E-2,0.000000000E0
4.512412080E1,3.089361079E-2,3.728539124E-2,0.000000000E0
4.512917887E1,3.408950195E-2,4.261187837E-2,3.195890691E-3
4.513431106E1,3.728539124E-2,4.048128426E-2,2.130593872E-3
4.513927809E1,3.302420676E-2,2.663242258E-2,0.000000000E0
4.514452944E1,2.769771963E-2,1.811004803E-2,-2.130593872E-3
4.514949741E1,2.663242258E-2,2.024064213E-2,-1.065296936E-3
4.515459533E1,2.982831374E-2,2.450183034E-2,4.261187743E-3
4.515964924E1,3.195890784E-2,2.663242258E-2,8.522375487E-3
4.516468356E1,3.835069016E-2,2.876301669E-2,8.522375487E-3
4.516979471E1,4.687306657E-2,3.408950195E-2,1.278356276E-2
4.517489695E1,5.433014408E-2,4.154657945E-2,1.171826664E-2
4.517990653E1,6.178722158E-2,4.474247247E-2,1.065296959E-2
4.518496132E1,6.924430281E-2,4.367717355E-2,6.391781382E-3
4.518998914E1,7.989726961E-2,4.580776766E-2,9.587672539E-3
4.519519455E1,8.735434711E-2,4.580776766E-2,1.384885982E-2
4.520043924E1,9.161553532E-2,4.154657945E-2,1.704475097E-2
4.520550846E1,9.268083423E-2,3.622009605E-2,2.024064213E-2
4.521029565E1,9.268083423E-2,3.408950195E-2,2.556712553E-2
4.521549575E1,9.374613315E-2,2.663242258E-2,3.089361079E-2
4.522048289E1,9.055023640E-2,2.130593918E-2,3.622009605E-2
4.522557154E1,8.735434711E-2,2.024064213E-2,3.835069016E-2
4.523054925E1,8.309315890E-2,1.811004803E-2,4.154657945E-2
4.523565872E1,7.563608140E-2,1.811004803E-2,4.687306657E-2
4.524080112E1,6.391781569E-2,1.171826664E-2,4.687306657E-2
4.524595159E1,5.113425106E-2,9.587672539E-3,4.793836176E-2
4.525101560E1,3.835069016E-2,6.391781382E-3,4.900366068E-2
4.525596961E1,2.769771963E-2,4.261187743E-3,4.687306657E-2
4.526112816E1,1.917534508E-2,5.326484796E-3,4.154657945E-2
4.526621305E1,1.384885982E-2,9.587672539E-3,4.048128426E-2
4.527115993E1,1.384885982E-2,1.278356276E-2,3.941598535E-2
4.527629284E1,1.491415687E-2,1.704475097E-2,3.515479714E-2
4.528127248E1,1.917534508E-2,1.811004803E-2,3.195890784E-2
4.528643269E1,1.704475097E-2,1.704475097E-2,2.982831374E-2
4.529149331E1,1.597945392E-2,1.704475097E-2,2.769771963E-2
4.529661139E1,1.811004803E-2,2.130593918E-2,2.343653329E-2
4.530155305E1,1.704475097E-2,2.237123623E-2,2.024064213E-2
4.530669087E1,1.065296959E-2,1.704475097E-2,1.811004803E-2
4.531177347E1,5.326484796E-3,1.278356276E-2,1.384885982E-2
4.531704451E1,-1.065296936E-3,9.587672539E-3,1.491415687E-2
4.532199618E1,-9.587672539E-3,4.261187743E-3,1.278356276E-2
4.532699155E1,-1.384885982E-2,2.130593872E-3,9.587672539E-3
4.533203582E1,-1.704475097E-2,3.195890691E-3,9.587672539E-3
4.533713170E1,-2.450183034E-2,-2.130593872E-3,1.065296959E-2
4.534242816E1,-3.515479714E-2,-1.171826664E-2,1.278356276E-2
4.534728884E1,-4.900366068E-2,-2.343653329E-2,1.384885982E-2
4.535229717E1,-6.178722158E-2,-2.876301669E-2,1.811004803E-2
4.535748556E1,-7.457078248E-2,-3.408950195E-2,2.130593918E-2
4.536247817E1,-8.628904819E-2,-3.941598535E-2,2.130593918E-2
4.536757525E1,-9.694202244E-2,-4.048128426E-2,2.237123623E-2
4.537254061E1,-1.022685021E-1,-3.302420676E-2,2.663242258E-2
4.537777140E1,-1.001379117E-1,-2.024064213E-2,3.089361079E-2
4.538275999E1,-1.001379117E-1,-1.278356276E-2,3.089361079E-2
4.538793067E1,-1.012032107E-1,-9.587672539E-3,3.195890784E-2
4.539310150E1,-1.022685021E-1,-2.130593872E-3,3.408950195E-2
4.539802650E1,-1.033338010E-1,3.195890691E-3,3.302420676E-2
4.540316041E1,-1.012032107E-1,5.326484796E-3,3.515479714E-2
4.540809838E1,-9.800732136E-2,1.278356276E-2,3.622009605E-2
4.541313723E1,-9.481142461E-2,1.811004803E-2,3.728539124E-2
4.541828088E1,-8.841964602E-2,2.450183034E-2,3.835069016E-2
4.542329400E1,-7.776667923E-2,3.408950195E-2,3.835069016E-2
4.542849661E1,-6.604841352E-2,3.622009605E-2,3.515479714E-2
4.543343385E1,-6.285251677E-2,3.408950195E-2,3.408950195E-2
4.543859186E1,-6.072192639E-2,3.089361079E-2,2.769771963E-2
4.544354864E1,-6.178722158E-2,3.302420676E-2,2.556712553E-2
4.544867421E1,-5.859133229E-2,3.408950195E-2,2.556712553E-2
4.545384135E1,-5.433014408E-2,2.769771963E-2,2.450183034E-2
4.545884453E1,-5.006895587E-2,2.024064213E-2,2.450183034E-2
4.546388849E1,-4.687306657E-2,1.278356276E-2,2.663242258E-2
4.546895099E1,-3.941598535E-2,8.522375487E-3,2.876301669E-2
4.547416885E1,-3.622009605E-2,8.522375487E-3,2.876301669E-2
4.547920864E1,-3.515479714E-2,5.326484796E-3,2.663242258E-2
4.548422453E1,-3.941598535E-2,-3.195890691E-3,1.597945392E-2
4.548922755E1,-4.900366068E-2,-1.065296959E-2,6.391781382E-3
4.549428156E1,-5.113425106E-2,-7.457078435E-3,4.261187743E-3
4.549943318E1,-4.900366068E-2,-4.261187743E-3,2.130593872E-3
4.550439047E1,-5.219954997E-2,-1.384885982E-2,-6.391781382E-3
4.550953453E1,-6.285251677E-2,-3.195890784E-2,-1.171826664E-2
4.551458578E1,-7.989726961E-2,-5.219954997E-2,-1.278356276E-2
4.551991740E1,-9.481142461E-2,-6.178722158E-2,-1.278356276E-2
4.552472146E1,-8.948494494E-2,-4.048128426E-2,-3.195890691E-3
4.552993693E1,-6.498311460E-2,-1.597945392E-2,6.391781382E-3
4.553491662E1,-4.367717355E-2,-7.457078435E-3,1.065296959E-2
4.554020006E1,-3.408950195E-2,-1.811004803E-2,1.597945392E-2
4.554501032E1,-3.728539124E-2,-2.876301669E-2,1.491415687E-2
4.555012881E1,-4.261187837E-2,-3.089361079E-2,1.171826664E-2
4.555510792E1,-4.687306657E-2,-2.769771963E-2,1.065296959E-2
4.556035058E1,-4.580776766E-2,-2.237123623E-2,1.065296959E-2
4.556529709E1,-4.261187837E-2,-2.130593918E-2,1.065296936E-3
4.557040720E1,-4.048128426E-2,-2.130593918E-2,-3.195890691E-3
4.557557600E1,-4.367717355E-2,-2.876301669E-2,-8.522375487E-3
4.558077376E1,-4.580776766E-2,-3.302420676E-2,-1.171826664E-2
4.558559022E1,-4.793836176E-2,-3.089361079E-2,-9.587672539E-3
4.559079074E1,-4.687306657E-2,-2.663242258E-2,-7.457078435E-3
4.559589933E1,-4.580776766E-2,-2.237123623E-2,-8.522375487E-3
4.560088819E1,-4.900366068E-2,-2.663242258E-2,-5.326484796E-3
4.560585131E1,-5.646073818E-2,-3.195890784E-2,-7.457078435E-3
4.561109131E1,-6.498311460E-2,-3.089361079E-2,-9.587672539E-3
4.561609673E1,-7.137489319E-2,-3.408950195E-2,-1.171826664E-2
4.562113303E1,-7.670138031E-2,-3.302420676E-2,-1.278356276E-2
4.562614626E1,-7.989726961E-2,-2.663242258E-2,-1.278356276E-2
4.563129658E1,-7.883197069E-2,-2.343653329E-2,-1.384885982E-2
4.563626559E1,-7.670138031E-2,-1.917534508E-2,-1.491415687E-2
4.564138590E1,-7.563608140E-2,-1.384885982E-2,-1.597945392E-2
4.564644850E1,-7.350549102E-2,-1.171826664E-2,-1.597945392E-2
4.565161246E1,-6.711370498E-2,-5.326484796E-3,-1.278356276E-2
4.565656939E1,-6.711370498E-2,-1.065296936E-3,-1.065296959E-2
4.566184835E1,-6.711370498E-2,-3.195890691E-3,-7.457078435E-3
4.566675945E1,-6.604841352E-2,-7.457078435E-3,-4.261187743E-3
4.567195059E1,-6.498311460E-2,-1.065296959E-2,-3.195890691E-3
4.567684460E1,-6.498311460E-2,-1.491415687E-2,1.065296936E-3
4.568199241E1,-6.391781569E-2,-1.704475097E-2,1.065296936E-3
4.568700117E1,-6.391781569E-2,-1.811004803E-2,2.130593872E-3
4.569234913E1,-6.072192639E-2,-1.491415687E-2,2.130593872E-3
4.569712257E1,-5.859133229E-2,-1.278356276E-2,2.130593872E-3
4.570227507E1,-5.433014408E-2,-7.457078435E-3,2.130593872E-3
4.570737737E1,-4.261187837E-2,-4.261187743E-3,5.326484796E-3
4.571259580E1,-3.302420676E-2,6.391781382E-3,8.522375487E-3
4.571746388E1,-2.130593918E-2,1.704475097E-2,1.384885982E-2
4.572268195E1,-1.278356276E-2,1.704475097E-2,1.384885982E-2
4.572802388E1,-1.704475097E-2,6.391781382E-3,1.597945392E-2
4.573269664E1,-2.663242258E-2,-1.065296936E-3,1.597945392E-2
4.573780940E1,-3.302420676E-2,-6.391781382E-3,1.704475097E-2
4.574309497E1,-3.408950195E-2,0.000000000E0,1.917534508E-2
4.574781810E1,-3.089361079E-2,9.587672539E-3,2.130593918E-2
4.575299763E1,-2.237123623E-2,1.704475097E-2,2.237123623E-2
4.575795758E1,-1.597945392E-2,1.811004803E-2,2.343653329E-2
4.576307951E1,-1.171826664E-2,1.065296959E-2,2.237123623E-2
4.576815675E1,-9.587672539E-3,7.457078435E-3,2.024064213E-2
4.577324466E1,-6.391781382E-3,2.130593872E-3,1.704475097E-2
4.577823815E1,-3.195890691E-3,1.065296936E-3,1.811004803E-2
4.578337800E1,6.391781382E-3,4.261187743E-3,2.130593918E-2
4.578844409E1,1.704475097E-2,4.261187743E-3,2.450183034E-2
4.579356701E1,2.450183034E-2,-2.130593872E-3,2.556712553E-2
4.579855185E1,2.769771963E-2,-9.587672539E-3,2.769771963E-2
4.580380925E1,2.556712553E-2,-1.278356276E-2,2.237123623E-2
4.580871347E1,2.556712553E-2,-9.587672539E-3,1.917534508E-2
4.581390623E1,2.663242258E-2,-3.195890691E-3,2.024064213E-2
4.581897050E1,2.876301669E-2,1.065296936E-3,1.811004803E-2
4.582393680E1,3.089361079E-2,5.326484796E-3,1.597945392E-2
4.582896639E1,3.195890784E-2,7.457078435E-3,1.278356276E-2
4.583411576E1,2.663242258E-2,7.457078435E-3,1.171826664E-2
4.583914478E1,2.663242258E-2,1.278356276E-2,1.278356276E-2
4.584435519E1,3.408950195E-2,2.130593918E-2,1.917534508E-2
4.584938795E1,4.261187837E-2,2.237123623E-2,2.343653329E-2
4.585440118E1,4.580776766E-2,2.237123623E-2,2.876301669E-2
4.585950155E1,5.219954997E-2,2.663242258E-2,3.728539124E-2
4.586468103E1,6.285251677E-2,3.302420676E-2,4.580776766E-2
4.586984457E1,7.563608140E-2,4.474247247E-2,5.859133229E-2
4.587482874E1,9.161553532E-2,5.326484516E-2,7.030959427E-2
4.587982999E1,1.012032107E-1,5.006895587E-2,8.202786744E-2
4.588482217E1,1.033338010E-1,4.048128426E-2,8.415845782E-2
4.588987155E1,8.948494494E-2,2.450183034E-2,8.096256852E-2
4.589498999E1,6.924430281E-2,9.587672539E-3,7.137489319E-2
4.589998061E1,5.113425106E-2,7.457078435E-3,6.072192639E-2
4.590529181E1,3.728539124E-2,1.917534508E-2,5.006895587E-2
4.591028119E1,3.302420676E-2,2.876301669E-2,3.622009605E-2
4.591546541E1,2.769771963E-2,2.982831374E-2,2.769771963E-2
4.592029244E1,2.024064213E-2,2.343653329E-2,1.811004803E-2
4.592542411E1,1.491415687E-2,7.457078435E-3,1.171826664E-2
4.593037832E1,5.326484796E-3,-1.065296959E-2,3.195890691E-3
4.593547530E1,-3.195890691E-3,-2.663242258E-2,-2.130593872E-3
4.594054057E1,-6.391781382E-3,-3.622009605E-2,-3.195890691E-3
4.594567484E1,-5.326484796E-3,-3.408950195E-2,-3.195890691E-3
4.595069255E1,-2.130593872E-3,-2.769771963E-2,-2.130593872E-3
4.595603088E1,7.457078435E-3,-2.130593918E-2,1.065296936E-3
4.596081885E1,1.811004803E-2,-1.171826664E-2,5.326484796E-3
4.596599458E1,3.195890784E-2,3.195890691E-3,1.384885982E-2
4.597111067E1,5.113425106E-2,2.130593918E-2,2.450183034E-2
4.597608109E1,6.391781569E-2,2.237123623E-2,3.195890784E-2
4.598111312E1,6.711370498E-2,1.491415687E-2,3.835069016E-2
4.598622640E1,5.859133229E-2,-4.261187743E-3,3.941598535E-2
4.599123562E1,3.408950195E-2,-2.982831374E-2,2.982831374E-2
4.599642396E1,1.491415687E-2,-2.876301669E-2,2.024064213E-2
4.600158307E1,3.835069016E-2,4.580776766E-2,3.302420676E-2
4.600665349E1,1.086602882E-1,1.427497864E-1,6.178722158E-2
4.601154854E1,1.693822145E-1,1.576639414E-1,6.711370498E-2
4.601673422E1,2.982831374E-2,-1.395539045E-1,-8.522375487E-3
4.602167052E1,-1.587292403E-1,-3.131972849E-1,-1.182479635E-1
4.602696828E1,-1.651210189E-1,-5.646073818E-2,-1.832310706E-1
4.603187604E1,-9.055023640E-2,1.896228492E-1,-1.683169156E-1
4.603729917E1,-1.065296959E-2,2.546059787E-1,-1.161173657E-1
4.604237063E1,6.498311460E-2,2.056023031E-1,-8.628904819E-2
4.604710787E1,8.841964602E-2,1.022685021E-1,-6.285251677E-2
4.605210844E1,7.030959427E-2,1.811004803E-2,-4.048128426E-2
4.605723297E1,4.154657945E-2,-4.687306657E-2,-3.195890784E-2
4.606223485E1,3.302420676E-2,-7.244019210E-2,-2.024064213E-2
4.606743547E1,4.048128426E-2,-5.965662748E-2,-7.457078435E-3
4.607241652E1,4.580776766E-2,-3.195890784E-2,2.130593872E-3
4.607756985E1,4.367717355E-2,-5.326484796E-3,1.278356276E-2
4.608256709E1,3.941598535E-2,7.457078435E-3,1.917534508E-2
4.608774626E1,3.302420676E-2,-7.457078435E-3,2.024064213E-2
4.609295829E1,2.343653329E-2,-2.556712553E-2,1.597945392E-2
4.609747709E1,2.024064213E-2,-2.130593918E-2,1.171826664E-2
4.610313845E1,2.024064213E-2,1.065296936E-3,3.195890691E-3
4.610808371E1,2.237123623E-2,1.811004803E-2,-7.457078435E-3
4.611303699E1,2.982831374E-2,3.302420676E-2,-1.597945392E-2
4.611785314E1,4.048128426E-2,4.474247247E-2,-2.024064213E-2
4.612310335E1,5.219954997E-2,4.367717355E-2,-2.130593918E-2
4.612858637E1,6.072192639E-2,3.302420676E-2,-1.917534508E-2
4.613325881E1,6.817900389E-2,2.237123623E-2,-1.384885982E-2
4.613839032E1,6.711370498E-2,1.278356276E-2,-1.065296959E-2
4.614342663E1,6.391781569E-2,9.587672539E-3,-6.391781382E-3
4.614860095E1,5.752603337E-2,1.491415687E-2,-2.130593872E-3
4.615354434E1,5.006895587E-2,1.278356276E-2,3.195890691E-3
4.615876522E1,4.474247247E-2,1.704475097E-2,2.130593872E-3
4.616380371E1,4.048128426E-2,2.237123623E-2,1.065296959E-2
4.616902147E1,4.154657945E-2,2.343653329E-2,1.597945392E-2
4.617400148E1,4.261187837E-2,2.343653329E-2,2.024064213E-2
4.617919554E1,4.048128426E-2,1.917534508E-2,2.343653329E-2
4.618409455E1,4.048128426E-2,1.384885982E-2,2.450183034E-2
4.618914413E1,4.261187837E-2,1.065296959E-2,2.556712553E-2
4.619415200E1,5.006895587E-2,6.391781382E-3,2.450183034E-2
4.619923210E1,5.752603337E-2,6.391781382E-3,2.343653329E-2
4.620428731E1,6.285251677E-2,7.457078435E-3,2.556712553E-2
4.620956684E1,7.137489319E-2,8.522375487E-3,2.130593918E-2
4.621441247E1,7.989726961E-2,8.522375487E-3,2.024064213E-2
4.621954528E1,8.202786744E-2,9.587672539E-3,1.704475097E-2
4.622465086E1,8.415845782E-2,7.457078435E-3,1.384885982E-2
4.622962315E1,8.522375673E-2,7.457078435E-3,1.171826664E-2
4.623491002E1,8.309315890E-2,1.065296959E-2,1.597945392E-2
4.624002622E1,7.350549102E-2,1.065296936E-3,1.597945392E-2
4.624485461E1,6.285251677E-2,-5.326484796E-3,1.065296959E-2
4.625018554E1,6.072192639E-2,1.278356276E-2,1.278356276E-2
4.625495383E1,6.072192639E-2,2.024064213E-2,1.704475097E-2
4.626021018E1,5.433014408E-2,3.195890691E-3,2.130593918E-2
4.626519216E1,3.835069016E-2,-1.704475097E-2,2.130593918E-2
4.627021674E1,2.237123623E-2,-1.704475097E-2,1.704475097E-2
4.627529143E1,9.587672539E-3,-2.343653329E-2,8.522375487E-3
4.628040305E1,9.587672539E-3,-1.704475097E-2,3.195890691E-3
4.628540357E1,1.597945392E-2,-7.457078435E-3,-5.326484796E-3
4.629054722E1,2.130593872E-3,-2.237123623E-2,-1.597945392E-2
4.629570550E1,-8.522375487E-3,-2.237123623E-2,-2.663242258E-2
4.630067742E1,-4.261187743E-3,-6.391781382E-3,-2.876301669E-2
4.630573284E1,1.065296959E-2,1.065296959E-2,-2.982831374E-2
4.631078268E1,3.089361079E-2,1.811004803E-2,-2.876301669E-2
4.631584472E1,3.728539124E-2,1.384885982E-2,-2.982831374E-2
4.632101555E1,3.941598535E-2,1.597945392E-2,-2.876301669E-2
4.632604982E1,4.900366068E-2,3.195890784E-2,-2.769771963E-2
4.633079951E1,5.965662748E-2,4.367717355E-2,-2.556712553E-2
4.633576212E1,6.604841352E-2,4.367717355E-2,-2.450183034E-2
4.634136436E1,6.498311460E-2,3.835069016E-2,-2.130593918E-2
4.634622691E1,6.498311460E-2,3.408950195E-2,-2.024064213E-2
4.635140451E1,6.072192639E-2,3.302420676E-2,-2.450183034E-2
4.635649405E1,4.154657945E-2,1.704475097E-2,-3.195890784E-2
4.636153639E1,2.130593918E-2,6.391781382E-3,-4.367717355E-2
4.636660780E1,9.587672539E-3,1.917534508E-2,-5.219954997E-2
4.637205066E1,1.065296936E-3,2.876301669E-2,-5.965662748E-2
4.637668592E1,-6.391781382E-3,3.622009605E-2,-6.285251677E-2
4.638157097E1,-9.587672539E-3,3.835069016E-2,-6.391781569E-2
4.638672212E1,-9.587672539E-3,3.835069016E-2,-6.498311460E-2
4.639211743E1,-6.391781382E-3,4.048128426E-2,-6.498311460E-2
4.639692379E1,0.000000000E0,4.048128426E-2,-6.072192639E-2
4.640206634E1,4.261187743E-3,3.835069016E-2,-5.433014408E-2
4.640712842E1,1.704475097E-2,4.048128426E-2,-4.474247247E-2
4.641223738E1,2.556712553E-2,4.154657945E-2,-3.728539124E-2
4.641738686E1,3.408950195E-2,3.835069016E-2,-3.728539124E-2
4.642255290E1,4.048128426E-2,3.302420676E-2,-3.941598535E-2
4.642745015E1,3.302420676E-2,1.491415687E-2,-4.687306657E-2
4.643261801E1,2.769771963E-2,1.278356276E-2,-5.113425106E-2
4.643755983E1,2.024064213E-2,1.704475097E-2,-5.646073818E-2
4.644304280E1,1.278356276E-2,1.811004803E-2,-5.965662748E-2
4.644767947E1,5.326484796E-3,1.704475097E-2,-6.285251677E-2
4.645289275E1,1.065296936E-3,2.130593918E-2,-6.072192639E-2
4.645796546E1,0.000000000E0,2.024064213E-2,-5.326484516E-2
4.646318723E1,-2.130593872E-3,1.278356276E-2,-4.687306657E-2
4.646800801E1,-2.130593872E-3,3.195890691E-3,-3.728539124E-2
4.647325786E1,-2.130593872E-3,-3.195890691E-3,-2.982831374E-2
4.647811176E1,2.130593872E-3,-6.391781382E-3,-2.450183034E-2
4.648324057E1,6.391781382E-3,-6.391781382E-3,-1.597945392E-2
4.648824953E1,1.171826664E-2,-4.261187743E-3,-1.278356276E-2
4.649341974E1,1.917534508E-2,5.326484796E-3,-1.384885982E-2
4.649838916E1,2.769771963E-2,1.278356276E-2,-1.811004803E-2
4.650354713E1,3.408950195E-2,2.024064213E-2,-2.024064213E-2
4.650854875E1,3.941598535E-2,2.556712553E-2,-2.450183034E-2
4.651375099E1,4.367717355E-2,2.130593918E-2,-2.876301669E-2
4.651868906E1,4.687306657E-2,1.491415687E-2,-2.982831374E-2
4.652385380E1,4.793836176E-2,1.065296959E-2,-2.982831374E-2
4.652888406E1,4.367717355E-2,4.261187743E-3,-2.556712553E-2
4.653403479E1,4.154657945E-2,-4.261187743E-3,-2.343653329E-2
4.653924141E1,3.515479714E-2,-6.391781382E-3,-2.024064213E-2
4.654416912E1,2.982831374E-2,-7.457078435E-3,-2.237123623E-2
4.654876740E1,2.556712553E-2,-7.457078435E-3,-2.237123623E-2
4.655433401E1,2.343653329E-2,-3.195890691E-3,-2.130593918E-2
4.655931985E1,1.917534508E-2,4.261187743E-3,-2.343653329E-2
4.656451183E1,1.917534508E-2,8.522375487E-3,-2.450183034E-2
4.656941782E1,1.704475097E-2,1.278356276E-2,-2.343653329E-2
4.657457802E1,1.171826664E-2,1.597945392E-2,-2.237123623E-2
4.657959329E1,8.522375487E-3,1.384885982E-2,-2.024064213E-2
4.658501152E1,5.326484796E-3,1.491415687E-2,-2.024064213E-2
4.658973558E1,4.261187743E-3,1.704475097E-2,-2.130593918E-2
4.659475021E1,6.391781382E-3,1.917534508E-2,-2.130593918E-2
4.659986897E1,6.391781382E-3,2.237123623E-2,-2.343653329E-2
4.660497027E1,8.522375487E-3,2.450183034E-2,-2.130593918E-2
4.660999391E1,1.065296959E-2,2.450183034E-2,-2.024064213E-2
4.661524365E1,8.522375487E-3,2.343653329E-2,-2.024064213E-2
4.662010751E1,3.195890691E-3,1.811004803E-2,-2.024064213E-2
4.662522694E1,2.130593872E-3,1.491415687E-2,-1.811004803E-2
4.663025657E1,-3.195890691E-3,1.065296959E-2,-1.597945392E-2
4.663545782E1,-6.391781382E-3,7.457078435E-3,-1.278356276E-2
4.664046183E1,-9.587672539E-3,5.326484796E-3,-1.278356276E-2
4.664551751E1,-1.384885982E-2,5.326484796E-3,-1.491415687E-2
4.665056360E1,-1.704475097E-2,5.326484796E-3,-1.384885982E-2
4.665572621E1,-2.343653329E-2,6.391781382E-3,-1.171826664E-2
4.666067335E1,-2.769771963E-2,9.587672539E-3,-1.065296959E-2
4.666578939E1,-3.195890784E-2,1.917534508E-2,-8.522375487E-3
4.667081876E1,-2.982831374E-2,2.450183034E-2,-8.522375487E-3
4.667593840E1,-2.237123623E-2,3.089361079E-2,-6.391781382E-3
4.668100720E1,-1.491415687E-2,4.261187837E-2,-7.457078435E-3
4.668617673E1,-1.065296936E-3,5.006895587E-2,-9.587672539E-3
4.669120262E1,8.522375487E-3,5.219954997E-2,-8.522375487E-3
4.669633621E1,2.130593918E-2,5.113425106E-2,-7.457078435E-3
4.670132252E1,2.876301669E-2,5.113425106E-2,-7.457078435E-3
4.670642845E1,3.515479714E-2,6.072192639E-2,-6.391781382E-3
4.671138273E1,4.048128426E-2,6.711370498E-2,-7.457078435E-3
4.671654142E1,4.687306657E-2,7.350549102E-2,-1.065296959E-2
4.672149622E1,4.793836176E-2,7.350549102E-2,-1.171826664E-2
4.672682840E1,4.687306657E-2,7.457078248E-2,-1.278356276E-2
4.673157429E1,4.261187837E-2,7.350549102E-2,-1.491415687E-2
4.673682887E1,3.941598535E-2,7.137489319E-2,-1.917534508E-2
4.674183580E1,3.195890784E-2,6.817900389E-2,-1.917534508E-2
4.674707955E1,2.343653329E-2,6.178722158E-2,-1.704475097E-2
4.675196757E1,1.384885982E-2,5.752603337E-2,-1.491415687E-2
4.675708184E1,8.522375487E-3,5.433014408E-2,-1.597945392E-2
4.676210330E1,7.457078435E-3,4.793836176E-2,-1.704475097E-2
4.676721898E1,3.195890691E-3,4.367717355E-2,-1.597945392E-2
4.677237456E1,1.065296936E-3,3.835069016E-2,-2.024064213E-2
4.677743013E1,0.000000000E0,3.408950195E-2,-2.024064213E-2
4.678228091E1,-1.065296936E-3,2.556712553E-2,-2.024064213E-2
4.678765018E1,3.195890691E-3,3.515479714E-2,-2.343653329E-2
4.679263471E1,1.811004803E-2,5.539543927E-2,-2.237123623E-2
4.679765940E1,2.876301669E-2,6.072192639E-2,-1.811004803E-2
4.680267550E1,3.622009605E-2,6.072192639E-2,-1.384885982E-2
4.680787680E1,4.580776766E-2,6.391781569E-2,-8.522375487E-3
4.681280472E1,5.859133229E-2,6.711370498E-2,-3.195890691E-3
4.681793081E1,7.563608140E-2,6.817900389E-2,5.326484796E-3
4.682301440E1,8.415845782E-2,6.391781569E-2,1.704475097E-2
4.682812654E1,9.268083423E-2,6.604841352E-2,2.876301669E-2
4.683278842E1,1.129214764E-1,8.628904819E-2,5.113425106E-2
4.683834076E1,1.757739931E-1,1.565986425E-1,9.800732136E-2
4.684325060E1,2.045370042E-1,1.310315281E-1,1.182479635E-1
4.684836878E1,5.433014408E-2,-1.043990999E-1,5.006895587E-2
4.685351811E1,-2.876301669E-2,-5.752603337E-2,1.597945392E-2
4.685850956E1,1.171826664E-2,1.299662292E-1,5.326484796E-3
4.686377055E1,5.326484516E-2,1.587292403E-1,-1.384885982E-2
4.686872128E1,7.030959427E-2,1.139867753E-1,-2.663242258E-2
4.687364035E1,7.457078248E-2,7.883197069E-2,-3.089361079E-2
4.687892535E1,6.285251677E-2,5.965662748E-2,-3.515479714E-2
4.688397316E1,5.646073818E-2,5.752603337E-2,-3.622009605E-2
4.688902670E1,5.646073818E-2,5.113425106E-2,-4.154657945E-2
4.689396639E1,5.859133229E-2,3.835069016E-2,-4.474247247E-2
4.689910602E1,6.285251677E-2,2.982831374E-2,-4.474247247E-2
4.690412629E1,6.604841352E-2,2.024064213E-2,-4.154657945E-2
4.690918207E1,6.285251677E-2,4.261187743E-3,-3.728539124E-2
4.691462410E1,5.965662748E-2,-3.195890691E-3,-3.302420676E-2
4.691946144E1,5.646073818E-2,2.130593872E-3,-2.663242258E-2
4.692433660E1,5.219954997E-2,5.326484796E-3,-2.130593918E-2
4.692953520E1,5.326484516E-2,1.171826664E-2,-1.384885982E-2
4.693456468E1,6.072192639E-2,1.597945392E-2,-6.391781382E-3
4.693982889E1,6.924430281E-2,2.130593918E-2,-5.326484796E-3
4.694491369E1,7.563608140E-2,2.556712553E-2,-2.130593872E-3
4.694999119E1,8.096256852E-2,2.876301669E-2,-1.065296936E-3
4.695481332E1,8.415845782E-2,3.302420676E-2,-1.065296936E-3
4.695993744E1,8.628904819E-2,3.515479714E-2,-2.130593872E-3
4.696496369E1,8.628904819E-2,3.408950195E-2,0.000000000E0
4.697015858E1,8.841964602E-2,3.622009605E-2,3.195890691E-3
4.697509088E1,9.694202244E-2,4.474247247E-2,5.326484796E-3
4.698022687E1,1.065296903E-1,5.326484516E-2,1.065296959E-2
4.698522176E1,1.107908785E-1,5.219954997E-2,1.384885982E-2
4.699059786E1,1.054643989E-1,5.433014408E-2,1.917534508E-2
4.699534583E1,1.022685021E-1,6.178722158E-2,2.450183034E-2
4.700060546E1,9.587672353E-2,6.391781569E-2,3.195890784E-2
4.700556625E1,8.841964602E-2,6.285251677E-2,4.154657945E-2
4.701064927E1,6.924430281E-2,5.326484516E-2,4.367717355E-2
4.701579385E1,4.367717355E-2,3.515479714E-2,3.408950195E-2
4.702089724E1,2.024064213E-2,3.302420676E-2,1.811004803E-2
4.702581901E1,9.587672539E-3,4.154657945E-2,-2.130593872E-3
4.703102739E1,1.065296959E-2,4.900366068E-2,-2.237123623E-2
4.703627099E1,2.130593918E-2,5.113425106E-2,-3.622009605E-2
4.704107364E1,3.195890784E-2,4.367717355E-2,-4.580776766E-2
4.704624292E1,3.622009605E-2,2.769771963E-2,-5.752603337E-2
4.705130109E1,3.622009605E-2,1.065296959E-2,-5.965662748E-2
4.705621948E1,3.728539124E-2,-1.065296936E-3,-5.859133229E-2
4.706142620E1,3.941598535E-2,-8.522375487E-3,-5.965662748E-2
4.706637797E1,3.622009605E-2,-2.556712553E-2,-5.219954997E-2
4.707154302E1,2.769771963E-2,-5.006895587E-2,-4.580776766E-2
4.707673927E1,3.622009605E-2,-3.835069016E-2,-3.622009605E-2
4.708166308E1,4.687306657E-2,-2.343653329E-2,-2.556712553E-2
4.708680157E1,5.219954997E-2,-2.237123623E-2,-2.024064213E-2
4.709181485E1,5.219954997E-2,-2.343653329E-2,-1.917534508E-2
4.709679474E1,5.326484516E-2,-2.130593918E-2,-1.491415687E-2
4.710192813E1,5.219954997E-2,-1.704475097E-2,-1.065296959E-2
4.710692412E1,5.113425106E-2,-1.278356276E-2,-2.130593872E-3
4.711219771E1,5.006895587E-2,-7.457078435E-3,4.261187743E-3
4.711711318E1,4.900366068E-2,0.000000000E0,1.065296936E-3
4.712235391E1,4.580776766E-2,6.391781382E-3,2.130593872E-3
4.712718860E1,4.154657945E-2,9.587672539E-3,1.065296936E-3
4.713233240E1,3.835069016E-2,1.491415687E-2,0.000000000E0
4.713756235E1,2.982831374E-2,1.704475097E-2,1.065296936E-3
4.714253944E1,2.343653329E-2,2.237123623E-2,-2.130593872E-3
4.714752371E1,2.024064213E-2,2.450183034E-2,-2.130593872E-3
4.715264412E1,1.917534508E-2,2.769771963E-2,1.065296936E-3
4.715766918E1,2.024064213E-2,3.195890784E-2,-1.065296936E-3
4.716279162E1,2.237123623E-2,3.195890784E-2,-3.195890691E-3
4.716793407E1,2.130593918E-2,2.450183034E-2,-1.065296936E-3
4.717288834E1,2.556712553E-2,2.024064213E-2,1.065296936E-3
4.717804168E1,2.769771963E-2,1.704475097E-2,4.261187743E-3
4.718327256E1,2.663242258E-2,1.065296959E-2,6.391781382E-3
4.718845569E1,2.237123623E-2,6.391781382E-3,6.391781382E-3
4.719323314E1,2.450183034E-2,7.457078435E-3,6.391781382E-3
4.719852069E1,2.024064213E-2,7.457078435E-3,5.326484796E-3
4.720379418E1,1.597945392E-2,2.130593872E-3,4.261187743E-3
4.720843496E1,8.522375487E-3,0.000000000E0,-1.065296936E-3
4.721344116E1,2.130593872E-3,0.000000000E0,-5.326484796E-3
4.721854252E1,-2.130593872E-3,-3.195890691E-3,-8.522375487E-3
4.722369455E1,-5.326484796E-3,3.195890691E-3,-1.384885982E-2
4.722863747E1,-4.261187743E-3,7.457078435E-3,-1.704475097E-2
4.723382913E1,-3.195890691E-3,1.278356276E-2,-1.811004803E-2
4.723908247E1,-2.130593872E-3,1.384885982E-2,-1.917534508E-2
4.724389872E1,0.000000000E0,1.384885982E-2,-1.917534508E-2
4.724891601E1,2.130593872E-3,1.917534508E-2,-1.917534508E-2
4.725419554E1,3.195890691E-3,1.917534508E-2,-1.811004803E-2
4.725921710E1,7.457078435E-3,1.917534508E-2,-1.278356276E-2
4.726424851E1,1.384885982E-2,2.024064213E-2,-1.065296959E-2
4.726923783E1,2.130593918E-2,1.811004803E-2,-5.326484796E-3
4.727434914E1,2.556712553E-2,1.384885982E-2,1.065296936E-3
4.727951919E1,2.556712553E-2,9.587672539E-3,3.195890691E-3
4.728454476E1,2.982831374E-2,1.491415687E-2,5.326484796E-3
4.728954310E1,3.728539124E-2,2.450183034E-2,5.326484796E-3
4.729461080E1,4.261187837E-2,3.195890784E-2,6.391781382E-3
4.729979982E1,4.793836176E-2,3.515479714E-2,5.326484796E-3
4.730481888E1,4.793836176E-2,3.941598535E-2,2.130593872E-3
4.730980591E1,4.261187837E-2,3.408950195E-2,0.000000000E0
4.731494575E1,3.835069016E-2,3.515479714E-2,-1.065296936E-3
4.731998643E1,3.408950195E-2,3.941598535E-2,-6.391781382E-3
4.732510081E1,1.917534508E-2,3.195890784E-2,-1.278356276E-2
4.733016472E1,8.522375487E-3,3.195890784E-2,-1.811004803E-2
4.733523472E1,6.391781382E-3,3.622009605E-2,-1.491415687E-2
4.734024732E1,5.326484796E-3,3.408950195E-2,-1.384885982E-2
4.734534034E1,5.326484796E-3,3.195890784E-2,-1.171826664E-2
4.735035909E1,9.587672539E-3,3.089361079E-2,-1.171826664E-2
4.735558164E1,1.171826664E-2,2.769771963E-2,-1.384885982E-2
4.736070831E1,1.704475097E-2,2.769771963E-2,-1.171826664E-2
4.736562493E1,2.769771963E-2,3.622009605E-2,-1.065296959E-2
4.737074800E1,3.941598535E-2,4.474247247E-2,-9.587672539E-3
4.737595727E1,4.474247247E-2,4.261187837E-2,-1.171826664E-2
4.738097045E1,4.580776766E-2,4.580776766E-2,-8.522375487E-3
4.738590925E1,6.072192639E-2,6.391781569E-2,-8.522375487E-3
4.739098269E1,7.137489319E-2,6.711370498E-2,-8.522375487E-3
4.739606118E1,6.711370498E-2,5.859133229E-2,-1.171826664E-2
4.740108670E1,6.498311460E-2,5.539543927E-2,-1.171826664E-2
4.740635910E1,5.752603337E-2,4.900366068E-2,-1.384885982E-2
4.741127405E1,4.793836176E-2,4.261187837E-2,-1.491415687E-2
4.741646576E1,4.261187837E-2,4.261187837E-2,-1.278356276E-2
4.742137905E1,4.367717355E-2,3.835069016E-2,-1.065296959E-2
4.742653384E1,3.835069016E-2,1.811004803E-2,-1.171826664E-2
4.743154264E1,3.408950195E-2,7.457078435E-3,-1.278356276E-2
4.743674259E1,3.515479714E-2,6.391781382E-3,-1.278356276E-2
4.744169827E1,4.261187837E-2,4.261187743E-3,-1.384885982E-2
4.744677999E1,4.793836176E-2,4.261187743E-3,-1.704475097E-2
4.745178994E1,5.219954997E-2,4.261187743E-3,-1.917534508E-2
4.745695389E1,5.965662748E-2,1.065296959E-2,-1.811004803E-2
4.746193280E1,6.711370498E-2,1.811004803E-2,-2.024064213E-2
4.746709551E1,7.563608140E-2,2.556712553E-2,-2.237123623E-2
4.747235374E1,8.096256852E-2,2.876301669E-2,-2.450183034E-2
4.747721718E1,8.522375673E-2,2.876301669E-2,-2.663242258E-2
4.748226452E1,9.055023640E-2,2.982831374E-2,-2.450183034E-2
4.748739848E1,9.161553532E-2,2.663242258E-2,-2.237123623E-2
4.749235452E1,9.161553532E-2,2.343653329E-2,-1.704475097E-2
4.749752171E1,9.055023640E-2,1.491415687E-2,-1.171826664E-2
4.750260656E1,8.202786744E-2,1.597945392E-2,-1.171826664E-2
4.750769208E1,7.137489319E-2,1.491415687E-2,-7.457078435E-3
4.751267104E1,6.285251677E-2,1.811004803E-2,-7.457078435E-3
4.751786062E1,5.646073818E-2,2.237123623E-2,-1.065296959E-2
4.752285395E1,4.687306657E-2,3.089361079E-2,-1.278356276E-2
4.752803140E1,4.474247247E-2,3.728539124E-2,-1.065296959E-2
4.753309785E1,4.687306657E-2,4.900366068E-2,-5.326484796E-3
4.753819482E1,4.900366068E-2,5.006895587E-2,-4.261187743E-3
4.754298046E1,4.580776766E-2,4.474247247E-2,-2.130593872E-3
4.754807744E1,4.687306657E-2,4.367717355E-2,0.000000000E0
4.755327146E1,4.900366068E-2,4.580776766E-2,3.195890691E-3
4.755848890E1,5.539543927E-2,4.793836176E-2,6.391781382E-3
4.756334724E1,5.859133229E-2,4.687306657E-2,8.522375487E-3
4.756851437E1,5.646073818E-2,3.941598535E-2,1.278356276E-2
4.757347948E1,5.326484516E-2,3.302420676E-2,1.384885982E-2
4.757873984E1,4.687306657E-2,2.663242258E-2,1.704475097E-2
4.758367620E1,4.154657945E-2,2.343653329E-2,2.450183034E-2
4.758881036E1,3.515479714E-2,1.917534508E-2,2.982831374E-2
4.759399229E1,2.876301669E-2,1.491415687E-2,3.622009605E-2
4.759896594E1,2.556712553E-2,2.130593918E-2,4.900366068E-2
4.760397151E1,2.663242258E-2,2.130593918E-2,5.859133229E-2
4.760917563E1,3.195890784E-2,2.450183034E-2,7.137489319E-2
4.761420844E1,3.941598535E-2,2.982831374E-2,8.948494494E-2
4.761935271E1,4.154657945E-2,2.663242258E-2,1.086602882E-1
4.762442667E1,4.154657945E-2,1.384885982E-2,1.278356314E-1
4.762934214E1,3.195890784E-2,-3.195890691E-3,1.480762810E-1
4.763442464E1,1.597945392E-2,-2.769771963E-2,1.672516167E-1
4.763955198E1,-6.391781382E-3,-4.793836176E-2,1.874922663E-1
4.764450464E1,-2.876301669E-2,-5.539543927E-2,2.066676021E-1
4.764992100E1,-4.687306657E-2,-5.859133229E-2,2.247776538E-1
4.765479938E1,-6.498311460E-2,-6.391781569E-2,2.396918088E-1
4.765993470E1,-6.711370498E-2,-4.474247247E-2,2.535406649E-1
4.766475714E1,-4.900366068E-2,-8.522375487E-3,2.609977424E-1
4.767005824E1,-8.522375487E-3,4.474247247E-2,2.684548199E-1
4.767497756E1,4.474247247E-2,8.628904819E-2,2.727160156E-1
4.768008209E1,9.161553532E-2,8.415845782E-2,2.609977424E-1
4.768505866E1,1.139867753E-1,4.474247247E-2,2.428877056E-1
4.769016636E1,1.150520667E-1,1.065296959E-2,2.183858752E-1
4.769527824E1,1.065296903E-1,0.000000000E0,1.917534471E-1
4.770046376E1,9.907261282E-2,9.587672539E-3,1.619251370E-1
4.770543970E1,8.309315890E-2,1.704475097E-2,1.320968270E-1
4.771051970E1,4.474247247E-2,5.326484796E-3,1.012032107E-1
4.771553423E1,1.278356276E-2,1.278356276E-2,7.030959427E-2
4.772063767E1,3.195890691E-3,4.154657945E-2,3.835069016E-2
4.772567975E1,2.130593872E-3,5.646073818E-2,1.065296959E-2
4.773096470E1,4.261187743E-3,5.113425106E-2,-9.587672539E-3
4.773585611E1,4.261187743E-3,2.876301669E-2,-2.663242258E-2
4.774092929E1,5.326484796E-3,1.065296936E-3,-3.728539124E-2
4.774618403E1,0.000000000E0,-1.811004803E-2,-4.154657945E-2
4.775100512E1,-6.391781382E-3,-2.130593918E-2,-3.941598535E-2
4.775626236E1,-7.457078435E-3,-1.491415687E-2,-3.408950195E-2
4.776129132E1,-9.587672539E-3,-1.171826664E-2,-2.769771963E-2
4.776618226E1,-1.597945392E-2,-4.261187743E-3,-1.917534508E-2
4.777137044E1,-2.556712553E-2,9.587672539E-3,-1.171826664E-2
4.777634606E1,-2.876301669E-2,1.704475097E-2,-1.065296959E-2
4.778161632E1,-2.982831374E-2,2.769771963E-2,-4.261187743E-3
4.778659419E1,-2.663242258E-2,3.515479714E-2,-1.065296936E-3
4.779163148E1,-2.450183034E-2,3.408950195E-2,-2.130593872E-3
4.779664278E1,-2.130593918E-2,2.982831374E-2,-1.065296936E-3
4.780144263E1,-1.065296959E-2,3.302420676E-2,-4.261187743E-3
4.780678487E1,4.261187743E-3,3.622009605E-2,-7.457078435E-3
4.781192518E1,1.171826664E-2,3.728539124E-2,-1.491415687E-2
4.781691034E1,1.491415687E-2,3.515479714E-2,-1.917534508E-2
4.782209627E1,1.704475097E-2,3.728539124E-2,-2.343653329E-2
4.782716747E1,1.597945392E-2,3.835069016E-2,-2.450183034E-2
4.783217581E1,1.491415687E-2,4.154657945E-2,-2.556712553E-2
4.783732326E1,1.384885982E-2,4.154657945E-2,-2.343653329E-2
4.784252971E1,9.587672539E-3,3.728539124E-2,-2.024064213E-2
4.784740513E1,4.261187743E-3,2.663242258E-2,-1.811004803E-2
4.785253398E1,3.195890691E-3,2.237123623E-2,-1.491415687E-2
4.785750722E1,1.065296936E-3,2.024064213E-2,-1.065296959E-2
4.786263112E1,-3.195890691E-3,1.704475097E-2,-1.065296959E-2
4.786768045E1,-1.171826664E-2,5.326484796E-3,-1.171826664E-2
4.787284018E1,-1.491415687E-2,1.065296936E-3,-9.587672539E-3
4.787794560E1,-2.024064213E-2,3.195890691E-3,-8.522375487E-3
4.788287623E1,-1.917534508E-2,4.261187743E-3,-1.278356276E-2
4.788792305E1,-1.811004803E-2,7.457078435E-3,-1.278356276E-2
4.789302566E1,-1.384885982E-2,3.195890691E-3,-9.587672539E-3
4.789807175E1,-1.384885982E-2,1.065296936E-3,-1.278356276E-2
4.790337982E1,-9.587672539E-3,-1.065296936E-3,-8.522375487E-3
4.790818358E1,-7.457078435E-3,-2.130593872E-3,-5.326484796E-3
4.791351462E1,-7.457078435E-3,1.065296936E-3,-4.261187743E-3
4.791838342E1,-8.522375487E-3,6.391781382E-3,-3.195890691E-3
4.792358920E1,-1.065296959E-2,1.491415687E-2,-1.065296936E-3
4.792860910E1,-1.171826664E-2,2.130593918E-2,4.261187743E-3
4.793380483E1,-1.278356276E-2,2.450183034E-2,4.261187743E-3
4.793876597E1,-1.597945392E-2,2.769771963E-2,4.261187743E-3
4.794389540E1,-1.917534508E-2,3.302420676E-2,2.130593872E-3
4.794878160E1,-2.130593918E-2,3.408950195E-2,0.000000000E0
4.795394118E1,-1.917534508E-2,3.302420676E-2,-1.065296936E-3
4.795892816E1,-1.704475097E-2,3.089361079E-2,-2.130593872E-3
4.796409712E1,-1.384885982E-2,3.195890784E-2,-4.261187743E-3
4.796920306E1,-1.065296959E-2,3.089361079E-2,-7.457078435E-3
4.797442280E1,-4.261187743E-3,2.556712553E-2,-7.457078435E-3
4.797918639E1,-1.065296936E-3,1.811004803E-2,-1.065296959E-2
4.798439228E1,0.000000000E0,1.171826664E-2,-1.384885982E-2
4.798949046E1,-4.261187743E-3,3.195890691E-3,-1.917534508E-2
4.799450692E1,-6.391781382E-3,2.130593872E-3,-2.343653329E-2
4.799951853E1,-2.130593872E-3,9.587672539E-3,-2.556712553E-2
4.800480015E1,-3.195890691E-3,8.522375487E-3,-3.089361079E-2
4.800960473E1,-9.587672539E-3,3.195890691E-3,-4.261187837E-2
4.801476733E1,-1.171826664E-2,3.195890691E-3,-5.326484516E-2
4.801975984E1,-9.587672539E-3,9.587672539E-3,-6.178722158E-2
4.802492869E1,-3.195890691E-3,2.450183034E-2,-7.030959427E-2
4.802997150E1,1.065296959E-2,3.622009605E-2,-7.883197069E-2
4.803494833E1,2.343653329E-2,4.261187837E-2,-8.415845782E-2
4.804003515E1,3.515479714E-2,4.261187837E-2,-9.268083423E-2
4.804542666E1,4.261187837E-2,4.048128426E-2,-9.907261282E-2
4.805040349E1,5.326484516E-2,4.048128426E-2,-1.033338010E-1
4.805541598E1,5.965662748E-2,4.261187837E-2,-1.033338010E-1
4.806034406E1,7.244019210E-2,4.580776766E-2,-1.012032107E-1
4.806547489E1,8.309315890E-2,4.687306657E-2,-9.800732136E-2
4.807055448E1,8.628904819E-2,4.261187837E-2,-9.055023640E-2
4.807566047E1,8.841964602E-2,3.941598535E-2,-8.309315890E-2
4.808076333E1,9.374613315E-2,4.261187837E-2,-7.457078248E-2
4.808578328E1,1.001379117E-1,4.900366068E-2,-6.604841352E-2
4.809075016E1,1.054643989E-1,5.752603337E-2,-5.219954997E-2
4.809617276E1,1.118561774E-1,6.604841352E-2,-3.941598535E-2
4.810110990E1,1.235744432E-1,7.350549102E-2,-2.769771963E-2
4.810615474E1,1.299662292E-1,7.137489319E-2,-1.917534508E-2
4.811113396E1,1.299662292E-1,6.285251677E-2,-9.587672539E-3
4.811640495E1,1.246397421E-1,5.965662748E-2,-3.195890691E-3
4.812130078E1,1.246397421E-1,7.030959427E-2,5.326484796E-3
4.812643802E1,1.235744432E-1,7.989726961E-2,1.065296959E-2
4.813138355E1,1.203785539E-1,7.563608140E-2,1.278356276E-2
4.813667761E1,1.150520667E-1,6.817900389E-2,1.171826664E-2
4.814152344E1,1.139867753E-1,6.711370498E-2,1.278356276E-2
4.814673068E1,8.415845782E-2,1.597945392E-2,4.261187743E-3
4.815147876E1,6.924430281E-2,0.000000000E0,-3.195890691E-3
4.815673422E1,8.415845782E-2,4.793836176E-2,-5.326484796E-3
4.816177053E1,8.309315890E-2,4.793836176E-2,-1.597945392E-2
4.816700506E1,7.670138031E-2,3.302420676E-2,-2.663242258E-2
4.817201214E1,7.244019210E-2,3.302420676E-2,-3.408950195E-2
4.817709298E1,7.137489319E-2,2.769771963E-2,-4.154657945E-2
4.818229157E1,6.178722158E-2,1.278356276E-2,-4.793836176E-2
4.818750694E1,4.793836176E-2,0.000000000E0,-5.646073818E-2
4.819214907E1,3.515479714E-2,-5.326484796E-3,-5.965662748E-2
4.819737964E1,2.450183034E-2,-8.522375487E-3,-5.859133229E-2
4.820237485E1,2.237123623E-2,-9.587672539E-3,-5.539543927E-2
4.820752298E1,2.876301669E-2,-5.326484796E-3,-5.219954997E-2
4.821247324E1,3.515479714E-2,3.195890691E-3,-4.580776766E-2
4.821769079E1,4.261187837E-2,9.587672539E-3,-3.835069016E-2
4.822266038E1,4.793836176E-2,1.278356276E-2,-3.089361079E-2
4.822776975E1,5.219954997E-2,1.597945392E-2,-2.130593918E-2
4.823282694E1,5.859133229E-2,1.811004803E-2,-8.522375487E-3
4.823790241E1,6.391781569E-2,2.024064213E-2,6.391781382E-3
4.824302585E1,6.178722158E-2,1.597945392E-2,1.597945392E-2
4.824805152E1,5.326484516E-2,1.171826664E-2,1.811004803E-2
4.825307548E1,5.433014408E-2,2.769771963E-2,2.237123623E-2
4.825814882E1,6.072192639E-2,4.474247247E-2,2.237123623E-2
4.826320679E1,5.965662748E-2,5.219954997E-2,2.024064213E-2
4.826834684E1,5.859133229E-2,5.433014408E-2,1.811004803E-2
4.827332246E1,4.261187837E-2,4.154657945E-2,1.278356276E-2
4.827844569E1,2.450183034E-2,2.876301669E-2,8.522375487E-3
4.828355497E1,7.457078435E-3,1.704475097E-2,5.326484796E-3
4.828874028E1,-6.391781382E-3,8.522375487E-3,1.065296936E-3
4.829392340E1,-1.597945392E-2,7.457078435E-3,0.000000000E0
4.829873736E1,-1.917534508E-2,3.195890691E-3,-2.130593872E-3
4.830388825E1,-1.704475097E-2,-2.130593872E-3,-3.195890691E-3
4.830890804E1,-1.491415687E-2,-1.065296959E-2,-5.326484796E-3
4.831401075E1,-6.391781382E-3,-1.171826664E-2,-2.130593872E-3
4.831883393E1,3.195890691E-3,-1.384885982E-2,-2.130593872E-3
4.832435013E1,1.065296959E-2,-1.065296959E-2,3.195890691E-3
4.832917554E1,2.024064213E-2,-5.326484796E-3,8.522375487E-3
4.833426648E1,2.876301669E-2,-5.326484796E-3,1.065296959E-2
4.833937127E1,3.089361079E-2,0.000000000E0,1.278356276E-2
4.834437742E1,3.408950195E-2,7.457078435E-3,1.384885982E-2
4.834945117E1,3.195890784E-2,1.065296959E-2,1.491415687E-2
4.835449987E1,3.408950195E-2,1.278356276E-2,1.491415687E-2
4.835964997E1,2.982831374E-2,1.597945392E-2,1.491415687E-2
4.836467367E1,2.982831374E-2,2.237123623E-2,1.811004803E-2
4.836978898E1,3.622009605E-2,2.663242258E-2,1.917534508E-2
4.837479659E1,3.622009605E-2,2.237123623E-2,2.024064213E-2
4.837989107E1,3.408950195E-2,1.811004803E-2,2.024064213E-2
4.838502867E1,3.195890784E-2,1.597945392E-2,1.704475097E-2
4.839010274E1,3.089361079E-2,1.597945392E-2,1.704475097E-2
4.839523987E1,3.195890784E-2,2.024064213E-2,1.704475097E-2
4.840025321E1,3.515479714E-2,2.130593918E-2,1.811004803E-2
4.840525316E1,3.835069016E-2,2.237123623E-2,2.024064213E-2
4.841030659E1,3.941598535E-2,2.663242258E-2,2.024064213E-2
4.841533034E1,4.580776766E-2,3.515479714E-2,2.130593918E-2
4.842048149E1,5.646073818E-2,3.515479714E-2,2.769771963E-2
4.842554118E1,5.965662748E-2,3.302420676E-2,3.195890784E-2
4.843058290E1,5.433014408E-2,2.663242258E-2,3.515479714E-2
4.843571019E1,4.900366068E-2,2.130593918E-2,3.302420676E-2
4.844077675E1,4.261187837E-2,2.343653329E-2,3.302420676E-2
4.844576983E1,4.048128426E-2,2.982831374E-2,3.302420676E-2
4.845097931E1,4.154657945E-2,3.728539124E-2,3.302420676E-2
4.845590061E1,4.261187837E-2,3.835069016E-2,2.876301669E-2
4.846118233E1,4.261187837E-2,3.408950195E-2,2.556712553E-2
4.846607582E1,4.367717355E-2,2.876301669E-2,2.130593918E-2
4.847128639E1,4.900366068E-2,3.089361079E-2,2.343653329E-2
4.847621478E1,5.113425106E-2,2.769771963E-2,2.024064213E-2
4.848147618E1,4.900366068E-2,2.130593918E-2,1.811004803E-2
4.848617639E1,4.580776766E-2,1.597945392E-2,1.491415687E-2
4.849167738E1,4.474247247E-2,1.384885982E-2,1.171826664E-2
4.849653514E1,4.474247247E-2,1.278356276E-2,9.587672539E-3
4.850163165E1,4.580776766E-2,1.597945392E-2,1.171826664E-2
4.850683093E1,4.900366068E-2,1.704475097E-2,1.278356276E-2
4.851177478E1,5.646073818E-2,1.811004803E-2,1.704475097E-2
4.851692551E1,6.178722158E-2,1.384885982E-2,2.024064213E-2
4.852193374E1,6.711370498E-2,1.384885982E-2,2.450183034E-2
4.852699864E1,7.137489319E-2,1.384885982E-2,2.769771963E-2
4.853200452E1,7.563608140E-2,8.522375487E-3,3.515479714E-2
4.853711780E1,7.137489319E-2,-3.195890691E-3,3.515479714E-2
4.854221650E1,6.178722158E-2,-1.171826664E-2,3.089361079E-2
4.854730390E1,5.646073818E-2,-8.522375487E-3,2.876301669E-2
4.855234536E1,5.113425106E-2,-7.457078435E-3,2.663242258E-2
4.855737666E1,3.728539124E-2,-1.384885982E-2,2.237123623E-2
4.856253161E1,2.343653329E-2,-1.597945392E-2,1.491415687E-2
4.856750166E1,1.491415687E-2,-1.065296959E-2,9.587672539E-3
4.857258562E1,1.065296959E-2,-8.522375487E-3,5.326484796E-3
4.857763927E1,8.522375487E-3,-1.065296959E-2,-3.195890691E-3
4.858300927E1,4.261187743E-3,-1.065296959E-2,-1.065296959E-2
4.858784869E1,-1.065296936E-3,-1.171826664E-2,-1.917534508E-2
4.859293812E1,-5.326484796E-3,-1.065296959E-2,-2.769771963E-2
4.859794797E1,-5.326484796E-3,-7.457078435E-3,-3.302420676E-2
4.860301088E1,-7.457078435E-3,-1.597945392E-2,-3.835069016E-2
4.860804734E1,-1.278356276E-2,-2.450183034E-2,-4.367717355E-2
4.861324682E1,-1.597945392E-2,-3.302420676E-2,-5.646073818E-2
4.861818682E1,-1.491415687E-2,-3.195890784E-2,-6.604841352E-2
4.862336120E1,-1.278356276E-2,-2.556712553E-2,-6.817900389E-2
4.862837651E1,-6.391781382E-3,-2.343653329E-2,-7.030959427E-2
4.863360135E1,-5.326484796E-3,-2.024064213E-2,-7.137489319E-2
4.863860000E1,-6.391781382E-3,-1.491415687E-2,-6.924430281E-2
4.864377099E1,-5.326484796E-3,-1.278356276E-2,-6.711370498E-2
4.864860328E1,-5.326484796E-3,-1.065296959E-2,-6.711370498E-2
4.865390198E1,-3.195890691E-3,-4.261187743E-3,-5.859133229E-2
4.865893454E1,3.195890691E-3,6.391781382E-3,-5.006895587E-2
4.866388297E1,8.522375487E-3,2.343653329E-2,-3.941598535E-2
4.866889271E1,1.917534508E-2,3.515479714E-2,-3.089361079E-2
4.867413839E1,3.302420676E-2,4.687306657E-2,-2.024064213E-2
4.867919214E1,4.900366068E-2,5.646073818E-2,-1.278356276E-2
4.868423948E1,6.817900389E-2,6.178722158E-2,-1.065296936E-3
4.868920209E1,8.841964602E-2,6.604841352E-2,5.326484796E-3
4.869429548E1,1.043990999E-1,7.244019210E-2,7.457078435E-3
4.869949756E1,1.235744432E-1,8.309315890E-2,1.065296959E-2
4.870443042E1,1.427497864E-1,8.948494494E-2,1.597945392E-2
4.870951251E1,1.587292403E-1,8.948494494E-2,1.917534508E-2
4.871466891E1,1.736433953E-1,9.055023640E-2,2.237123623E-2
4.871967272E1,1.832310706E-1,9.374613315E-2,2.024064213E-2
4.872500371E1,1.917534471E-1,9.694202244E-2,2.450183034E-2
4.872976777E1,2.013411224E-1,1.043990999E-1,2.876301669E-2
4.873496235E1,2.087981999E-1,1.107908785E-1,3.195890784E-2
4.873993308E1,2.151899785E-1,1.161173657E-1,3.515479714E-2
4.874502626E1,2.205164731E-1,1.203785539E-1,3.835069016E-2
4.874999746E1,2.237123549E-1,1.246397421E-1,4.474247247E-2
4.875529600E1,2.269082516E-1,1.257050335E-1,5.326484516E-2
4.876021470E1,2.290388346E-1,1.246397421E-1,6.178722158E-2
4.876536017E1,2.301041335E-1,1.246397421E-1,7.030959427E-2
4.877056762E1,2.301041335E-1,1.246397421E-1,7.776667923E-2
4.877542778E1,2.322347313E-1,1.267703325E-1,8.735434711E-2
4.878068226E1,2.343653291E-1,1.267703325E-1,9.587672353E-2
4.878578486E1,2.301041335E-1,1.225091442E-1,1.043990999E-1
4.879066778E1,2.301041335E-1,1.203785539E-1,1.097255871E-1
4.879574830E1,2.311694324E-1,1.225091442E-1,1.182479635E-1
4.880079408E1,2.301041335E-1,1.246397421E-1,1.235744432E-1
4.880585762E1,2.301041335E-1,1.278356314E-1,1.267703325E-1
4.881095184E1,2.311694324E-1,1.320968270E-1,1.310315281E-1
4.881616424E1,2.311694324E-1,1.438150853E-1,1.363580078E-1
4.882106466E1,2.343653291E-1,1.459456831E-1,1.352927089E-1
4.882615752E1,2.450182885E-1,1.352927089E-1,1.289009303E-1
4.883118424E1,2.556712627E-1,1.299662292E-1,1.246397421E-1
4.883647908E1,2.769772112E-1,1.374233067E-1,1.225091442E-1
4.884134252E1,3.004137278E-1,1.448803842E-1,1.193132550E-1
4.884649903E1,3.142625988E-1,1.384886056E-1,1.182479635E-1
4.885156721E1,3.291767538E-1,1.331621110E-1,1.171826646E-1
4.885684481E1,3.376991153E-1,1.310315281E-1,1.118561774E-1
4.886159075E1,3.430256248E-1,1.278356314E-1,1.075949892E-1
4.886674330E1,3.515479863E-1,1.203785539E-1,1.043990999E-1
4.887194065E1,3.568744659E-1,1.129214764E-1,1.001379117E-1
4.887687700E1,3.590050638E-1,1.075949892E-1,9.907261282E-2
4.888202831E1,3.568744659E-1,1.043990999E-1,9.694202244E-2
4.888705961E1,3.504827023E-1,9.907261282E-2,9.268083423E-2
4.889214289E1,3.419603109E-1,9.374613315E-2,8.841964602E-2
4.889715732E1,3.334379494E-1,9.055023640E-2,8.948494494E-2
4.890230612E1,3.302420378E-1,9.268083423E-2,9.161553532E-2
4.890737357E1,3.323726356E-1,1.065296903E-1,9.374613315E-2
4.891232894E1,3.451561928E-1,1.257050335E-1,9.481142461E-2
4.891745055E1,3.653968573E-1,1.363580078E-1,9.587672353E-2
4.892254638E1,3.803110123E-1,1.374233067E-1,9.374613315E-2
4.892768961E1,3.952251673E-1,1.299662292E-1,9.055023640E-2
4.893259889E1,4.069434404E-1,1.225091442E-1,8.735434711E-2
4.893776618E1,4.101393223E-1,1.171826646E-1,8.948494494E-2
4.894291857E1,4.090740085E-1,1.107908785E-1,8.948494494E-2
4.894808144E1,4.090740085E-1,1.075949892E-1,8.841964602E-2
4.895289014E1,4.026822448E-1,1.022685021E-1,8.841964602E-2
4.895815337E1,3.930945694E-1,9.587672353E-2,8.948494494E-2
4.896307097E1,3.813762963E-1,8.948494494E-2,9.055023640E-2
4.896816420E1,3.643315434E-1,8.415845782E-2,9.161553532E-2
4.897317259E1,3.419603109E-1,7.989726961E-2,9.268083423E-2
4.897835316E1,3.238502741E-1,8.522375673E-2,9.481142461E-2
4.898343743E1,3.068055212E-1,9.694202244E-2,9.481142461E-2
4.898849717E1,2.918913662E-1,1.139867753E-1,1.043990999E-1
4.899351827E1,2.812383771E-1,1.310315281E-1,1.086602882E-1
4.899855452E1,2.823036909E-1,1.246397421E-1,9.907261282E-2
4.900357743E1,2.727160156E-1,9.694202244E-2,9.907261282E-2
4.900878129E1,2.854995728E-1,1.075949892E-1,9.374613315E-2
4.901372191E1,3.078708053E-1,1.139867753E-1,7.776667923E-2
4.901889775E1,3.153278828E-1,1.043990999E-1,6.817900389E-2
4.902387369E1,3.217196763E-1,1.012032107E-1,6.072192639E-2
4.902910061E1,3.313073516E-1,9.907261282E-2,5.326484516E-2
4.903405905E1,3.408950269E-1,1.012032107E-1,4.687306657E-2
4.903916400E1,3.526133001E-1,1.001379117E-1,4.154657945E-2
4.904418546E1,3.622009456E-1,9.907261282E-2,3.302420676E-2
4.904936004E1,3.717886209E-1,1.043990999E-1,2.769771963E-2
4.905461598E1,3.845722079E-1,1.086602882E-1,2.450183034E-2
4.905952483E1,3.994863629E-1,1.171826646E-1,2.343653329E-2
4.906448145E1,4.101393223E-1,1.225091442E-1,2.130593918E-2
4.906972661E1,4.218575954E-1,1.235744432E-1,2.237123623E-2
4.907459583E1,4.357064366E-1,1.299662292E-1,2.024064213E-2
4.907985223E1,4.410329461E-1,1.310315281E-1,2.237123623E-2
4.908474052E1,4.442288280E-1,1.331621110E-1,2.556712553E-2
4.908989604E1,4.452941120E-1,1.342274100E-1,2.876301669E-2
4.909490322E1,4.442288280E-1,1.320968270E-1,3.302420676E-2
4.909999390E1,4.389023483E-1,1.299662292E-1,3.622009605E-2
4.910501192E1,4.303799570E-1,1.278356314E-1,3.728539124E-2
4.911042046E1,4.250534773E-1,1.278356314E-1,3.622009605E-2
4.911519333E1,4.207922816E-1,1.278356314E-1,3.728539124E-2
4.912031776E1,4.207922816E-1,1.310315281E-1,3.622009605E-2
4.912540750E1,4.250534773E-1,1.395539045E-1,3.622009605E-2
4.913047021E1,4.271840751E-1,1.597945392E-1,4.048128426E-2
4.913548713E1,4.282493591E-1,1.768392920E-1,4.261187837E-2
4.914061203E1,4.357064366E-1,1.661863178E-1,3.835069016E-2
4.914566479E1,4.367717505E-1,1.480762810E-1,3.622009605E-2
4.915073156E1,4.293146729E-1,1.320968270E-1,3.089361079E-2
4.915609292E1,4.218575954E-1,1.299662292E-1,2.982831374E-2
4.916088688E1,4.133352041E-1,1.342274100E-1,2.982831374E-2
4.916609240E1,4.026822448E-1,1.416844875E-1,3.195890784E-2
4.917107974E1,3.898986876E-1,1.438150853E-1,3.195890784E-2
4.917616047E1,3.707233369E-1,1.384886056E-1,2.982831374E-2
4.918112646E1,3.504827023E-1,1.491415650E-1,2.876301669E-2
4.918621401E1,3.334379494E-1,1.534027606E-1,2.343653329E-2
4.919143256E1,3.238502741E-1,1.608598381E-1,1.597945392E-2
4.919631922E1,3.217196763E-1,1.747086942E-1,1.065296959E-2
4.920146568E1,3.227849603E-1,1.842963696E-1,-3.195890691E-3
4.920652813E1,3.323726356E-1,1.874922663E-1,-1.384885982E-2
4.921168886E1,3.408950269E-1,1.874922663E-1,-2.237123623E-2
4.921673131E1,3.547438681E-1,1.842963696E-1,-2.876301669E-2
4.922140766E1,3.696580231E-1,1.757739931E-1,-3.622009605E-2
4.922678782E1,3.813762963E-1,1.629904360E-1,-4.048128426E-2
4.923188527E1,3.898986876E-1,1.491415650E-1,-3.941598535E-2
4.923702371E1,3.930945694E-1,1.384886056E-1,-3.195890784E-2
4.924206980E1,3.707233369E-1,1.352927089E-1,-1.384885982E-2
4.924703553E1,3.717886209E-1,1.842963696E-1,-2.130593918E-2
4.925249579E1,3.962904513E-1,2.013411224E-1,-2.343653329E-2
4.925718407E1,4.112046063E-1,1.885575503E-1,-1.597945392E-2
4.926238465E1,4.218575954E-1,1.811004728E-1,-1.278356276E-2
4.926730043E1,4.357064366E-1,1.949493438E-1,-3.195890691E-3
4.927247944E1,4.431635141E-1,2.151899785E-1,6.391781382E-3
4.927748418E1,4.516859055E-1,2.343653291E-1,1.597945392E-2
4.928282882E1,4.602082670E-1,2.535406649E-1,2.024064213E-2
4.928778231E1,4.751224220E-1,2.716507316E-1,2.556712553E-2
4.929275559E1,4.900365770E-1,2.950872481E-1,3.302420676E-2
4.929897460E1,5.113425255E-1,3.131972849E-1,3.941598535E-2
4.930279580E1,5.369096398E-1,3.281114697E-1,4.474247247E-2
4.930795538E1,5.603461862E-1,3.430256248E-1,4.687306657E-2
4.931292424E1,5.848480463E-1,3.526133001E-1,5.433014408E-2
4.931844913E1,6.114804149E-1,3.622009456E-1,5.752603337E-2
4.932322694E1,6.338516474E-1,3.696580231E-1,6.391781569E-2
4.932837976E1,6.562229395E-1,3.760498166E-1,7.350549102E-2
4.933323544E1,6.775288582E-1,3.813762963E-1,8.202786744E-2
4.933838861E1,6.956388950E-1,3.898986876E-1,9.161553532E-2
4.934307299E1,7.126836777E-1,4.026822448E-1,9.907261282E-2
4.934863335E1,7.212060094E-1,4.186616838E-1,1.118561774E-1
4.935356007E1,7.307937145E-1,4.346411526E-1,1.278356314E-1
4.935868658E1,7.414466739E-1,4.527511895E-1,1.427497864E-1
4.936371481E1,7.435772419E-1,4.719265401E-1,1.576639414E-1
4.936916059E1,7.435772419E-1,4.889712930E-1,1.704475135E-1
4.937379258E1,7.467731237E-1,5.060160160E-1,1.874922663E-1
4.937902737E1,7.499690652E-1,5.219954848E-1,2.034717202E-1
4.938397669E1,7.531649470E-1,5.379749537E-1,2.205164731E-1
4.938927247E1,7.627525926E-1,5.539544225E-1,2.354306281E-1
4.939407591E1,7.808626294E-1,5.699338317E-1,2.546059787E-1
4.939924154E1,8.032338619E-1,5.784562230E-1,2.748466134E-1
4.940460138E1,8.192133307E-1,5.763256550E-1,2.950872481E-1
4.940939497E1,8.351927996E-1,5.699338317E-1,3.142625988E-1
4.941451862E1,8.469110727E-1,5.603461862E-1,3.366338313E-1
4.941952862E1,8.501069546E-1,5.486279130E-1,3.558091819E-1
4.942450159E1,8.564987183E-1,5.496932268E-1,3.749845326E-1
4.942969435E1,8.628905416E-1,5.528891087E-1,3.973557651E-1
4.943471368E1,8.671516776E-1,5.518237948E-1,4.239881933E-1
4.943944670E1,8.746087551E-1,5.571503043E-1,4.495553076E-1
4.944484847E1,8.884576559E-1,5.731297731E-1,4.729918540E-1
4.945000852E1,9.023064971E-1,5.869786143E-1,4.868406951E-1
4.945507972E1,9.214818478E-1,5.986968875E-1,4.985589683E-1
4.946007383E1,9.374613166E-1,6.050886512E-1,5.049507618E-1
4.946515743E1,9.555713534E-1,6.082845330E-1,5.081466436E-1
4.947043201E1,9.896608591E-1,6.295905113E-1,5.060160160E-1
4.947532493E1,1.039729834E0,6.487658620E-1,4.985589683E-1
4.948043555E1,1.082341671E0,6.306557655E-1,4.889712930E-1
4.948555509E1,1.120692372E0,5.955010056E-1,4.815142155E-1
4.949052769E1,1.159043074E0,5.592808723E-1,4.719265401E-1
4.949556852E1,1.197393775E0,5.251913667E-1,4.602082670E-1
4.950075332E1,1.234679103E0,4.996242523E-1,4.452941120E-1
4.950586373E1,1.270899296E0,4.719265401E-1,4.314452708E-1
4.951088452E1,1.296466351E0,4.357064366E-1,4.144005179E-1
4.951579530E1,1.313511133E0,3.994863629E-1,3.973557651E-1
4.952096941E1,1.318837643E0,3.622009456E-1,3.835068941E-1
4.952617556E1,1.319902897E0,3.313073516E-1,3.664621413E-1
4.953118858E1,1.323098779E0,3.121320009E-1,3.600703776E-1
4.953619853E1,1.327360034E0,3.068055212E-1,3.600703776E-1
4.954124514E1,1.329490542E0,2.993484437E-1,3.643315434E-1
4.954633718E1,1.334817052E0,2.982831299E-1,3.696580231E-1
4.955176478E1,1.347600579E0,3.110667169E-1,3.739192188E-1
4.955637082E1,1.364645362E0,3.345032334E-1,3.813762963E-1
4.956152145E1,1.387016654E0,3.653968573E-1,3.835068941E-1
4.956656562E1,1.405126691E0,3.867027760E-1,3.771151006E-1
4.957166660E1,1.417910218E0,3.909639716E-1,3.696580231E-1
4.957667082E1,1.434955001E0,3.930945694E-1,3.643315434E-1
4.958175655E1,1.454130292E0,3.994863629E-1,3.653968573E-1
4.958675885E1,1.477566838E0,4.218575954E-1,3.685927391E-1
4.959193166E1,1.499938130E0,4.538165033E-1,3.728539348E-1
4.959692161E1,1.525505185E0,4.879060090E-1,3.803110123E-1
4.960211531E1,1.555333495E0,5.251913667E-1,3.909639716E-1
4.960735885E1,1.583031297E0,5.603461862E-1,3.973557651E-1
4.961229604E1,1.601141334E0,5.816521049E-1,3.984210491E-1
4.961720411E1,1.617120743E0,5.944356918E-1,4.133352041E-1
4.962250458E1,1.641622543E0,6.178722382E-1,4.357064366E-1
4.962736484E1,1.658667326E0,6.455699205E-1,4.506205916E-1
4.963250906E1,1.670385599E0,6.817900538E-1,4.559471011E-1
4.963752333E1,1.677842617E0,7.265325189E-1,4.559471011E-1
4.964262531E1,1.675712109E0,7.723402977E-1,4.644694626E-1
4.964787833E1,1.672516227E0,8.106909394E-1,4.804489315E-1
4.965291750E1,1.670385599E0,8.511722684E-1,4.985589683E-1
4.965791536E1,1.677842617E0,8.895229697E-1,5.092119575E-1
4.966290953E1,1.678907990E0,9.108288884E-1,5.124078393E-1
4.966811760E1,1.676777363E0,9.268083572E-1,5.145384073E-1
4.967308292E1,1.666124463E0,9.278736115E-1,5.113425255E-1
4.967808833E1,1.650144935E0,9.214818478E-1,5.006895661E-1
4.968318656E1,1.630969644E0,9.118942022E-1,4.847100973E-1
4.968831927E1,1.609663725E0,8.991106153E-1,4.570123851E-1
4.969337443E1,1.585161805E0,8.852617741E-1,4.207922816E-1
4.969845063E1,1.558529377E0,8.660864234E-1,3.717886209E-1
4.970366089E1,1.529766440E0,8.266704082E-1,3.174584806E-1
4.970852558E1,1.496742249E0,7.755361795E-1,2.631283402E-1
4.971375990E1,1.465848565E0,7.137489319E-1,2.130593807E-1
4.971864662E1,1.441346765E0,6.498311162E-1,1.683169156E-1
4.972395297E1,1.427497864E0,5.816521049E-1,1.299662292E-1
4.972877839E1,1.439216137E0,5.156037211E-1,1.001379117E-1
4.973397329E1,1.460522056E0,4.527511895E-1,7.563608140E-2
4.973894506E1,1.481828094E0,3.941598535E-1,5.646073818E-2
4.974409631E1,1.498872757E0,3.462215066E-1,4.474247247E-2
4.974909365E1,1.512721658E0,3.100014031E-1,3.941598535E-2
4.975427162E1,1.522309303E0,2.940219641E-1,3.622009605E-2
4.975938084E1,1.521244049E0,2.982831299E-1,4.687306657E-2
4.976437402E1,1.509525776E0,3.142625988E-1,7.030959427E-2
4.976938235E1,1.490350366E0,3.430256248E-1,9.907261282E-2
4.977457683E1,1.466913939E0,3.792456985E-1,1.267703325E-1
4.977949475E1,1.443477392E0,4.122699201E-1,1.565986425E-1
4.978466647E1,1.416844964E0,4.474247098E-1,1.864269674E-1
4.978977319E1,1.392343044E0,4.857754111E-1,2.173205763E-1
4.979493486E1,1.372102499E0,5.262566805E-1,2.471488863E-1
4.979997111E1,1.350796461E0,5.752603412E-1,2.748466134E-1
4.980491158E1,1.329490542E0,6.189374924E-1,3.025443256E-1
4.980999251E1,1.310315251E0,6.530269980E-1,3.227849603E-1
4.981528616E1,1.295401096E0,6.807247400E-1,3.387644291E-1
4.982012007E1,1.282617569E0,7.009654045E-1,3.494173884E-1
4.982530199E1,1.274095178E0,7.116183639E-1,3.568744659E-1
4.983025653E1,1.267703295E0,7.126836777E-1,3.515479863E-1
4.983543434E1,1.261311531E0,7.062918544E-1,3.462215066E-1
4.984040351E1,1.258115649E0,6.860512495E-1,3.376991153E-1
4.984548372E1,1.254919767E0,6.583535075E-1,3.238502741E-1
4.985072023E1,1.254919767E0,6.285251975E-1,3.089361191E-1
4.985577726E1,1.252789140E0,5.944356918E-1,2.961525619E-1
4.986063012E1,1.250658631E0,5.656726956E-1,2.844342887E-1
4.986573955E1,1.244266868E0,5.475625992E-1,2.705854177E-1
4.987110408E1,1.236809731E0,5.337137580E-1,2.641936541E-1
4.987592117E1,1.226156831E0,5.230607986E-1,2.631283402E-1
4.988111658E1,1.205916166E0,5.081466436E-1,2.652589381E-1
4.988624408E1,1.173957229E0,5.230607986E-1,2.908260524E-1
4.989109445E1,1.189936638E0,6.125457287E-1,3.195890784E-1
4.989621768E1,1.192067266E0,6.221334338E-1,3.206543922E-1
4.990129534E1,1.170761347E0,5.869786143E-1,3.153278828E-1
4.990643534E1,1.145194173E0,5.571503043E-1,3.046749234E-1
4.991166440E1,1.115365863E0,5.124078393E-1,2.791078091E-1
4.991646877E1,1.061035752E0,3.930945694E-1,2.556712627E-1
4.992150388E1,1.063166380E0,4.250534773E-1,3.270461559E-1
4.992655055E1,1.065296888E0,5.156037211E-1,3.622009456E-1
4.993161820E1,1.033338070E0,5.283873081E-1,3.387644291E-1
4.993677195E1,1.006705642E0,4.964283705E-1,3.227849603E-1
4.994173320E1,9.896608591E-1,4.634041786E-1,3.206543922E-1
4.994691180E1,9.672896266E-1,4.420982301E-1,3.259808719E-1
4.995182185E1,9.417225122E-1,4.463594258E-1,3.430256248E-1
4.995700076E1,9.193512797E-1,4.740571380E-1,3.600703776E-1
4.996211008E1,8.948494196E-1,5.006895661E-1,3.675274551E-1
4.996710336E1,8.703476191E-1,5.219954848E-1,3.792456985E-1
4.997212144E1,8.490416408E-1,5.443667173E-1,3.867027760E-1
4.997732003E1,8.288010359E-1,5.752603412E-1,3.898986876E-1
4.998231571E1,8.106909394E-1,6.040233374E-1,3.952251673E-1
4.998740560E1,8.053644896E-1,6.306557655E-1,4.037475288E-1
4.999242191E1,8.021686077E-1,6.508964300E-1,4.218575954E-1
4.999761889E1,7.936462164E-1,6.647452712E-1,4.548817873E-1
5.000252701E1,7.467731237E-1,6.200028062E-1,4.474247098E-1
5.000770404E1,5.912398100E-1,3.526133001E-1,2.471488863E-1
5.001273608E1,5.294525623E-1,2.301041335E-1,2.514100671E-1
5.001780946E1,5.720644593E-1,3.930945694E-1,5.646073818E-1
5.002284410E1,5.624767542E-1,5.795215368E-1,7.329242826E-1
5.002799910E1,5.209302306E-1,7.222713232E-1,7.275978327E-1
5.003300743E1,4.815142155E-1,7.904503345E-1,7.169448137E-1
5.003816889E1,4.623388648E-1,7.851238251E-1,7.552955151E-1
5.004315775E1,4.740571380E-1,7.872544527E-1,8.128215671E-1
5.004828358E1,5.017548800E-1,8.213439584E-1,8.554334641E-1
5.005325275E1,5.198649168E-1,8.383886814E-1,8.820658922E-1
5.005840754E1,5.305178761E-1,8.234745264E-1,8.841964602E-1
5.006341483E1,5.390402675E-1,8.085603714E-1,8.756740689E-1
5.006859660E1,5.656726956E-1,8.234745264E-1,8.692823052E-1
5.007329671E1,6.104151607E-1,8.596946001E-1,8.682169914E-1
5.007874249E1,6.551576257E-1,8.810005784E-1,8.575640321E-1
5.008369129E1,6.935083270E-1,8.767393827E-1,8.213439584E-1
5.008880364E1,7.361201644E-1,8.554334641E-1,7.531649470E-1
5.009384103E1,8.000379801E-1,8.085603714E-1,6.924430132E-1
5.009894509E1,9.001759291E-1,7.393160462E-1,6.871165037E-1
5.010371275E1,1.003509760E0,6.487658620E-1,7.062918544E-1
5.010883484E1,1.094059944E0,5.795215368E-1,7.105530500E-1
5.011385874E1,1.180348992E0,5.571503043E-1,6.903123856E-1
5.011898484E1,1.281552196E0,5.667379498E-1,6.508964300E-1
5.012400604E1,1.388081908E0,5.646073818E-1,6.253293157E-1
5.012912218E1,1.511656404E0,5.571503043E-1,6.338516474E-1
5.013413484E1,1.593684196E0,5.187996030E-1,6.594188213E-1
5.013928775E1,1.632034898E0,5.113425255E-1,6.498311162E-1
5.014428000E1,1.646949053E0,5.326484442E-1,6.050886512E-1
5.014942203E1,1.663993835E0,6.050886512E-1,5.241261125E-1
5.015461468E1,1.732172847E0,7.638179064E-1,4.335758388E-1
5.015956843E1,1.809939504E0,8.618252277E-1,3.824416101E-1
5.016456614E1,1.847224832E0,8.351927996E-1,3.696580231E-1
5.016969041E1,1.840833068E0,7.339895964E-1,3.792456985E-1
5.017473760E1,1.804612994E0,6.168069243E-1,4.122699201E-1
5.017984734E1,1.750282884E0,5.017548800E-1,4.474247098E-1
5.018485604E1,1.687430382E0,4.229228795E-1,4.570123851E-1
5.018997516E1,1.626708388E0,3.909639716E-1,4.410329461E-1
5.019499453E1,1.573443532E0,3.813762963E-1,4.186616838E-1
5.020040984E1,1.531896949E0,3.728539348E-1,3.962904513E-1
5.020541167E1,1.502068639E0,3.653968573E-1,3.653968573E-1
5.021053693E1,1.485023975E0,3.579397798E-1,3.302420378E-1
5.021553729E1,1.470109820E0,3.462215066E-1,3.068055212E-1
5.022065828E1,1.470109820E0,3.504827023E-1,2.759118974E-1
5.022576693E1,1.467979193E0,3.376991153E-1,2.279735506E-1
5.023085886E1,1.456260920E0,2.876301706E-1,1.874922663E-1
5.023582782E1,1.437085509E0,2.130593807E-1,1.555333585E-1
5.024112089E1,1.412583709E0,1.246397421E-1,1.235744432E-1
5.024614683E1,1.385951281E0,4.261187837E-2,9.800732136E-2
5.025108902E1,1.361449480E0,-2.876301669E-2,8.628904819E-2
5.025612178E1,1.338012934E0,-8.415845782E-2,8.096256852E-2
5.026125678E1,1.310315251E0,-1.150520667E-1,7.670138031E-2
5.026624641E1,1.271964550E0,-1.342274100E-1,7.244019210E-2
5.027140548E1,1.232548594E0,-1.448803842E-1,6.391781569E-2
5.027641933E1,1.197393775E0,-1.438150853E-1,5.113425106E-2
5.028158339E1,1.167565465E0,-1.235744432E-1,4.367717355E-2
5.028652199E1,1.134541273E0,-7.563608140E-2,3.195890784E-2
5.029158813E1,1.097255826E0,-1.597945392E-2,2.024064213E-2
5.029678204E1,1.057839870E0,4.154657945E-2,5.326484796E-3
5.030181704E1,1.030142188E0,1.065296903E-1,-3.089361079E-2
5.030689756E1,1.017358541E0,1.672516167E-1,-8.841964602E-2
5.031196157E1,1.016293287E0,1.842963696E-1,-1.470109820E-1
5.031699361E1,1.014162660E0,1.661863178E-1,-1.917534471E-1
5.032211220E1,1.005640268E0,1.395539045E-1,-2.279735506E-1
5.032713106E1,9.971179366E-1,1.118561774E-1,-2.333000302E-1
5.033225637E1,9.960526228E-1,8.202786744E-2,-2.492794842E-1
5.033725720E1,9.917914271E-1,6.604841352E-2,-3.195890784E-1
5.034240423E1,1.004575014E0,7.137489319E-2,-3.643315434E-1
5.034741543E1,1.031207442E0,7.776667923E-2,-3.781804144E-1
5.035254184E1,1.068492770E0,7.350549102E-2,-3.803110123E-1
5.035757575E1,1.114300609E0,4.580776766E-2,-3.739192188E-1
5.036269934E1,1.176087856E0,-1.491415687E-2,-3.653968573E-1
5.036776049E1,1.234679103E0,-7.989726961E-2,-3.632662594E-1
5.037284335E1,1.274095178E0,-1.246397421E-1,-3.664621413E-1
5.037789564E1,1.274095178E0,-1.363580078E-1,-3.643315434E-1
5.038301090E1,1.225091457E0,-9.268083423E-2,-3.643315434E-1
5.038795231E1,1.147324800E0,-1.384885982E-2,-3.462215066E-1
5.039310564E1,1.052513361E0,6.924430281E-2,-3.131972849E-1
5.039815179E1,9.747467041E-1,1.427497864E-1,-2.940219641E-1
5.040322851E1,9.172206521E-1,1.672516167E-1,-2.769772112E-1
5.040799726E1,8.724781871E-1,1.427497864E-1,-2.695201337E-1
5.041337570E1,8.767393827E-1,1.214438528E-1,-2.684548199E-1
5.041851752E1,9.086982608E-1,1.065296903E-1,-2.620630562E-1
5.042363205E1,9.385265708E-1,1.107908785E-1,-2.514100671E-1
5.042862450E1,9.608978629E-1,1.736433953E-1,-2.439530045E-1
5.043372794E1,9.747467041E-1,3.025443256E-1,-2.364959270E-1
5.043867581E1,9.640937448E-1,4.591429830E-1,-2.183858752E-1
5.044387315E1,9.342654347E-1,5.422361493E-1,-1.832310706E-1
5.045030581E1,8.948494196E-1,4.996242523E-1,-1.363580078E-1
5.045394159E1,8.564987183E-1,3.632662594E-1,-9.268083423E-2
5.045907565E1,8.170827627E-1,1.853616685E-1,-4.580776766E-2
5.046403794E1,7.712749839E-1,3.408950195E-2,1.171826664E-2
5.046916263E1,7.222713232E-1,-9.055023640E-2,7.244019210E-2
5.047423044E1,6.615493894E-1,-2.024064213E-1,1.267703325E-1
5.047933904E1,6.370475888E-1,-2.492794842E-1,1.544680595E-1
5.048442206E1,6.679411530E-1,-2.482141852E-1,1.597945392E-1
5.048946487E1,7.116183639E-1,-2.450182885E-1,1.480762810E-1
5.049459711E1,7.531649470E-1,-2.514100671E-1,1.246397421E-1
5.049959664E1,8.000379801E-1,-2.460835874E-1,8.735434711E-2
5.050460581E1,8.319969177E-1,-2.333000302E-1,5.752603337E-2
5.050975722E1,8.458457589E-1,-2.162552774E-1,4.580776766E-2
5.051474706E1,8.447804451E-1,-1.896228492E-1,5.539543927E-2
5.052004529E1,8.501069546E-1,-1.597945392E-1,7.883197069E-2
5.052489983E1,8.650211096E-1,-1.257050335E-1,1.075949892E-1
5.053003384E1,9.044371247E-1,-9.374613315E-2,1.352927089E-1
5.053509993E1,9.672896266E-1,-6.604841352E-2,1.608598381E-1
5.054015597E1,1.037599206E0,-3.195890784E-2,1.832310706E-1
5.054524321E1,1.101517081E0,-7.457078435E-3,2.024064213E-1
5.055030233E1,1.154781938E0,3.195890691E-3,2.087981999E-1
5.055538629E1,1.194197893E0,2.130593872E-3,2.183858752E-1
5.056048899E1,1.226156831E0,-1.491415687E-2,2.301041335E-1
5.056546545E1,1.245332122E0,-2.663242258E-2,2.450182885E-1
5.057060389E1,1.257050395E0,-3.089361079E-2,2.663242221E-1
5.057561775E1,1.258115649E0,-3.089361079E-2,2.833689749E-1
5.058086478E1,1.242136240E0,-5.752603337E-2,2.961525619E-1
5.058588728E1,1.216569066E0,-6.711370498E-2,3.025443256E-1
5.059113217E1,1.206981421E0,-4.048128426E-2,2.897607684E-1
5.059597410E1,1.191002011E0,-3.622009605E-2,2.663242221E-1
5.060100561E1,1.164369583E0,-6.072192639E-2,2.418224066E-1
5.060604103E1,1.134541273E0,-1.001379117E-1,2.130593807E-1
5.061133895E1,1.102582335E0,-1.448803842E-1,1.736433953E-1
5.061627655E1,1.073819280E0,-1.534027606E-1,1.278356314E-1
5.062131806E1,1.068492770E0,-1.161173657E-1,9.374613315E-2
5.062640504E1,1.083406925E0,-7.137489319E-2,7.030959427E-2
5.063145666E1,1.097255826E0,-5.752603337E-2,4.154657945E-2
5.063646911E1,1.098321199E0,-6.817900389E-2,1.384885982E-2
5.064159437E1,1.087668180E0,-7.670138031E-2,-1.384885982E-2
5.064666692E1,1.064231634E0,-7.670138031E-2,-4.261187837E-2
5.065183869E1,1.026946187E0,-6.604841352E-2,-7.670138031E-2
5.065675817E1,9.960526228E-1,-3.622009605E-2,-1.086602882E-1
5.066192109E1,9.853996634E-1,1.065296936E-3,-1.320968270E-1
5.066688640E1,9.843343496E-1,2.663242258E-2,-1.470109820E-1
5.067208187E1,9.736813903E-1,4.900366068E-2,-1.555333585E-1
5.067702869E1,9.470489621E-1,8.735434711E-2,-1.619251370E-1
5.068221651E1,9.140247703E-1,1.395539045E-1,-1.619251370E-1
5.068716099E1,8.767393827E-1,1.715128124E-1,-1.683169156E-1
5.069262146E1,8.469110727E-1,1.704475135E-1,-1.693822145E-1
5.069731942E1,8.213439584E-1,1.502068639E-1,-1.725780964E-1
5.070244031E1,7.979074121E-1,1.182479635E-1,-1.757739931E-1
5.070748682E1,7.776667476E-1,8.841964602E-2,-1.821657717E-1
5.071273734E1,7.595567107E-1,6.604841352E-2,-1.938840449E-1
5.071759583E1,7.275978327E-1,2.769771963E-2,-2.087981999E-1
5.072274156E1,6.860512495E-1,7.457078435E-3,-1.992105246E-1
5.072776422E1,6.519617438E-1,2.556712553E-2,-1.608598381E-1
5.073302115E1,6.359822750E-1,8.841964602E-2,-1.225091442E-1
5.073789068E1,6.061539650E-1,1.214438528E-1,-1.257050335E-1
5.074302391E1,5.518237948E-1,1.246397421E-1,-1.225091442E-1
5.074809776E1,5.081466436E-1,1.459456831E-1,-1.033338010E-1
5.075318724E1,4.729918540E-1,1.789698899E-1,-8.309315890E-2
5.075819610E1,4.420982301E-1,1.938840449E-1,-7.563608140E-2
5.076346047E1,4.154658020E-1,2.066676021E-1,-6.391781569E-2
5.076832860E1,4.133352041E-1,2.279735506E-1,-4.793836176E-2
5.077346428E1,4.218575954E-1,2.514100671E-1,-4.687306657E-2
5.077856058E1,4.112046063E-1,2.333000302E-1,-5.859133229E-2
5.078363339E1,3.973557651E-1,1.661863178E-1,-5.326484516E-2
5.078858370E1,4.367717505E-1,7.244019210E-2,-2.663242258E-2
5.079392964E1,5.411708355E-1,-2.130593918E-2,1.491415687E-2
5.079875334E1,6.540923119E-1,-7.350549102E-2,5.752603337E-2
5.080391136E1,7.552955151E-1,-6.817900389E-2,9.800732136E-2
5.080900267E1,8.341274858E-1,-3.408950195E-2,1.310315281E-1
5.081427095E1,8.980453014E-1,-2.237123623E-2,1.715128124E-1
5.081907798E1,1.056774616E0,-1.470109820E-1,1.949493438E-1
5.082420334E1,1.308184624E0,-3.302420378E-1,2.503447831E-1
5.082922444E1,1.523374677E0,-3.824416101E-1,3.451561928E-1
5.083432141E1,1.651210308E0,-3.302420378E-1,4.229228795E-1
5.083934038E1,1.678907990E0,-2.673895359E-1,4.921671748E-1
5.084446944E1,1.638426661E0,-2.258429527E-1,5.390402675E-1
5.084950298E1,1.562790632E0,-1.246397421E-1,5.241261125E-1
5.085456934E1,1.442412019E0,2.663242258E-2,5.166690350E-1
5.085934335E1,1.278356314E0,1.619251370E-1,5.539544225E-1
5.086471611E1,1.112169981E0,2.599324584E-1,5.731297731E-1
5.086974345E1,1.005640268E0,3.131972849E-1,5.486279130E-1
5.087480877E1,9.332001209E-1,2.982831299E-1,5.177342892E-1
5.087989127E1,8.905882239E-1,2.141246796E-1,4.942977726E-1
5.088509335E1,8.820658922E-1,4.474247247E-2,4.580776691E-1
5.089003648E1,9.363960028E-1,-1.054643989E-1,4.410329461E-1
5.089515866E1,1.012032032E0,-2.141246796E-1,4.357064366E-1
5.090016054E1,1.078080535E0,-2.609977424E-1,4.506205916E-1
5.090531366E1,1.123888254E0,-2.428877056E-1,4.666000605E-1
5.091033689E1,1.126018882E0,-2.354306281E-1,4.548817873E-1
5.091546653E1,1.121757627E0,-1.970799267E-1,4.495553076E-1
5.092044221E1,1.119627118E0,-1.054643989E-1,4.516859055E-1
5.092566184E1,1.136671782E0,3.089361079E-2,4.697959423E-1
5.093059382E1,1.184610248E0,1.427497864E-1,4.964283705E-1
5.093573049E1,1.243201494E0,1.715128124E-1,4.900365770E-1
5.094076112E1,1.280486941E0,1.502068639E-1,4.431635141E-1
5.094592492E1,1.306053996E0,1.161173657E-1,3.472867906E-1
5.095086716E1,1.356122971E0,2.024064213E-1,2.641936541E-1
5.095603643E1,1.331621170E0,1.992105246E-1,1.747086942E-1
5.096101747E1,1.209112048E0,5.646073818E-2,1.161173657E-1
5.096618398E1,1.099386454E0,-4.580776766E-2,4.687306657E-2
5.097133914E1,1.041860461E0,-5.646073818E-2,-4.261187743E-3
5.097628872E1,9.907261729E-1,-8.309315890E-2,-1.065296959E-2
5.098129550E1,9.321348071E-1,-1.225091442E-1,-1.171826664E-2
5.098641883E1,8.927188516E-1,-1.320968270E-1,1.065296936E-3
5.099142800E1,8.778046966E-1,-1.193132550E-1,7.457078435E-3
5.099661112E1,8.810005784E-1,-1.139867753E-1,-1.065296959E-2
5.100160920E1,8.799352646E-1,-1.352927089E-1,-4.154657945E-2
5.100680222E1,8.628905416E-1,-1.874922663E-1,-7.989726961E-2
5.101176466E1,8.266704082E-1,-2.546059787E-1,-1.097255871E-1
5.101692774E1,7.680791020E-1,-3.057402074E-1,-1.214438528E-1
5.102194628E1,6.967042089E-1,-3.142625988E-1,-1.225091442E-1
5.102700586E1,6.253293157E-1,-2.833689749E-1,-1.193132550E-1
5.103205430E1,5.528891087E-1,-2.247776538E-1,-1.043990999E-1
5.103724764E1,4.911018908E-1,-1.597945392E-1,-8.735434711E-2
5.104224227E1,4.431635141E-1,-1.097255871E-1,-7.457078248E-2
5.104731102E1,4.069434404E-1,-7.883197069E-2,-6.391781569E-2
5.105245363E1,3.749845326E-1,-5.113425106E-2,-5.006895587E-2
5.105741300E1,3.451561928E-1,-2.237123623E-2,-3.622009605E-2
5.106248587E1,3.249155581E-1,1.065296959E-2,-2.343653329E-2
5.106757019E1,3.121320009E-1,3.835069016E-2,-6.391781382E-3
5.107258509E1,3.100014031E-1,5.539543927E-2,9.587672539E-3
5.107772050E1,3.142625988E-1,5.859133229E-2,2.024064213E-2
5.108285920E1,3.217196763E-1,6.178722158E-2,2.982831374E-2
5.108792228E1,3.366338313E-1,7.030959427E-2,3.622009605E-2
5.109290150E1,3.579397798E-1,7.989726961E-2,3.941598535E-2
5.109801660E1,3.813762963E-1,8.522375673E-2,4.261187837E-2
5.110304832E1,4.026822448E-1,8.096256852E-2,4.474247247E-2
5.110818452E1,4.122699201E-1,7.350549102E-2,4.900366068E-2
5.111320160E1,4.175963998E-1,6.072192639E-2,5.539543927E-2
5.111830395E1,4.229228795E-1,4.580776766E-2,6.178722158E-2
5.112330150E1,4.261187613E-1,3.408950195E-2,7.137489319E-2
5.112850332E1,4.271840751E-1,3.408950195E-2,8.309315890E-2
5.113349681E1,4.250534773E-1,3.515479714E-2,9.161553532E-2
5.113867025E1,4.186616838E-1,3.515479714E-2,1.001379117E-1
5.114361228E1,4.186616838E-1,2.343653329E-2,1.012032107E-1
5.114874478E1,4.325105548E-1,4.261187743E-3,1.022685021E-1
5.115372551E1,4.506205916E-1,-1.491415687E-2,1.043990999E-1
5.115912671E1,4.687306583E-1,-3.089361079E-2,1.001379117E-1
5.116394812E1,4.889712930E-1,-4.154657945E-2,1.001379117E-1
5.116905775E1,5.124078393E-1,-4.474247247E-2,1.012032107E-1
5.117404208E1,5.379749537E-1,-4.474247247E-2,1.065296903E-1
5.117921364E1,5.635420680E-1,-4.261187837E-2,1.097255871E-1
5.118430796E1,5.965662599E-1,-4.048128426E-2,1.182479635E-1
5.118928411E1,6.263945699E-1,-3.622009605E-2,1.331621110E-1
5.119437838E1,6.477005482E-1,-3.515479714E-2,1.459456831E-1
5.119942375E1,6.658105850E-1,-2.982831374E-2,1.576639414E-1
5.120442989E1,6.700717807E-1,-2.237123623E-2,1.683169156E-1
5.120958166E1,6.615493894E-1,-1.917534508E-2,1.736433953E-1
5.121461557E1,6.423740387E-1,-1.278356276E-2,1.779045910E-1
5.121975364E1,6.093498468E-1,6.391781382E-3,1.832310706E-1
5.122478766E1,5.688685775E-1,3.515479714E-2,1.938840449E-1
5.122989437E1,5.198649168E-1,7.137489319E-2,2.045370042E-1
5.123487417E1,4.729918540E-1,1.054643989E-1,2.098634988E-1
5.123998292E1,4.335758388E-1,1.310315281E-1,2.109287977E-1
5.124520552E1,3.994863629E-1,1.320968270E-1,2.045370042E-1
5.125027167E1,3.771151006E-1,1.203785539E-1,1.938840449E-1
5.125520500E1,3.590050638E-1,9.587672353E-2,1.779045910E-1
5.126039766E1,3.430256248E-1,5.859133229E-2,1.534027606E-1
5.126543172E1,3.376991153E-1,1.917534508E-2,1.278356314E-1
5.127041745E1,3.313073516E-1,-2.982831374E-2,1.033338010E-1
5.127544365E1,3.217196763E-1,-7.350549102E-2,7.563608140E-2
5.128060250E1,3.121320009E-1,-1.012032107E-1,5.219954997E-2
5.128558006E1,2.982831299E-1,-1.225091442E-1,3.089361079E-2
5.129069724E1,2.759118974E-1,-1.289009303E-1,7.457078435E-3
5.129575324E1,2.482141852E-1,-1.182479635E-1,-1.171826664E-2
5.130089558E1,2.215817571E-1,-9.800732136E-2,-2.237123623E-2
5.130590917E1,1.885575503E-1,-6.711370498E-2,-2.343653329E-2
5.131102485E1,1.576639414E-1,-1.917534508E-2,-1.171826664E-2
5.131603334E1,1.299662292E-1,2.769771963E-2,4.261187743E-3
5.132114782E1,1.139867753E-1,6.391781569E-2,2.237123623E-2
5.132622621E1,1.129214764E-1,9.374613315E-2,3.515479714E-2
5.133103699E1,1.182479635E-1,1.129214764E-1,5.113425106E-2
5.133629819E1,1.331621110E-1,1.267703325E-1,5.965662748E-2
5.134307751E1,1.565986425E-1,1.459456831E-1,7.030959427E-2
5.134646876E1,1.874922663E-1,1.640557349E-1,8.415845782E-2
5.135158438E1,2.247776538E-1,1.832310706E-1,9.481142461E-2
5.135657954E1,2.748466134E-1,1.992105246E-1,1.033338010E-1
5.136170100E1,3.238502741E-1,2.119940966E-1,1.118561774E-1
5.136673887E1,3.685927391E-1,2.269082516E-1,1.193132550E-1
5.137188808E1,4.090740085E-1,2.407571077E-1,1.246397421E-1
5.137716767E1,4.399676323E-1,2.492794842E-1,1.310315281E-1
5.138207501E1,4.697959423E-1,2.556712627E-1,1.352927089E-1
5.138702429E1,4.974936545E-1,2.588671446E-1,1.331621110E-1
5.139213637E1,5.305178761E-1,2.482141852E-1,1.214438528E-1
5.139726200E1,5.656726956E-1,2.205164731E-1,1.043990999E-1
5.140236944E1,5.976315737E-1,1.747086942E-1,8.309315890E-2
5.140732148E1,6.146763563E-1,9.800732136E-2,5.219954997E-2
5.141245257E1,6.466352344E-1,6.604841352E-2,3.515479714E-2
5.141751955E1,6.839206219E-1,7.137489319E-2,2.450183034E-2
5.142257778E1,6.999000907E-1,5.113425106E-2,1.065296936E-3
5.142764408E1,7.116183639E-1,3.195890784E-2,-1.491415687E-2
5.143274387E1,7.233366370E-1,3.195890784E-2,-1.811004803E-2
5.143771377E1,7.371854782E-1,5.433014408E-2,-2.237123623E-2
5.144290200E1,7.510343194E-1,7.776667923E-2,-2.450183034E-2
5.144789575E1,7.659484744E-1,8.948494494E-2,-1.811004803E-2
5.145311299E1,7.893850207E-1,1.075949892E-1,-4.261187743E-3
5.145803403E1,8.170827627E-1,1.384886056E-1,1.704475097E-2
5.146314356E1,8.511722684E-1,1.811004728E-1,3.835069016E-2
5.146817372E1,8.905882239E-1,2.279735506E-1,6.285251677E-2
5.147327950E1,9.321348071E-1,2.791078091E-1,8.948494494E-2
5.147832388E1,9.704855084E-1,3.334379494E-1,1.139867753E-1
5.148344023E1,1.013097405E0,3.920292854E-1,1.331621110E-1
5.148843393E1,1.072754025E0,4.644694626E-1,1.544680595E-1
5.149340825E1,1.138802409E0,5.486279130E-1,1.704475135E-1
5.149861456E1,1.210177302E0,6.487658620E-1,1.853616685E-1
5.150371128E1,1.290074587E0,7.616873384E-1,2.002758235E-1
5.150879690E1,1.374233007E0,8.756740689E-1,2.056023031E-1
5.151390378E1,1.463717937E0,9.832690954E-1,2.045370042E-1
5.151888357E1,1.555333495E0,1.084472299E0,1.992105246E-1
5.152398440E1,1.644818425E0,1.175022483E0,1.832310706E-1
5.152903336E1,1.737499356E0,1.254919767E0,1.619251370E-1
5.153419602E1,1.820592523E0,1.315641761E0,1.363580078E-1
5.153917092E1,1.894097924E0,1.369971871E0,9.800732136E-2
5.154405753E1,1.947362781E0,1.422171354E0,4.793836176E-2
5.154934373E1,1.976125836E0,1.471175075E0,-2.130593872E-3
5.155443290E1,1.978256464E0,1.514852285E0,-5.859133229E-2
5.155944456E1,1.955885172E0,1.542549968E0,-1.203785539E-1
5.156474769E1,1.921795726E0,1.560660005E0,-1.747086942E-1
5.156968446E1,1.877053142E0,1.567051768E0,-2.205164731E-1
5.157469951E1,1.824853659E0,1.567051768E0,-2.482141852E-1
5.157973972E1,1.772654057E0,1.577704787E0,-2.460835874E-1
5.158485087E1,1.718323946E0,1.601141334E0,-2.269082516E-1
5.158984608E1,1.649079680E0,1.630969644E0,-1.896228492E-1
5.159501597E1,1.558529377E0,1.671450853E0,-1.512721628E-1
5.160000873E1,1.450934410E0,1.720454574E0,-1.086602882E-1
5.160526868E1,1.328425288E0,1.758805275E0,-6.391781569E-2
5.161014967E1,1.182479620E0,1.777980566E0,-8.522375487E-3
5.161528077E1,1.023750305E0,1.773719430E0,4.900366068E-2
5.162030509E1,8.628905416E-1,1.751348138E0,1.043990999E-1
5.162541707E1,7.094877362E-1,1.717258692E0,1.448803842E-1
5.163046525E1,5.816521049E-1,1.670385599E0,1.672516167E-1
5.163558452E1,4.847100973E-1,1.609663725E0,1.874922663E-1
5.164056916E1,4.090740085E-1,1.545745850E0,2.034717202E-1
5.164576780E1,3.717886209E-1,1.487154484E0,2.087981999E-1
5.165074035E1,3.611356616E-1,1.429628491E0,2.141246796E-1
5.165588577E1,3.707233369E-1,1.376363635E0,2.205164731E-1
5.166087759E1,4.037475288E-1,1.342274189E0,2.279735506E-1
5.166603046E1,4.463594258E-1,1.318837643E0,2.396918088E-1
5.167099884E1,4.932324886E-1,1.308184624E0,2.546059787E-1
5.167612468E1,5.411708355E-1,1.295401096E0,2.652589381E-1
5.168126275E1,5.763256550E-1,1.250658631E0,2.759118974E-1
5.168627254E1,6.008274555E-1,1.182479620E0,3.100014031E-1
5.169127541E1,6.178722382E-1,1.094059944E0,3.504827023E-1
5.169644744E1,6.327863932E-1,9.811384678E-1,3.856374919E-1
5.170149614E1,6.519617438E-1,8.735435009E-1,4.218575954E-1
5.170655994E1,6.732676625E-1,7.787320614E-1,4.484900236E-1
5.171159786E1,6.945735812E-1,6.903123856E-1,4.591429830E-1
5.171670020E1,7.105530500E-1,6.061539650E-1,4.655347466E-1
5.172171489E1,7.201407552E-1,5.337137580E-1,4.655347466E-1
5.172687458E1,7.254672050E-1,4.666000605E-1,4.602082670E-1
5.173189463E1,7.371854782E-1,4.026822448E-1,4.506205916E-1
5.173697515E1,7.606220245E-1,3.483521044E-1,4.389023483E-1
5.174200260E1,7.957767844E-1,3.004137278E-1,4.293146729E-1
5.174722656E1,8.351927996E-1,2.567365468E-1,4.112046063E-1
5.175217885E1,8.660864234E-1,2.194511741E-1,3.867027760E-1
5.175727078E1,8.916535378E-1,1.789698899E-1,3.579397798E-1
5.176228339E1,9.129594564E-1,1.374233067E-1,3.302420378E-1
5.176743344E1,9.342654347E-1,1.107908785E-1,3.068055212E-1
5.177242318E1,9.577019215E-1,8.096256852E-2,2.727160156E-1
5.177763771E1,9.832690954E-1,4.261187837E-2,2.407571077E-1
5.178260667E1,1.014162660E0,-4.261187743E-3,2.024064213E-1
5.178769927E1,1.053578615E0,-5.752603337E-2,1.608598381E-1
5.179287250E1,1.100451708E0,-1.203785539E-1,1.107908785E-1
5.179787198E1,1.164369583E0,-1.981452256E-1,5.113425106E-2
5.180285693E1,1.242136240E0,-2.908260524E-1,-6.391781382E-3
5.180797162E1,1.319902897E0,-3.952251673E-1,-6.072192639E-2
5.181302594E1,1.387016654E0,-4.985589683E-1,-1.150520667E-1
5.181823474E1,1.446673274E0,-6.082845330E-1,-1.704475135E-1
5.182317897E1,1.516982794E0,-7.425119877E-1,-2.237123549E-1
5.182827589E1,1.584096551E0,-8.937841058E-1,-2.567365468E-1
5.183334454E1,1.642687917E0,-1.045056343E0,-2.748466134E-1
5.183848730E1,1.695952773E0,-1.198459029E0,-2.961525619E-1
5.184341938E1,1.741760492E0,-1.336947680E0,-3.057402074E-1
5.184859923E1,1.749217510E0,-1.401930809E0,-2.897607684E-1
5.185356699E1,1.722585201E0,-1.399800181E0,-2.620630562E-1
5.185881532E1,1.674646735E0,-1.385951281E0,-2.205164731E-1
5.186371340E1,1.597945452E0,-1.343339443E0,-1.534027606E-1
5.186893168E1,1.479697466E0,-1.226156831E0,-5.965662748E-2
5.187387048E1,1.315641761E0,-1.051448107E0,5.113425106E-2
5.187903928E1,1.140933037E0,-8.341274858E-1,1.587292403E-1
5.188402522E1,9.811384678E-1,-6.040233374E-1,2.311694324E-1
5.188913892E1,8.490416408E-1,-4.016169310E-1,2.652589381E-1
5.189429975E1,7.467731237E-1,-2.396918088E-1,2.908260524E-1
5.189930918E1,6.743329763E-1,-8.415845782E-2,3.036096394E-1
5.190447673E1,6.391781569E-1,8.735434711E-2,3.057402074E-1
5.190945163E1,6.359822750E-1,2.673895359E-1,2.982831299E-1
5.191454481E1,6.562229395E-1,4.335758388E-1,2.748466134E-1
5.191974074E1,6.828553081E-1,5.507585406E-1,2.492794842E-1
5.192464621E1,6.881818175E-1,6.104151607E-1,2.439530045E-1
5.192979627E1,6.775288582E-1,6.445046663E-1,2.386265099E-1
5.193470351E1,6.359822750E-1,6.285251975E-1,2.396918088E-1
5.193981898E1,5.592808723E-1,5.635420680E-1,2.492794842E-1
5.194485700E1,4.740571380E-1,4.953630865E-1,2.609977424E-1
5.195001502E1,4.495553076E-1,4.687306583E-1,2.418224066E-1
5.195501466E1,5.614115000E-1,4.005516469E-1,1.821657717E-1
5.196013518E1,6.572881937E-1,1.278356314E-1,1.576639414E-1
5.196532096E1,7.190754414E-1,-1.757739931E-1,1.459456831E-1
5.197029210E1,7.925809026E-1,-4.026822448E-1,1.022685021E-1
5.197530992E1,8.533028364E-1,-5.795215368E-1,4.900366068E-2
5.198041898E1,8.479763865E-1,-6.988347769E-1,1.597945392E-2
5.198559070E1,7.414466739E-1,-7.350549102E-1,6.391781382E-3
5.199056034E1,5.507585406E-1,-6.817900538E-1,1.278356276E-2
5.199556804E1,3.355685472E-1,-5.390402675E-1,1.065296959E-2
5.200082070E1,1.448803842E-1,-3.345032334E-1,-1.384885982E-2
5.200569956E1,4.261187743E-3,-1.246397421E-1,-4.580776766E-2
5.201099857E1,-8.841964602E-2,1.917534508E-2,-7.350549102E-2
5.201586555E1,-1.384886056E-1,8.841964602E-2,-1.001379117E-1
5.202111424E1,-1.597945392E-1,1.065296903E-1,-1.225091442E-1
5.202600914E1,-1.715128124E-1,1.012032107E-1,-1.406191885E-1
5.203113716E1,-1.768392920E-1,7.563608140E-2,-1.544680595E-1
5.203615279E1,-1.779045910E-1,4.367717355E-2,-1.544680595E-1
5.204124268E1,-1.768392920E-1,1.597945392E-2,-1.427497864E-1
5.204628748E1,-1.747086942E-1,-1.065296959E-2,-1.193132550E-1
5.205145602E1,-1.747086942E-1,-3.089361079E-2,-8.628904819E-2
5.205640065E1,-1.811004728E-1,-3.622009605E-2,-4.793836176E-2
5.206156571E1,-1.906881481E-1,-2.237123623E-2,-1.065296959E-2
5.206668284E1,-2.077329010E-1,9.587672539E-3,2.130593918E-2
5.207172826E1,-2.354306281E-1,5.859133229E-2,5.219954997E-2
5.207675784E1,-2.727160156E-1,1.182479635E-1,7.457078248E-2
5.208183180E1,-3.046749234E-1,1.768392920E-1,9.161553532E-2
5.208686618E1,-3.281114697E-1,2.247776538E-1,9.907261282E-2
5.209203488E1,-3.398297131E-1,2.588671446E-1,9.587672353E-2
5.209699555E1,-3.366338313E-1,2.844342887E-1,8.948494494E-2
5.210212988E1,-3.323726356E-1,3.004137278E-1,7.883197069E-2
5.210712811E1,-3.249155581E-1,3.004137278E-1,6.604841352E-2
5.211227373E1,-3.131972849E-1,2.876301706E-1,5.006895587E-2
5.211731321E1,-2.918913662E-1,2.695201337E-1,3.408950195E-2
5.212246837E1,-2.599324584E-1,2.567365468E-1,2.024064213E-2
5.212748118E1,-2.205164731E-1,2.375612110E-1,6.391781382E-3
5.213261233E1,-1.715128124E-1,2.087981999E-1,-1.278356276E-2
5.213760129E1,-1.203785539E-1,1.640557349E-1,-3.195890784E-2
5.214266988E1,-6.604841352E-2,1.171826646E-1,-4.900366068E-2
5.214770842E1,-1.704475097E-2,8.628904819E-2,-6.285251677E-2
5.215287077E1,7.457078435E-3,6.498311460E-2,-7.457078248E-2
5.215783707E1,2.130593918E-2,3.302420676E-2,-8.096256852E-2
5.216271801E1,3.515479714E-2,-4.261187743E-3,-8.309315890E-2
5.216802988E1,3.941598535E-2,-4.261187837E-2,-8.522375673E-2
5.217312968E1,4.048128426E-2,-7.670138031E-2,-8.522375673E-2
5.217823629E1,3.515479714E-2,-1.097255871E-1,-8.096256852E-2
5.218330155E1,2.130593918E-2,-1.352927089E-1,-7.030959427E-2
5.218830640E1,3.195890691E-3,-1.544680595E-1,-6.072192639E-2
5.219339129E1,-1.278356276E-2,-1.683169156E-1,-5.539543927E-2
5.219843645E1,-2.769771963E-2,-1.811004728E-1,-4.687306657E-2
5.220358556E1,-4.793836176E-2,-1.896228492E-1,-3.408950195E-2
5.220860536E1,-6.817900389E-2,-1.917534471E-1,-1.597945392E-2
5.221356650E1,-8.522375673E-2,-1.917534471E-1,2.130593872E-3
5.221871937E1,-9.374613315E-2,-1.928187460E-1,1.704475097E-2
5.222387255E1,-9.587672353E-2,-1.938840449E-1,2.769771963E-2
5.222893182E1,-9.587672353E-2,-1.928187460E-1,3.408950195E-2
5.223407479E1,-9.374613315E-2,-1.928187460E-1,3.835069016E-2
5.223898734E1,-8.841964602E-2,-2.002758235E-1,3.941598535E-2
5.224410932E1,-8.309315890E-2,-2.056023031E-1,3.728539124E-2
5.224917041E1,-7.776667923E-2,-2.151899785E-1,3.195890784E-2
5.225431208E1,-6.924430281E-2,-2.269082516E-1,2.130593918E-2
5.225943687E1,-4.687306657E-2,-2.418224066E-1,8.522375487E-3
5.226448031E1,-1.704475097E-2,-2.695201337E-1,-5.326484796E-3
5.226943828E1,1.811004803E-2,-3.057402074E-1,-2.663242258E-2
5.227452557E1,5.859133229E-2,-3.472867906E-1,-5.219954997E-2
5.227957177E1,9.907261282E-2,-3.877680898E-1,-7.776667923E-2
5.228468958E1,1.395539045E-1,-4.282493591E-1,-1.022685021E-1
5.228973037E1,1.715128124E-1,-4.687306583E-1,-1.182479635E-1
5.229481953E1,1.896228492E-1,-4.932324886E-1,-1.320968270E-1
5.229990037E1,2.024064213E-1,-5.017548800E-1,-1.448803842E-1
5.230496177E1,2.130593807E-1,-4.985589683E-1,-1.534027606E-1
5.230996802E1,2.173205763E-1,-4.857754111E-1,-1.576639414E-1
5.231518078E1,2.173205763E-1,-4.719265401E-1,-1.587292403E-1
5.232011917E1,2.087981999E-1,-4.495553076E-1,-1.576639414E-1
5.232523349E1,1.938840449E-1,-4.154658020E-1,-1.555333585E-1
5.233029349E1,1.779045910E-1,-3.824416101E-1,-1.576639414E-1
5.233539678E1,1.608598381E-1,-3.536785841E-1,-1.608598381E-1
5.234042740E1,1.406191885E-1,-3.291767538E-1,-1.640557349E-1
5.234557454E1,1.129214764E-1,-3.046749234E-1,-1.661863178E-1
5.235056209E1,8.202786744E-2,-2.801730931E-1,-1.661863178E-1
5.235566948E1,4.367717355E-2,-2.599324584E-1,-1.619251370E-1
5.236070537E1,4.261187743E-3,-2.460835874E-1,-1.619251370E-1
5.236600735E1,-3.195890784E-2,-2.396918088E-1,-1.629904360E-1
5.237086662E1,-6.604841352E-2,-2.354306281E-1,-1.576639414E-1
5.237598225E1,-9.481142461E-2,-2.322347313E-1,-1.544680595E-1
5.238099496E1,-1.161173657E-1,-2.237123549E-1,-1.523374617E-1
5.238613959E1,-1.342274100E-1,-2.162552774E-1,-1.512721628E-1
5.239115199E1,-1.544680595E-1,-2.024064213E-1,-1.502068639E-1
5.239628897E1,-1.725780964E-1,-1.821657717E-1,-1.502068639E-1
5.240139866E1,-1.949493438E-1,-1.587292403E-1,-1.491415650E-1
5.240638772E1,-2.205164731E-1,-1.352927089E-1,-1.459456831E-1
5.241141418E1,-2.460835874E-1,-1.129214764E-1,-1.416844875E-1
5.241657486E1,-2.641936541E-1,-9.481142461E-2,-1.395539045E-1
5.242155512E1,-2.844342887E-1,-8.841964602E-2,-1.342274100E-1
5.242666387E1,-3.025443256E-1,-8.628904819E-2,-1.310315281E-1
5.243170991E1,-3.206543922E-1,-8.309315890E-2,-1.246397421E-1
5.243685064E1,-3.387644291E-1,-8.309315890E-2,-1.161173657E-1
5.244183595E1,-3.611356616E-1,-8.202786744E-2,-1.086602882E-1
5.244700965E1,-3.781804144E-1,-8.096256852E-2,-1.022685021E-1
5.245214299E1,-3.941598535E-1,-8.309315890E-2,-9.694202244E-2
5.245710882E1,-4.112046063E-1,-8.415845782E-2,-8.841964602E-2
5.246222304E1,-4.261187613E-1,-9.268083423E-2,-7.776667923E-2
5.246733517E1,-4.389023483E-1,-1.022685021E-1,-6.711370498E-2
5.247232314E1,-4.484900236E-1,-1.107908785E-1,-5.752603337E-2
5.247738273E1,-4.559471011E-1,-1.150520667E-1,-5.006895587E-2
5.248250299E1,-4.580776691E-1,-1.182479635E-1,-4.474247247E-2
5.248758966E1,-4.602082670E-1,-1.203785539E-1,-3.941598535E-2
5.249254862E1,-4.580776691E-1,-1.225091442E-1,-3.941598535E-2
5.249768601E1,-4.506205916E-1,-1.225091442E-1,-3.622009605E-2
5.250275268E1,-4.431635141E-1,-1.278356314E-1,-3.302420676E-2
5.250780940E1,-4.346411526E-1,-1.416844875E-1,-3.408950195E-2
5.251286987E1,-4.261187613E-1,-1.480762810E-1,-2.876301669E-2
5.251798018E1,-4.207922816E-1,-1.523374617E-1,-2.663242258E-2
5.252298581E1,-4.090740085E-1,-1.640557349E-1,-2.556712553E-2
5.252813237E1,-3.930945694E-1,-1.725780964E-1,-2.237123623E-2
5.253315008E1,-3.781804144E-1,-1.853616685E-1,-1.811004803E-2
5.253823544E1,-3.675274551E-1,-1.981452256E-1,-1.491415687E-2
5.254324768E1,-3.579397798E-1,-2.002758235E-1,-1.597945392E-2
5.254839523E1,-3.504827023E-1,-2.002758235E-1,-1.491415687E-2
5.255349060E1,-3.462215066E-1,-2.013411224E-1,-1.384885982E-2
5.255863346E1,-3.440909088E-1,-2.056023031E-1,-1.597945392E-2
5.256355201E1,-3.376991153E-1,-2.034717202E-1,-1.917534508E-2
5.256868846E1,-3.227849603E-1,-2.002758235E-1,-2.024064213E-2
5.257369998E1,-3.110667169E-1,-2.034717202E-1,-2.450183034E-2
5.257881576E1,-3.014790416E-1,-2.024064213E-1,-2.663242258E-2
5.258384878E1,-2.929566503E-1,-1.917534471E-1,-2.450183034E-2
5.258895404E1,-2.844342887E-1,-1.821657717E-1,-2.663242258E-2
5.259398477E1,-2.769772112E-1,-1.747086942E-1,-2.876301669E-2
5.259924779E1,-2.705854177E-1,-1.715128124E-1,-2.982831374E-2
5.260413613E1,-2.599324584E-1,-1.629904360E-1,-3.089361079E-2
5.260926488E1,-2.524753809E-1,-1.544680595E-1,-3.408950195E-2
5.261434050E1,-2.503447831E-1,-1.491415650E-1,-3.195890784E-2
5.261938982E1,-2.450182885E-1,-1.438150853E-1,-3.195890784E-2
5.262444248E1,-2.428877056E-1,-1.352927089E-1,-3.089361079E-2
5.262956665E1,-2.396918088E-1,-1.257050335E-1,-2.769771963E-2
5.263454623E1,-2.375612110E-1,-1.171826646E-1,-2.556712553E-2
5.263973097E1,-2.364959270E-1,-1.097255871E-1,-2.343653329E-2
5.264473638E1,-2.333000302E-1,-1.022685021E-1,-2.024064213E-2
5.264986388E1,-2.311694324E-1,-9.694202244E-2,-1.811004803E-2
5.265485170E1,-2.333000302E-1,-8.841964602E-2,-1.597945392E-2
5.266018665E1,-2.311694324E-1,-7.883197069E-2,-1.278356276E-2
5.266500967E1,-2.301041335E-1,-6.711370498E-2,-8.522375487E-3
5.267033493E1,-2.258429527E-1,-5.859133229E-2,-5.326484796E-3
5.267514197E1,-2.215817571E-1,-5.326484516E-2,-2.130593872E-3
5.268030186E1,-2.183858752E-1,-4.687306657E-2,-1.065296936E-3
5.268529192E1,-2.151899785E-1,-4.580776766E-2,-1.065296936E-3
5.269060165E1,-2.087981999E-1,-4.580776766E-2,2.130593872E-3
5.269538020E1,-2.002758235E-1,-4.793836176E-2,2.130593872E-3
5.270057535E1,-1.928187460E-1,-5.113425106E-2,0.000000000E0
5.270552134E1,-1.874922663E-1,-5.539543927E-2,-2.130593872E-3
5.271076348E1,-1.789698899E-1,-6.072192639E-2,-3.195890691E-3
5.271569624E1,-1.757739931E-1,-6.178722158E-2,-2.130593872E-3
5.272080088E1,-1.736433953E-1,-5.752603337E-2,-4.261187743E-3
5.272580635E1,-1.704475135E-1,-5.646073818E-2,-1.065296936E-3
5.273096411E1,-1.672516167E-1,-5.219954997E-2,1.065296936E-3
5.273612676E1,-1.608598381E-1,-4.793836176E-2,-1.065296936E-3
5.274117567E1,-1.555333585E-1,-4.793836176E-2,0.000000000E0
5.274617926E1,-1.523374617E-1,-4.474247247E-2,2.130593872E-3
5.275124317E1,-1.480762810E-1,-4.474247247E-2,1.065296936E-3
5.275627807E1,-1.438150853E-1,-4.367717355E-2,3.195890691E-3
5.276136859E1,-1.384886056E-1,-4.474247247E-2,6.391781382E-3
5.276647932E1,-1.320968270E-1,-4.474247247E-2,6.391781382E-3
5.277161666E1,-1.320968270E-1,-4.261187837E-2,8.522375487E-3
5.277667213E1,-1.299662292E-1,-4.048128426E-2,1.278356276E-2
5.278168953E1,-1.299662292E-1,-3.728539124E-2,1.384885982E-2
5.278672312E1,-1.257050335E-1,-3.408950195E-2,1.384885982E-2
5.279181927E1,-1.203785539E-1,-3.089361079E-2,1.491415687E-2
5.279690125E1,-1.182479635E-1,-2.876301669E-2,1.704475097E-2
5.280195396E1,-1.150520667E-1,-1.811004803E-2,1.811004803E-2
5.280701662E1,-1.097255871E-1,-8.522375487E-3,1.704475097E-2
5.281216307E1,-1.054643989E-1,-8.522375487E-3,1.491415687E-2
5.281711865E1,-9.587672353E-2,-1.811004803E-2,1.171826664E-2
5.282225766E1,-8.628904819E-2,-3.408950195E-2,7.457078435E-3
5.282727860E1,-7.457078248E-2,-4.580776766E-2,4.261187743E-3
5.283240438E1,-5.752603337E-2,-4.154657945E-2,3.195890691E-3
5.283739224E1,-3.835069016E-2,-2.237123623E-2,3.195890691E-3
5.284250948E1,-2.237123623E-2,1.065296936E-3,3.195890691E-3
5.284779381E1,-7.457078435E-3,1.597945392E-2,3.195890691E-3
5.285252323E1,6.391781382E-3,2.450183034E-2,4.261187743E-3
5.285776553E1,2.237123623E-2,2.663242258E-2,3.195890691E-3
5.286290021E1,3.515479714E-2,2.237123623E-2,3.195890691E-3
5.286796907E1,4.474247247E-2,2.450183034E-2,6.391781382E-3
5.287304719E1,5.006895587E-2,2.876301669E-2,1.065296959E-2
5.287805006E1,5.113425106E-2,3.195890784E-2,1.278356276E-2
5.288337511E1,5.113425106E-2,2.982831374E-2,1.065296959E-2
5.288838052E1,5.113425106E-2,2.982831374E-2,1.384885982E-2
5.289331115E1,4.793836176E-2,3.089361079E-2,1.065296959E-2
5.289836386E1,4.474247247E-2,2.769771963E-2,6.391781382E-3
5.290374168E1,4.261187837E-2,2.237123623E-2,1.065296936E-3
5.290847079E1,4.154657945E-2,1.278356276E-2,-5.326484796E-3
5.291350616E1,3.515479714E-2,4.261187743E-3,-1.065296959E-2
5.291829621E1,2.130593918E-2,2.130593872E-3,-1.278356276E-2
5.292372340E1,9.587672539E-3,-2.130593872E-3,-1.917534508E-2
5.292891454E1,2.130593872E-3,-1.278356276E-2,-2.556712553E-2
5.293402861E1,1.065296936E-3,-2.024064213E-2,-3.302420676E-2
5.293888069E1,0.000000000E0,-2.769771963E-2,-4.048128426E-2
5.294407444E1,-7.457078435E-3,-4.261187837E-2,-4.687306657E-2
5.294903835E1,-1.278356276E-2,-5.752603337E-2,-5.113425106E-2
5.295424585E1,-2.556712553E-2,-7.350549102E-2,-5.752603337E-2
5.295920991E1,-3.835069016E-2,-8.202786744E-2,-5.752603337E-2
5.296419147E1,-5.219954997E-2,-8.202786744E-2,-5.965662748E-2
5.296938179E1,-6.498311460E-2,-8.096256852E-2,-6.072192639E-2
5.297458147E1,-6.817900389E-2,-7.989726961E-2,-6.285251677E-2
5.297954226E1,-5.219954997E-2,-9.907261282E-2,-6.498311460E-2
5.298481132E1,-1.597945392E-2,-1.523374617E-1,-7.563608140E-2
5.298983377E1,7.883197069E-2,-2.897607684E-1,-1.086602882E-1
5.299495236E1,2.109287977E-1,-4.932324886E-1,-1.565986425E-1
5.299976861E1,3.302420378E-1,-6.871165037E-1,-1.992105246E-1
5.300493846E1,4.186616838E-1,-8.245398402E-1,-2.354306281E-1
5.301019137E1,4.559471011E-1,-8.927188516E-1,-2.578018606E-1
5.301503549E1,4.442288280E-1,-8.724781871E-1,-2.631283402E-1
5.302003586E1,3.877680898E-1,-7.627525926E-1,-2.578018606E-1
5.302527507E1,2.993484437E-1,-6.061539650E-1,-2.450182885E-1
5.303028060E1,2.066676021E-1,-4.580776691E-1,-2.247776538E-1
5.303544622E1,1.214438528E-1,-3.440909088E-1,-1.970799267E-1
5.304032851E1,3.728539124E-2,-2.588671446E-1,-1.747086942E-1
5.304548362E1,-4.793836176E-2,-1.874922663E-1,-1.502068639E-1
5.305049424E1,-1.395539045E-1,-1.278356314E-1,-1.267703325E-1
5.305558680E1,-2.258429527E-1,-7.457078248E-2,-1.012032107E-1
5.306086008E1,-2.950872481E-1,-3.089361079E-2,-7.989726961E-2
5.306577392E1,-3.472867906E-1,6.391781382E-3,-5.539543927E-2
5.307100169E1,-3.867027760E-1,4.474247247E-2,-3.302420676E-2
5.307596904E1,-4.197269976E-1,7.883197069E-2,-1.704475097E-2
5.308092951E1,-4.442288280E-1,1.054643989E-1,-3.195890691E-3
5.308571029E1,-4.602082670E-1,1.225091442E-1,8.522375487E-3
5.309107284E1,-4.655347466E-1,1.299662292E-1,2.024064213E-2
5.309645393E1,-4.602082670E-1,1.331621110E-1,2.982831374E-2
5.310118800E1,-4.527511895E-1,1.352927089E-1,3.622009605E-2
5.310648993E1,-4.420982301E-1,1.331621110E-1,3.835069016E-2
5.311133586E1,-4.271840751E-1,1.320968270E-1,4.154657945E-2
5.311654331E1,-4.101393223E-1,1.257050335E-1,4.474247247E-2
5.312146743E1,-3.930945694E-1,1.203785539E-1,4.261187837E-2
5.312664519E1,-3.749845326E-1,1.139867753E-1,4.048128426E-2
5.313185962E1,-3.547438681E-1,1.107908785E-1,4.154657945E-2
5.313683248E1,-3.398297131E-1,1.075949892E-1,4.154657945E-2
5.314189118E1,-3.206543922E-1,1.054643989E-1,3.835069016E-2
5.314700087E1,-3.057402074E-1,1.043990999E-1,3.728539124E-2
5.315198295E1,-2.918913662E-1,1.022685021E-1,2.982831374E-2
5.315711639E1,-2.791078091E-1,1.001379117E-1,2.343653329E-2
5.316206233E1,-2.663242221E-1,8.948494494E-2,2.024064213E-2
5.316734707E1,-2.492794842E-1,7.457078248E-2,1.491415687E-2
5.317225800E1,-2.333000302E-1,6.391781569E-2,1.278356276E-2
5.317740863E1,-2.162552774E-1,4.900366068E-2,8.522375487E-3
5.318242868E1,-1.981452256E-1,3.515479714E-2,3.195890691E-3
5.318762045E1,-1.842963696E-1,2.130593918E-2,2.130593872E-3
5.319263202E1,-1.683169156E-1,9.587672539E-3,1.065296936E-3
5.319764358E1,-1.523374617E-1,0.000000000E0,-2.130593872E-3
5.320229176E1,-1.374233067E-1,-4.261187743E-3,-3.195890691E-3
5.320779228E1,-1.246397421E-1,-6.391781382E-3,-4.261187743E-3
5.321278004E1,-1.150520667E-1,-4.261187743E-3,-7.457078435E-3
5.321793457E1,-1.107908785E-1,-8.522375487E-3,-9.587672539E-3
5.322303541E1,-1.054643989E-1,-9.587672539E-3,-9.587672539E-3
5.322840494E1,-9.587672353E-2,-5.326484796E-3,-8.522375487E-3
5.323305926E1,-8.841964602E-2,-2.130593872E-3,-7.457078435E-3
5.323831806E1,-7.883197069E-2,0.000000000E0,-7.457078435E-3
5.324327968E1,-6.711370498E-2,-1.065296936E-3,-1.065296959E-2
5.324833411E1,-5.433014408E-2,-7.457078435E-3,-1.384885982E-2
5.325361807E1,-5.006895587E-2,-1.491415687E-2,-1.171826664E-2
5.325849765E1,-4.900366068E-2,-1.811004803E-2,-1.278356276E-2
5.326362166E1,-4.687306657E-2,-2.237123623E-2,-1.278356276E-2
5.326876218E1,-4.154657945E-2,-2.237123623E-2,-1.278356276E-2
5.327371406E1,-4.154657945E-2,-2.130593918E-2,-1.491415687E-2
5.327874093E1,-4.261187837E-2,-2.450183034E-2,-1.917534508E-2
5.328388458E1,-4.687306657E-2,-2.556712553E-2,-2.024064213E-2
5.328899072E1,-5.006895587E-2,-2.450183034E-2,-1.917534508E-2
5.329404625E1,-5.219954997E-2,-2.343653329E-2,-2.237123623E-2
5.329907067E1,-5.646073818E-2,-2.450183034E-2,-2.556712553E-2
5.330421994E1,-5.752603337E-2,-2.450183034E-2,-2.769771963E-2
5.330920547E1,-5.965662748E-2,-2.769771963E-2,-2.769771963E-2
5.331438250E1,-5.646073818E-2,-2.982831374E-2,-2.876301669E-2
5.331952302E1,-5.113425106E-2,-3.408950195E-2,-3.195890784E-2
5.332439271E1,-4.900366068E-2,-3.728539124E-2,-3.408950195E-2
5.332945432E1,-4.687306657E-2,-3.835069016E-2,-3.622009605E-2
5.333450958E1,-4.474247247E-2,-3.622009605E-2,-3.728539124E-2
5.333976714E1,-4.474247247E-2,-3.302420676E-2,-3.728539124E-2
5.334491896E1,-4.474247247E-2,-3.302420676E-2,-3.622009605E-2
5.334980943E1,-4.793836176E-2,-2.982831374E-2,-3.408950195E-2
5.335496641E1,-5.006895587E-2,-2.556712553E-2,-3.408950195E-2
5.335994808E1,-5.006895587E-2,-2.237123623E-2,-3.622009605E-2
5.336518183E1,-5.113425106E-2,-2.130593918E-2,-3.302420676E-2
5.337007901E1,-5.219954997E-2,-2.343653329E-2,-3.195890784E-2
5.337505891E1,-5.219954997E-2,-2.237123623E-2,-3.195890784E-2
5.338018672E1,-5.006895587E-2,-2.343653329E-2,-3.515479714E-2
5.338517683E1,-4.687306657E-2,-2.343653329E-2,-3.728539124E-2
5.339042339E1,-4.474247247E-2,-2.663242258E-2,-4.048128426E-2
5.339543037E1,-4.048128426E-2,-2.769771963E-2,-4.154657945E-2
5.340047652E1,-4.154657945E-2,-2.663242258E-2,-4.261187837E-2
5.340550777E1,-4.048128426E-2,-2.343653329E-2,-4.261187837E-2
5.341065985E1,-3.941598535E-2,-2.237123623E-2,-4.367717355E-2
5.341562527E1,-3.728539124E-2,-1.917534508E-2,-4.367717355E-2
5.342079834E1,-3.302420676E-2,-1.917534508E-2,-4.261187837E-2
5.342579329E1,-2.769771963E-2,-2.130593918E-2,-4.154657945E-2
5.343092204E1,-2.450183034E-2,-2.130593918E-2,-3.941598535E-2
5.343606496E1,-2.024064213E-2,-1.917534508E-2,-3.728539124E-2
5.344107746E1,-1.384885982E-2,-1.811004803E-2,-3.728539124E-2
5.344616157E1,-8.522375487E-3,-1.597945392E-2,-3.408950195E-2
5.345136621E1,-4.261187743E-3,-1.171826664E-2,-3.408950195E-2
5.345620428E1,0.000000000E0,-1.171826664E-2,-3.195890784E-2
5.346133048E1,4.261187743E-3,-1.065296959E-2,-2.876301669E-2
5.346633356E1,1.065296959E-2,-7.457078435E-3,-2.769771963E-2
5.347160892E1,1.278356276E-2,-4.261187743E-3,-2.876301669E-2
5.347672814E1,1.491415687E-2,-1.065296936E-3,-2.769771963E-2
5.348159428E1,2.024064213E-2,4.261187743E-3,-2.663242258E-2
5.348663538E1,2.237123623E-2,7.457078435E-3,-2.556712553E-2
5.349182199E1,2.450183034E-2,9.587672539E-3,-3.089361079E-2
5.349673377E1,2.343653329E-2,1.171826664E-2,-2.876301669E-2
5.350199314E1,2.343653329E-2,1.384885982E-2,-3.302420676E-2
5.350696793E1,2.237123623E-2,1.491415687E-2,-3.728539124E-2
5.351208486E1,2.130593918E-2,1.917534508E-2,-3.835069016E-2
5.351717804E1,2.024064213E-2,2.343653329E-2,-3.835069016E-2
5.352215637E1,1.811004803E-2,2.556712553E-2,-3.941598535E-2
5.352735627E1,1.704475097E-2,3.089361079E-2,-4.154657945E-2
5.353247986E1,1.491415687E-2,3.941598535E-2,-4.048128426E-2
5.353732262E1,1.171826664E-2,4.580776766E-2,-3.941598535E-2
5.354243085E1,8.522375487E-3,4.367717355E-2,-4.048128426E-2
5.354767523E1,5.326484796E-3,4.474247247E-2,-4.048128426E-2
5.355251971E1,0.000000000E0,4.367717355E-2,-3.941598535E-2
5.355767612E1,-5.326484796E-3,4.154657945E-2,-3.835069016E-2
5.356285075E1,-1.065296959E-2,4.367717355E-2,-3.835069016E-2
5.356777190E1,-1.811004803E-2,4.580776766E-2,-3.515479714E-2
5.357304518E1,-2.450183034E-2,4.580776766E-2,-3.408950195E-2
5.357798575E1,-2.663242258E-2,4.687306657E-2,-3.089361079E-2
5.358304487E1,-2.876301669E-2,4.687306657E-2,-2.769771963E-2
5.358806112E1,-2.876301669E-2,4.687306657E-2,-2.663242258E-2
5.359318638E1,-2.982831374E-2,5.006895587E-2,-2.343653329E-2
5.359830935E1,-2.982831374E-2,5.006895587E-2,-2.237123623E-2
5.360339378E1,-2.876301669E-2,5.219954997E-2,-2.130593918E-2
5.360834893E1,-2.663242258E-2,5.326484516E-2,-2.343653329E-2
5.361341446E1,-2.556712553E-2,5.539543927E-2,-2.237123623E-2
5.361848654E1,-2.663242258E-2,5.965662748E-2,-2.130593918E-2
5.362398232E1,-2.769771963E-2,6.391781569E-2,-2.237123623E-2
5.362861685E1,-3.089361079E-2,6.498311460E-2,-1.917534508E-2
5.363374654E1,-3.941598535E-2,5.859133229E-2,-1.811004803E-2
5.363897196E1,-4.580776766E-2,5.113425106E-2,-1.917534508E-2
5.364395180E1,-5.113425106E-2,4.474247247E-2,-2.130593918E-2
5.364893342E1,-5.859133229E-2,3.835069016E-2,-1.917534508E-2
5.365408722E1,-7.030959427E-2,2.450183034E-2,-1.917534508E-2
5.365909295E1,-7.457078248E-2,7.457078435E-3,-2.237123623E-2
5.366427498E1,-7.350549102E-2,-1.278356276E-2,-2.343653329E-2
5.366919639E1,-6.817900389E-2,-3.728539124E-2,-2.343653329E-2
5.367445967E1,-6.391781569E-2,-6.072192639E-2,-2.237123623E-2
5.367937660E1,-5.965662748E-2,-8.309315890E-2,-2.237123623E-2
5.368444785E1,-5.113425106E-2,-1.001379117E-1,-2.237123623E-2
5.368963509E1,-4.261187837E-2,-1.107908785E-1,-1.811004803E-2
5.369458681E1,-2.663242258E-2,-1.203785539E-1,-1.597945392E-2
5.369962868E1,-8.522375487E-3,-1.310315281E-1,-6.391781382E-3
5.370477353E1,4.261187743E-3,-1.416844875E-1,5.326484796E-3
5.370977285E1,1.065296959E-2,-1.459456831E-1,1.811004803E-2
5.371486982E1,1.597945392E-2,-1.523374617E-1,3.408950195E-2
5.371986889E1,9.587672539E-3,-1.640557349E-1,4.580776766E-2
5.372471879E1,4.261187743E-3,-1.747086942E-1,6.391781569E-2
5.372970155E1,0.000000000E0,-1.874922663E-1,8.522375673E-2
5.373481770E1,-7.457078435E-3,-1.981452256E-1,1.054643989E-1
5.373983624E1,-2.130593872E-3,-2.013411224E-1,1.267703325E-1
5.374496124E1,7.457078435E-3,-2.056023031E-1,1.459456831E-1
5.374997905E1,1.384885982E-2,-2.173205763E-1,1.640557349E-1
5.375540801E1,2.876301669E-2,-2.343653291E-1,1.811004728E-1
5.376050498E1,4.580776766E-2,-2.514100671E-1,2.013411224E-1
5.376568525E1,6.178722158E-2,-2.695201337E-1,2.130593807E-1
5.377051796E1,8.522375673E-2,-2.876301706E-1,2.226470560E-1
5.377562598E1,1.043990999E-1,-3.025443256E-1,2.322347313E-1
5.378064859E1,1.225091442E-1,-3.068055212E-1,2.375612110E-1
5.378574556E1,1.427497864E-1,-3.100014031E-1,2.407571077E-1
5.379108692E1,1.608598381E-1,-3.131972849E-1,2.439530045E-1
5.379608364E1,1.747086942E-1,-3.163931966E-1,2.386265099E-1
5.380100276E1,1.928187460E-1,-3.174584806E-1,2.364959270E-1
5.380636140E1,2.066676021E-1,-3.100014031E-1,2.322347313E-1
5.381145837E1,2.183858752E-1,-2.918913662E-1,2.226470560E-1
5.381608963E1,2.173205763E-1,-2.652589381E-1,2.162552774E-1
5.382123343E1,2.045370042E-1,-2.418224066E-1,2.002758235E-1
5.382636052E1,1.917534471E-1,-2.290388346E-1,1.768392920E-1
5.383141375E1,1.779045910E-1,-2.290388346E-1,1.608598381E-1
5.383651047E1,1.587292403E-1,-2.279735506E-1,1.416844875E-1
5.384152224E1,1.416844875E-1,-2.109287977E-1,1.171826646E-1
5.384667682E1,1.342274100E-1,-1.917534471E-1,9.374613315E-2
5.385169526E1,1.289009303E-1,-1.651210189E-1,7.457078248E-2
5.385683516E1,1.267703325E-1,-1.406191885E-1,5.326484516E-2
5.386180219E1,1.310315281E-1,-1.214438528E-1,3.728539124E-2
5.386692542E1,1.384886056E-1,-1.022685021E-1,2.769771963E-2
5.387168766E1,1.448803842E-1,-9.055023640E-2,1.811004803E-2
5.387706938E1,1.502068639E-1,-7.989726961E-2,9.587672539E-3
5.388220599E1,1.587292403E-1,-6.178722158E-2,0.000000000E0
5.388724516E1,1.597945392E-1,-3.941598535E-2,-7.457078435E-3
5.389221787E1,1.619251370E-1,-1.171826664E-2,-1.171826664E-2
5.389733558E1,1.640557349E-1,9.587672539E-3,-1.811004803E-2
5.390239594E1,1.672516167E-1,2.663242258E-2,-2.343653329E-2
5.390750292E1,1.736433953E-1,3.195890784E-2,-3.089361079E-2
5.391256937E1,1.821657717E-1,2.982831374E-2,-3.835069016E-2
5.391765438E1,1.917534471E-1,2.450183034E-2,-4.687306657E-2
5.392271423E1,2.045370042E-1,1.278356276E-2,-5.219954997E-2
5.392780011E1,2.151899785E-1,5.326484796E-3,-5.646073818E-2
5.393302777E1,2.258429527E-1,3.195890691E-3,-5.965662748E-2
5.393795506E1,2.354306281E-1,2.130593872E-3,-6.072192639E-2
5.394294933E1,2.450182885E-1,-1.065296936E-3,-6.178722158E-2
5.394809610E1,2.524753809E-1,-9.587672539E-3,-5.752603337E-2
5.395310001E1,2.599324584E-1,-1.597945392E-2,-5.326484516E-2
5.395819652E1,2.609977424E-1,-2.450183034E-2,-4.687306657E-2
5.396324465E1,2.641936541E-1,-2.876301669E-2,-3.941598535E-2
5.396838933E1,2.641936541E-1,-2.982831374E-2,-3.515479714E-2
5.397342340E1,2.641936541E-1,-3.089361079E-2,-3.195890784E-2
5.397859616E1,2.631283402E-1,-3.408950195E-2,-2.876301669E-2
5.398327059E1,2.620630562E-1,-3.728539124E-2,-2.769771963E-2
5.398866246E1,2.620630562E-1,-3.835069016E-2,-2.556712553E-2
5.399373929E1,2.609977424E-1,-3.835069016E-2,-2.450183034E-2
5.399886330E1,2.578018606E-1,-3.408950195E-2,-2.450183034E-2
5.400382830E1,2.514100671E-1,-2.450183034E-2,-2.556712553E-2
5.400900491E1,2.503447831E-1,-1.384885982E-2,-3.195890784E-2
5.401407136E1,2.514100671E-1,-1.065296936E-3,-3.515479714E-2
5.401920574E1,2.503447831E-1,1.278356276E-2,-4.048128426E-2
5.402432247E1,2.492794842E-1,2.556712553E-2,-4.687306657E-2
5.402939434E1,2.535406649E-1,3.622009605E-2,-5.219954997E-2
5.403433804E1,2.578018606E-1,4.687306657E-2,-5.326484516E-2
5.403951158E1,2.705854177E-1,5.646073818E-2,-5.646073818E-2
5.404443851E1,2.812383771E-1,6.498311460E-2,-5.752603337E-2
5.404969955E1,2.950872481E-1,7.670138031E-2,-5.752603337E-2
5.405462861E1,3.078708053E-1,9.268083423E-2,-6.072192639E-2
5.405981335E1,3.206543922E-1,1.118561774E-1,-7.244019210E-2
5.406489575E1,3.313073516E-1,1.310315281E-1,-8.948494494E-2
5.407004518E1,3.430256248E-1,1.523374617E-1,-1.065296903E-1
5.407507940E1,3.504827023E-1,1.768392920E-1,-1.352927089E-1
5.408007914E1,3.558091819E-1,2.056023031E-1,-1.779045910E-1
5.408501747E1,3.547438681E-1,2.322347313E-1,-2.226470560E-1
5.409016013E1,3.430256248E-1,2.439530045E-1,-2.620630562E-1
5.409517174E1,3.259808719E-1,2.503447831E-1,-3.046749234E-1
5.410031523E1,3.014790416E-1,2.546059787E-1,-3.355685472E-1
5.410543898E1,2.727160156E-1,2.631283402E-1,-3.600703776E-1
5.411051325E1,2.354306281E-1,2.684548199E-1,-3.749845326E-1
5.411570872E1,1.789698899E-1,2.748466134E-1,-3.792456985E-1
5.412077648E1,1.118561774E-1,2.865648866E-1,-3.803110123E-1
5.412570076E1,3.089361079E-2,2.950872481E-1,-3.803110123E-1
5.413085466E1,-5.646073818E-2,3.068055212E-1,-3.803110123E-1
5.413582805E1,-1.406191885E-1,3.249155581E-1,-3.781804144E-1
5.414092393E1,-2.258429527E-1,3.408950269E-1,-3.749845326E-1
5.414617055E1,-3.131972849E-1,3.558091819E-1,-3.685927391E-1
5.415112758E1,-4.016169310E-1,3.749845326E-1,-3.568744659E-1
5.415609310E1,-4.889712930E-1,3.845722079E-1,-3.451561928E-1
5.416117790E1,-5.795215368E-1,3.824416101E-1,-3.376991153E-1
5.416622941E1,-6.722023487E-1,3.717886209E-1,-3.323726356E-1
5.417130477E1,-7.574261427E-1,3.504827023E-1,-3.185237944E-1
5.417668165E1,-8.266704082E-1,3.259808719E-1,-3.110667169E-1
5.418151467E1,-8.756740689E-1,2.876301706E-1,-3.014790416E-1
5.418666654E1,-8.991106153E-1,2.439530045E-1,-2.844342887E-1
5.419158259E1,-9.097635746E-1,2.066676021E-1,-2.727160156E-1
5.419664087E1,-9.118942022E-1,1.832310706E-1,-2.673895359E-1
5.420176899E1,-9.065676928E-1,1.608598381E-1,-2.514100671E-1
5.420675790E1,-8.937841058E-1,1.512721628E-1,-2.301041335E-1
5.421187436E1,-8.660864234E-1,1.576639414E-1,-2.109287977E-1
5.421697800E1,-8.309316039E-1,1.704475135E-1,-1.853616685E-1
5.422176457E1,-7.936462164E-1,1.917534471E-1,-1.555333585E-1
5.422720509E1,-7.606220245E-1,2.226470560E-1,-1.182479635E-1
5.423237202E1,-7.318589687E-1,2.631283402E-1,-7.883197069E-2
5.423735400E1,-6.999000907E-1,3.142625988E-1,-4.474247247E-2
5.424245097E1,-6.753982306E-1,3.483521044E-1,-1.917534508E-2
5.424727936E1,-6.508964300E-1,3.675274551E-1,-1.171826664E-2
5.425244473E1,-6.157416105E-1,3.909639716E-1,-1.491415687E-2
5.425753608E1,-5.741950274E-1,3.920292854E-1,-9.587672539E-3
5.426255192E1,-5.401055217E-1,3.696580231E-1,5.326484796E-3
5.426759364E1,-5.113425255E-1,3.376991153E-1,2.024064213E-2
5.427278973E1,-4.783183336E-1,3.100014031E-1,2.663242258E-2
5.427772718E1,-4.399676323E-1,2.791078091E-1,2.982831374E-2
5.428290410E1,-3.909639716E-1,2.578018606E-1,2.876301669E-2
5.428790780E1,-3.206543922E-1,2.407571077E-1,2.982831374E-2
5.429313275E1,-2.386265099E-1,2.162552774E-1,3.622009605E-2
5.429805911E1,-1.523374617E-1,1.928187460E-1,4.154657945E-2
5.430319635E1,-5.965662748E-2,1.832310706E-1,4.900366068E-2
5.430819359E1,3.302420676E-2,1.768392920E-1,5.752603337E-2
5.431340286E1,1.182479635E-1,1.693822145E-1,7.137489319E-2
5.431832776E1,1.970799267E-1,1.629904360E-1,8.735434711E-2
5.432310994E1,2.652589381E-1,1.502068639E-1,1.001379117E-1
5.432848427E1,3.174584806E-1,1.214438528E-1,1.161173657E-1
5.433357322E1,3.622009456E-1,8.202786744E-2,1.352927089E-1
5.433859317E1,3.941598535E-1,4.261187837E-2,1.523374617E-1
5.434368552E1,4.175963998E-1,2.130593872E-3,1.736433953E-1
5.434875963E1,4.335758388E-1,-3.302420676E-2,1.906881481E-1
5.435393745E1,4.506205916E-1,-5.646073818E-2,2.066676021E-1
5.435899495E1,4.623388648E-1,-7.350549102E-2,2.247776538E-1
5.436398245E1,4.666000605E-1,-8.735434711E-2,2.375612110E-1
5.436920198E1,4.623388648E-1,-1.001379117E-1,2.471488863E-1
5.437411406E1,4.570123851E-1,-1.161173657E-1,2.546059787E-1
5.437946057E1,4.484900236E-1,-1.406191885E-1,2.631283402E-1
5.438402182E1,4.314452708E-1,-1.704475135E-1,2.652589381E-1
5.438931349E1,4.122699201E-1,-1.992105246E-1,2.695201337E-1
5.439445755E1,3.920292854E-1,-2.290388346E-1,2.705854177E-1
5.439951125E1,3.717886209E-1,-2.620630562E-1,2.673895359E-1
5.440466261E1,3.504827023E-1,-2.940219641E-1,2.620630562E-1
5.440960954E1,3.366338313E-1,-3.185237944E-1,2.524753809E-1
5.441473677E1,3.238502741E-1,-3.376991153E-1,2.396918088E-1
5.441975224E1,3.089361191E-1,-3.536785841E-1,2.258429527E-1
5.442488209E1,2.929566503E-1,-3.632662594E-1,2.130593807E-1
5.442990370E1,2.812383771E-1,-3.728539348E-1,2.013411224E-1
5.443502360E1,2.727160156E-1,-3.781804144E-1,1.906881481E-1
5.444006256E1,2.673895359E-1,-3.845722079E-1,1.864269674E-1
5.444517771E1,2.641936541E-1,-3.952251673E-1,1.842963696E-1
5.445032194E1,2.620630562E-1,-4.026822448E-1,1.853616685E-1
5.445535204E1,2.556712627E-1,-4.069434404E-1,1.906881481E-1
5.446034615E1,2.471488863E-1,-4.080087245E-1,2.013411224E-1
5.446543329E1,2.364959270E-1,-4.026822448E-1,2.151899785E-1
5.447053366E1,2.237123549E-1,-3.930945694E-1,2.279735506E-1
5.447555980E1,2.077329010E-1,-3.845722079E-1,2.428877056E-1
5.448069183E1,1.917534471E-1,-3.803110123E-1,2.567365468E-1
5.448573694E1,1.779045910E-1,-3.728539348E-1,2.727160156E-1
5.449075933E1,1.672516167E-1,-3.611356616E-1,2.876301706E-1
5.449586110E1,1.587292403E-1,-3.440909088E-1,2.982831299E-1
5.450077324E1,1.534027606E-1,-3.259808719E-1,3.057402074E-1
5.450604058E1,1.502068639E-1,-3.163931966E-1,3.110667169E-1
5.451108475E1,1.448803842E-1,-3.100014031E-1,3.142625988E-1
5.451627694E1,1.374233067E-1,-3.057402074E-1,3.110667169E-1
5.452117246E1,1.320968270E-1,-3.014790416E-1,3.068055212E-1
5.452637882E1,1.246397421E-1,-2.982831299E-1,2.972178459E-1
5.453130548E1,1.182479635E-1,-3.068055212E-1,2.833689749E-1
5.453643887E1,1.139867753E-1,-3.174584806E-1,2.705854177E-1
5.454154601E1,1.001379117E-1,-3.270461559E-1,2.556712627E-1
5.454670038E1,8.309315890E-2,-3.387644291E-1,2.375612110E-1
5.455156705E1,6.498311460E-2,-3.526133001E-1,2.279735506E-1
5.455669908E1,4.474247247E-2,-3.653968573E-1,2.162552774E-1
5.456169179E1,2.450183034E-2,-3.835068941E-1,2.034717202E-1
5.456685627E1,3.195890691E-3,-4.005516469E-1,1.906881481E-1
5.457187085E1,-1.384885982E-2,-4.186616838E-1,1.789698899E-1
5.457704486E1,-3.195890784E-2,-4.378370345E-1,1.725780964E-1
5.458201898E1,-5.113425106E-2,-4.538165033E-1,1.672516167E-1
5.458712960E1,-6.391781569E-2,-4.719265401E-1,1.608598381E-1
5.459216148E1,-6.498311460E-2,-4.847100973E-1,1.576639414E-1
5.459727898E1,-5.539543927E-2,-4.921671748E-1,1.704475135E-1
5.460232898E1,-4.687306657E-2,-4.996242523E-1,1.842963696E-1
5.460739543E1,-2.876301669E-2,-4.985589683E-1,1.949493438E-1
5.461250190E1,-1.171826664E-2,-4.985589683E-1,2.109287977E-1
5.461756835E1,7.457078435E-3,-4.942977726E-1,2.311694324E-1
5.462258778E1,3.195890784E-2,-4.815142155E-1,2.524753809E-1
5.462790737E1,5.219954997E-2,-4.623388648E-1,2.737812996E-1
5.463289419E1,7.883197069E-2,-4.303799570E-1,2.972178459E-1
5.463812456E1,1.054643989E-1,-3.994863629E-1,3.195890784E-1
5.464306466E1,1.267703325E-1,-3.845722079E-1,3.408950269E-1
5.464805232E1,1.374233067E-1,-3.952251673E-1,3.600703776E-1
5.465300732E1,1.363580078E-1,-4.239881933E-1,3.728539348E-1
5.465817680E1,1.310315281E-1,-4.708612561E-1,3.867027760E-1
5.466323159E1,1.214438528E-1,-5.113425255E-1,3.984210491E-1
5.466826752E1,1.097255871E-1,-5.230607986E-1,4.133352041E-1
5.467333664E1,1.107908785E-1,-5.124078393E-1,4.314452708E-1
5.467854868E1,1.278356314E-1,-4.985589683E-1,4.452941120E-1
5.468344092E1,1.619251370E-1,-4.932324886E-1,4.548817873E-1
5.468979586E1,2.045370042E-1,-4.974936545E-1,4.580776691E-1
5.469360352E1,2.386265099E-1,-5.145384073E-1,4.516859055E-1
5.469871071E1,2.578018606E-1,-5.422361493E-1,4.325105548E-1
5.470375962E1,2.609977424E-1,-5.709991455E-1,4.037475288E-1
5.470886592E1,2.492794842E-1,-5.923051238E-1,3.622009456E-1
5.471389868E1,2.290388346E-1,-6.093498468E-1,3.014790416E-1
5.471903134E1,2.013411224E-1,-6.189374924E-1,2.354306281E-1
5.472374446E1,1.672516167E-1,-6.168069243E-1,1.608598381E-1
5.472883217E1,1.203785539E-1,-6.157416105E-1,8.309315890E-2
5.473380644E1,6.604841352E-2,-6.221334338E-1,9.587672539E-3
5.473893399E1,0.000000000E0,-6.200028062E-1,-5.752603337E-2
5.474394639E1,-7.670138031E-2,-6.072192788E-1,-1.193132550E-1
5.474908592E1,-1.523374617E-1,-5.784562230E-1,-1.715128124E-1
5.475409025E1,-2.194511741E-1,-5.337137580E-1,-2.045370042E-1
5.475921379E1,-2.705854177E-1,-4.697959423E-1,-2.269082516E-1
5.476425467E1,-2.908260524E-1,-3.962904513E-1,-2.375612110E-1
5.476935676E1,-2.769772112E-1,-3.249155581E-1,-2.439530045E-1
5.477437624E1,-2.333000302E-1,-2.705854177E-1,-2.354306281E-1
5.477952827E1,-1.725780964E-1,-2.151899785E-1,-2.311694324E-1
5.478451660E1,-1.033338010E-1,-1.406191885E-1,-2.290388346E-1
5.478968363E1,-3.195890784E-2,-7.883197069E-2,-2.056023031E-1
5.479469749E1,3.515479714E-2,-1.917534508E-2,-1.693822145E-1
5.479983754E1,1.012032107E-1,4.154657945E-2,-1.235744432E-1
5.480484358E1,1.491415650E-1,9.907261282E-2,-7.244019210E-2
5.480992213E1,1.747086942E-1,1.629904360E-1,-2.024064213E-2
5.481494140E1,1.747086942E-1,2.290388346E-1,2.237123623E-2
5.482007817E1,1.672516167E-1,3.014790416E-1,6.711370498E-2
5.482509822E1,1.491415650E-1,3.568744659E-1,1.033338010E-1
5.483021312E1,1.310315281E-1,3.920292854E-1,1.289009303E-1
5.483525505E1,1.150520667E-1,4.186616838E-1,1.480762810E-1
5.484039281E1,1.012032107E-1,4.389023483E-1,1.576639414E-1
5.484538244E1,8.628904819E-2,4.612735808E-1,1.597945392E-1
5.485091197E1,5.859133229E-2,4.857754111E-1,1.502068639E-1
5.485596422E1,2.024064213E-2,5.092119575E-1,1.278356314E-1
5.486100411E1,-2.237123623E-2,5.390402675E-1,9.800732136E-2
5.486627588E1,-7.244019210E-2,5.827174187E-1,6.391781569E-2
5.487125203E1,-1.342274100E-1,6.327863932E-1,2.556712553E-2
5.487613484E1,-1.949493438E-1,6.881818175E-1,-1.597945392E-2
5.488137755E1,-2.556712627E-1,7.478384376E-1,-6.498311460E-2
5.488638896E1,-3.100014031E-1,8.106909394E-1,-1.161173657E-1
5.489165031E1,-3.632662594E-1,8.778046966E-1,-1.587292403E-1
5.489647854E1,-4.144005179E-1,9.427877665E-1,-1.992105246E-1
5.490153844E1,-4.495553076E-1,1.016293287E0,-2.333000302E-1
5.490672927E1,-4.879060090E-1,1.089798808E0,-2.631283402E-1
5.491167875E1,-5.262566805E-1,1.160108328E0,-2.854995728E-1
5.491690240E1,-5.678032637E-1,1.234679103E0,-3.078708053E-1
5.492184792E1,-6.104151607E-1,1.309249878E0,-3.195890784E-1
5.492688714E1,-6.572881937E-1,1.378494263E0,-3.142625988E-1
5.493205141E1,-7.126836777E-1,1.448803782E0,-3.014790416E-1
5.493705391E1,-7.808626294E-1,1.530831695E0,-2.876301706E-1
5.494220948E1,-8.533028364E-1,1.628839016E0,-2.769772112E-1
5.494712948E1,-9.193512797E-1,1.753478765E0,-2.812383771E-1
5.495261704E1,-9.822037816E-1,1.901555061E0,-2.886954844E-1
5.495729740E1,-1.037599206E0,2.054957867E0,-2.929566503E-1
5.496243053E1,-1.082341671E0,2.177466869E0,-2.897607684E-1
5.496769865E1,-1.123888254E0,2.254168272E0,-2.716507316E-1
5.497262167E1,-1.161173701E0,2.279735327E0,-2.396918088E-1
5.497756746E1,-1.197393775E0,2.254168272E0,-2.024064213E-1
5.498273761E1,-1.234679103E0,2.187054634E0,-1.725780964E-1
5.498778287E1,-1.253854513E0,2.106091976E0,-1.374233067E-1
5.499285542E1,-1.258115649E0,2.017672300E0,-8.948494494E-2
5.499790084E1,-1.265572786E0,1.910077453E0,-1.171826664E-2
5.500267819E1,-1.296466351E0,1.772654057E0,9.694202244E-2
5.500819668E1,-1.340143561E0,1.661863208E0,2.034717202E-1
5.501314657E1,-1.381690145E0,1.609663725E0,2.876301706E-1
5.501813460E1,-1.424301982E0,1.605402470E0,3.558091819E-1
5.502331611E1,-1.489285111E0,1.663993835E0,4.144005179E-1
5.502830017E1,-1.558529377E0,1.782241821E0,4.559471011E-1
5.503350366E1,-1.609663725E0,1.939905763E0,5.049507618E-1
5.503847746E1,-1.657602072E0,2.086916685E0,5.624767542E-1
5.504368298E1,-1.719389200E0,2.171075106E0,6.136110425E-1
5.504866111E1,-1.789698839E0,2.215817690E0,6.668758988E-1
5.505372731E1,-1.852551341E0,2.244580746E0,7.126836777E-1
5.505872184E1,-1.886640906E0,2.257364273E0,7.425119877E-1
5.506396226E1,-1.885575533E0,2.275474310E0,7.584913969E-1
5.506885007E1,-1.860008478E0,2.298910856E0,7.606220245E-1
5.507402497E1,-1.800351858E0,2.307433128E0,7.499690652E-1
5.507910689E1,-1.692756772E0,2.293584347E0,7.350549102E-1
5.508421189E1,-1.558529377E0,2.222209454E0,7.137489319E-1
5.508940174E1,-1.417910218E0,2.121006250E0,6.743329763E-1
5.509440939E1,-1.264507413E0,2.025129557E0,6.498311162E-1
5.509932033E1,-1.105778217E0,1.915403843E0,6.242640018E-1
5.510444898E1,-9.662243128E-1,1.776915312E0,5.901744962E-1
5.510941414E1,-8.469110727E-1,1.637361407E0,5.539544225E-1
5.511456945E1,-7.467731237E-1,1.513786912E0,5.092119575E-1
5.511947534E1,-6.626147032E-1,1.387016654E0,4.570123851E-1
5.512473586E1,-5.912398100E-1,1.255985141E0,4.122699201E-1
5.512973252E1,-5.294525623E-1,1.113235354E0,3.707233369E-1
5.513483893E1,-4.793836176E-1,9.726160765E-1,3.408950269E-1
5.513998961E1,-4.495553076E-1,8.415845633E-1,3.195890784E-1
5.514497143E1,-4.420982301E-1,7.169448137E-1,3.014790416E-1
5.515001638E1,-4.548817873E-1,6.082845330E-1,2.940219641E-1
5.515514716E1,-4.772530198E-1,5.113425255E-1,2.961525619E-1
5.516047935E1,-5.006895661E-1,4.335758388E-1,2.886954844E-1
5.516531081E1,-5.262566805E-1,3.653968573E-1,2.759118974E-1
5.517031102E1,-5.496932268E-1,2.972178459E-1,2.705854177E-1
5.517566096E1,-5.709991455E-1,2.162552774E-1,2.801730931E-1
5.518063060E1,-5.933703780E-1,1.171826646E-1,2.940219641E-1
5.518574758E1,-6.125457287E-1,1.384885982E-2,3.110667169E-1
5.519058216E1,-6.242640018E-1,-8.735434711E-2,3.142625988E-1
5.519571331E1,-6.082845330E-1,-1.906881481E-1,3.057402074E-1
5.520077976E1,-5.720644593E-1,-3.057402074E-1,2.929566503E-1
5.520599852E1,-5.315831900E-1,-4.218575954E-1,2.684548199E-1
5.521083862E1,-4.772530198E-1,-5.315831900E-1,2.354306281E-1
5.521605946E1,-4.186616838E-1,-6.285251975E-1,1.949493438E-1
5.522104399E1,-3.643315434E-1,-7.148142457E-1,1.619251370E-1
5.522622764E1,-3.036096394E-1,-7.797973752E-1,1.331621110E-1
5.523113014E1,-2.450182885E-1,-8.021686077E-1,1.054643989E-1
5.523625670E1,-1.864269674E-1,-7.819279432E-1,7.350549102E-2
5.524129587E1,-1.235744432E-1,-7.297284007E-1,3.941598535E-2
5.524649108E1,-4.580776766E-2,-6.519617438E-1,-4.261187743E-3
5.525142873E1,4.048128426E-2,-5.646073818E-1,-5.965662748E-2
5.525663504E1,1.320968270E-1,-4.751224220E-1,-1.139867753E-1
5.526162936E1,2.194511741E-1,-4.080087245E-1,-1.672516167E-1
5.526674155E1,3.004137278E-1,-3.898986876E-1,-2.087981999E-1
5.527174655E1,3.675274551E-1,-4.165311158E-1,-2.322347313E-1
5.527681300E1,4.133352041E-1,-4.463594258E-1,-2.695201337E-1
5.528187945E1,4.335758388E-1,-4.420982301E-1,-3.089361191E-1
5.528691967E1,4.580776691E-1,-4.090740085E-1,-3.270461559E-1
5.529191879E1,5.017548800E-1,-3.728539348E-1,-3.387644291E-1
5.529703879E1,5.049507618E-1,-3.664621413E-1,-3.323726356E-1
5.530210524E1,4.261187613E-1,-3.685927391E-1,-3.014790416E-1
5.530718082E1,3.110667169E-1,-3.430256248E-1,-2.791078091E-1
5.531219061E1,1.842963696E-1,-3.100014031E-1,-2.737812996E-1
5.531734989E1,6.178722158E-2,-2.780424953E-1,-2.588671446E-1
5.532235525E1,-3.089361079E-2,-2.301041335E-1,-2.258429527E-1
5.532748499E1,-1.043990999E-1,-1.672516167E-1,-1.917534471E-1
5.533250322E1,-1.747086942E-1,-8.415845782E-2,-1.661863178E-1
5.533762541E1,-2.418224066E-1,-4.261187743E-3,-1.320968270E-1
5.534268822E1,-2.918913662E-1,2.982831374E-2,-7.457078248E-2
5.534777124E1,-3.206543922E-1,-3.195890691E-3,-8.522375487E-3
5.535275197E1,-3.334379494E-1,-7.244019210E-2,5.539543927E-2
5.535789484E1,-3.163931966E-1,-1.438150853E-1,1.107908785E-1
5.536296437E1,-2.695201337E-1,-1.992105246E-1,1.629904360E-1
5.536803926E1,-2.024064213E-1,-2.471488863E-1,2.205164731E-1
5.537307119E1,-1.182479635E-1,-2.972178459E-1,2.929566503E-1
5.537818296E1,-2.982831374E-2,-3.100014031E-1,3.813762963E-1
5.538321953E1,5.006895587E-2,-2.450182885E-1,4.783183336E-1
5.538833416E1,1.193132550E-1,-1.118561774E-1,5.635420680E-1
5.539337010E1,1.864269674E-1,2.769771963E-2,6.008274555E-1
5.539843135E1,2.695201337E-1,1.246397421E-1,5.699338317E-1
5.540368937E1,3.717886209E-1,1.576639414E-1,5.166690350E-1
5.540857203E1,4.761877358E-1,6.604841352E-2,4.719265401E-1
5.541358453E1,5.646073818E-1,-1.491415650E-1,4.090740085E-1
5.541885604E1,6.381128430E-1,-4.229228795E-1,3.270461559E-1
5.542373130E1,6.988347769E-1,-6.935083270E-1,2.386265099E-1
5.542885531E1,7.414466739E-1,-9.278736115E-1,1.597945392E-1
5.543387985E1,7.702096701E-1,-1.117496490E0,8.948494494E-2
5.543905031E1,7.893850207E-1,-1.261311531E0,2.237123623E-2
5.544404438E1,7.925809026E-1,-1.367841244E0,-6.178722158E-2
5.544917750E1,7.829932570E-1,-1.446673274E0,-1.502068639E-1
5.545424089E1,7.627525926E-1,-1.481828094E0,-2.354306281E-1
5.545930318E1,7.275978327E-1,-1.501003385E0,-3.110667169E-1
5.546432865E1,6.785941720E-1,-1.496742249E0,-3.792456985E-1
5.546951526E1,6.274598837E-1,-1.473305702E0,-4.303799570E-1
5.547450084E1,5.699338317E-1,-1.456260920E0,-4.644694626E-1
5.547962412E1,5.124078393E-1,-1.449869156E0,-4.868406951E-1
5.548465079E1,4.548817873E-1,-1.453065038E0,-4.868406951E-1
5.548974855E1,4.069434404E-1,-1.446673274E0,-4.729918540E-1
5.549484891E1,3.781804144E-1,-1.433889627E0,-4.697959423E-1
5.549987766E1,3.590050638E-1,-1.391277790E0,-4.761877358E-1
5.550495782E1,3.526133001E-1,-1.333751798E0,-4.911018908E-1
5.551008531E1,3.558091819E-1,-1.264507413E0,-4.985589683E-1
5.551534652E1,3.685927391E-1,-1.178218365E0,-4.985589683E-1
5.552049251E1,3.909639716E-1,-1.081276417E0,-4.996242523E-1
5.552534887E1,4.229228795E-1,-9.864649773E-1,-5.028201342E-1
5.553038439E1,4.729918540E-1,-8.905882239E-1,-5.006895661E-1
5.553554142E1,5.358443856E-1,-7.925809026E-1,-4.900365770E-1
5.554053267E1,6.050886512E-1,-7.148142457E-1,-4.708612561E-1
5.554583392E1,6.785941720E-1,-6.540923119E-1,-4.452941120E-1
5.555075043E1,7.489037514E-1,-6.050886512E-1,-4.101393223E-1
5.555588231E1,8.096256852E-1,-5.763256550E-1,-3.717886209E-1
5.556089939E1,8.564987183E-1,-5.656726956E-1,-3.398297131E-1
5.556591449E1,8.873923421E-1,-5.720644593E-1,-3.100014031E-1
5.557098751E1,9.044371247E-1,-5.773909688E-1,-2.823036909E-1
5.557610200E1,9.097635746E-1,-5.763256550E-1,-2.641936541E-1
5.558115772E1,9.001759291E-1,-5.709991455E-1,-2.609977424E-1
5.558613772E1,8.916535378E-1,-5.582156181E-1,-2.684548199E-1
5.559129674E1,8.841964602E-1,-5.422361493E-1,-2.823036909E-1
5.559628215E1,8.756740689E-1,-5.379749537E-1,-3.025443256E-1
5.560137856E1,8.618252277E-1,-5.411708355E-1,-3.217196763E-1
5.560660158E1,8.469110727E-1,-5.390402675E-1,-3.334379494E-1
5.561170377E1,8.373233676E-1,-5.262566805E-1,-3.408950269E-1
5.561654544E1,8.224092126E-1,-5.081466436E-1,-3.355685472E-1
5.562172195E1,7.968420982E-1,-5.017548800E-1,-3.163931966E-1
5.562681153E1,7.691444159E-1,-4.964283705E-1,-3.036096394E-1
5.563198127E1,7.350549102E-1,-4.974936545E-1,-2.950872481E-1
5.563705044E1,6.913776994E-1,-5.102772117E-1,-2.833689749E-1
5.564215195E1,6.434393525E-1,-5.326484442E-1,-2.716507316E-1
5.564701513E1,5.827174187E-1,-5.678032637E-1,-2.567365468E-1
5.565228476E1,5.209302306E-1,-6.114804149E-1,-2.364959270E-1
5.565722961E1,4.559471011E-1,-6.551576257E-1,-2.162552774E-1
5.566239883E1,3.920292854E-1,-6.935083270E-1,-1.949493438E-1
5.566733075E1,3.249155581E-1,-7.190754414E-1,-1.768392920E-1
5.567246737E1,2.588671446E-1,-7.201407552E-1,-1.651210189E-1
5.567743237E1,1.938840449E-1,-7.009654045E-1,-1.534027606E-1
5.568257305E1,1.278356314E-1,-6.636800170E-1,-1.416844875E-1
5.568772024E1,5.539543927E-2,-6.157416105E-1,-1.363580078E-1
5.569273274E1,-1.384885982E-2,-5.603461862E-1,-1.331621110E-1
5.569780222E1,-9.161553532E-2,-5.060160160E-1,-1.267703325E-1
5.570284300E1,-1.789698899E-1,-4.602082670E-1,-1.118561774E-1
5.570784227E1,-2.652589381E-1,-4.175963998E-1,-9.481142461E-2
5.571303753E1,-3.408950269E-1,-3.696580231E-1,-7.137489319E-2
5.571803930E1,-4.026822448E-1,-3.227849603E-1,-4.474247247E-2
5.572331670E1,-4.463594258E-1,-2.812383771E-1,-2.663242258E-2
5.572822092E1,-4.740571380E-1,-2.428877056E-1,-1.065296959E-2
5.573341696E1,-4.836448133E-1,-2.151899785E-1,-2.130593872E-3
5.573803029E1,-4.793836176E-1,-1.981452256E-1,-2.130593872E-3
5.574356133E1,-4.548817873E-1,-1.896228492E-1,-8.522375487E-3
5.574841232E1,-4.133352041E-1,-1.885575503E-1,-2.130593918E-2
5.575378795E1,-3.558091819E-1,-1.938840449E-1,-3.195890784E-2
5.575857227E1,-2.812383771E-1,-2.087981999E-1,-4.687306657E-2
5.576367706E1,-2.045370042E-1,-2.311694324E-1,-6.072192639E-2
5.576910186E1,-1.299662292E-1,-2.599324584E-1,-7.137489319E-2
5.577391227E1,-5.752603337E-2,-2.865648866E-1,-7.563608140E-2
5.577887623E1,1.704475097E-2,-2.993484437E-1,-7.776667923E-2
5.578412472E1,8.948494494E-2,-3.014790416E-1,-7.563608140E-2
5.578879030E1,1.565986425E-1,-2.854995728E-1,-7.030959427E-2
5.579409832E1,2.247776538E-1,-2.620630562E-1,-6.178722158E-2
5.579911124E1,2.886954844E-1,-2.396918088E-1,-5.006895587E-2
5.580425217E1,3.494173884E-1,-2.162552774E-1,-3.515479714E-2
5.580945884E1,4.080087245E-1,-2.024064213E-1,-2.343653329E-2
5.581450462E1,4.623388648E-1,-1.992105246E-1,-8.522375487E-3
5.581937384E1,4.974936545E-1,-2.173205763E-1,1.171826664E-2
5.582452035E1,5.145384073E-1,-2.599324584E-1,2.982831374E-2
5.582959358E1,5.113425255E-1,-3.238502741E-1,4.367717355E-2
5.583472249E1,5.006895661E-1,-3.888333738E-1,5.326484516E-2
5.583978150E1,4.857754111E-1,-4.271840751E-1,5.113425106E-2
5.584486061E1,4.708612561E-1,-4.303799570E-1,3.622009605E-2
5.584992447E1,4.442288280E-1,-3.920292854E-1,1.811004803E-2
5.585495129E1,4.101393223E-1,-3.163931966E-1,-2.130593872E-3
5.585965525E1,3.813762963E-1,-2.173205763E-1,-2.343653329E-2
5.586519728E1,3.558091819E-1,-1.182479635E-1,-4.793836176E-2
5.587012682E1,3.376991153E-1,-4.261187837E-2,-7.350549102E-2
5.587545635E1,3.302420378E-1,3.195890691E-3,-9.587672353E-2
5.588035088E1,3.376991153E-1,8.522375487E-3,-1.161173657E-1
5.588553973E1,3.707233369E-1,-2.876301669E-2,-1.384886056E-1
5.589045046E1,4.261187613E-1,-9.055023640E-2,-1.544680595E-1
5.589556078E1,4.868406951E-1,-1.565986425E-1,-1.597945392E-1
5.590052343E1,5.528891087E-1,-2.162552774E-1,-1.534027606E-1
5.590567729E1,6.157416105E-1,-2.588671446E-1,-1.395539045E-1
5.591036968E1,6.722023487E-1,-2.769772112E-1,-1.107908785E-1
5.591585234E1,7.297284007E-1,-2.748466134E-1,-7.883197069E-2
5.592085026E1,7.883197069E-1,-2.578018606E-1,-4.687306657E-2
5.592600338E1,8.490416408E-1,-2.311694324E-1,-1.811004803E-2
5.593098599E1,9.182859659E-1,-2.183858752E-1,7.457078435E-3
5.593608417E1,9.928567410E-1,-2.215817571E-1,1.917534508E-2
5.594123255E1,1.061035752E0,-2.407571077E-1,3.622009605E-2
5.594646745E1,1.118561745E0,-2.716507316E-1,5.433014408E-2
5.595125625E1,1.159043074E0,-3.057402074E-1,7.244019210E-2
5.595638594E1,1.177153111E0,-3.302420378E-1,8.735434711E-2
5.596141985E1,1.181414247E0,-3.536785841E-1,1.012032107E-1
5.596655339E1,1.171826601E0,-3.835068941E-1,1.129214764E-1
5.597175750E1,1.147324800E0,-4.154658020E-1,1.203785539E-1
5.597693532E1,1.110039353E0,-4.474247098E-1,1.267703325E-1
5.598185068E1,1.068492770E0,-4.847100973E-1,1.257050335E-1
5.598692136E1,1.019489169E0,-5.230607986E-1,1.182479635E-1
5.599196344E1,9.640937448E-1,-5.592808723E-1,1.033338010E-1
5.599703683E1,9.023064971E-1,-5.880439281E-1,7.350549102E-2
5.600200376E1,8.351927996E-1,-6.114804149E-1,4.154657945E-2
5.600709287E1,7.691444159E-1,-6.295905113E-1,8.522375487E-3
5.601216235E1,6.945735812E-1,-6.498311162E-1,-2.982831374E-2
5.601738079E1,6.072192788E-1,-6.753982306E-1,-6.604841352E-2
5.602200464E1,5.060160160E-1,-6.967042089E-1,-1.022685021E-1
5.602739183E1,3.941598535E-1,-7.201407552E-1,-1.384886056E-1
5.603253866E1,2.759118974E-1,-7.467731237E-1,-1.661863178E-1
5.603758220E1,1.555333585E-1,-7.819279432E-1,-1.811004728E-1
5.604256605E1,2.024064213E-2,-8.341274858E-1,-2.034717202E-1
5.604774261E1,-1.352927089E-1,-8.234745264E-1,-2.428877056E-1
5.605274762E1,-2.769772112E-1,-7.116183639E-1,-2.737812996E-1
5.605782079E1,-4.207922816E-1,-5.944356918E-1,-3.057402074E-1
5.606300105E1,-5.635420680E-1,-5.092119575E-1,-3.366338313E-1
5.606811944E1,-6.849859357E-1,-4.367717505E-1,-3.643315434E-1
5.607300944E1,-7.755361795E-1,-3.888333738E-1,-3.803110123E-1
5.607814892E1,-8.437151909E-1,-3.632662594E-1,-3.898986876E-1
5.608309048E1,-8.799352646E-1,-3.547438681E-1,-3.962904513E-1
5.608832850E1,-8.959147334E-1,-3.515479863E-1,-4.058781266E-1
5.609333548E1,-8.991106153E-1,-3.259808719E-1,-4.293146729E-1
5.609841944E1,-8.767393827E-1,-2.620630562E-1,-4.442288280E-1
5.610337574E1,-8.245398402E-1,-1.853616685E-1,-4.399676323E-1
5.610851705E1,-7.510343194E-1,-1.171826646E-1,-4.357064366E-1
5.611356179E1,-6.668758988E-1,-5.113425106E-2,-4.378370345E-1
5.611869293E1,-5.411708355E-1,5.752603337E-2,-4.399676323E-1
5.612399044E1,-3.781804144E-1,1.970799267E-1,-4.484900236E-1
5.612886210E1,-2.269082516E-1,3.238502741E-1,-4.548817873E-1
5.613384122E1,-1.086602882E-1,4.346411526E-1,-4.506205916E-1
5.613886231E1,-3.195890784E-2,5.496932268E-1,-4.357064366E-1
5.614397502E1,-6.391781382E-3,6.530269980E-1,-3.877680898E-1
5.614917705E1,-3.408950195E-2,7.489037514E-1,-3.036096394E-1
5.615415101E1,-9.161553532E-2,8.511722684E-1,-2.205164731E-1
5.615944908E1,-1.512721628E-1,9.630284309E-1,-1.523374617E-1
5.616425961E1,-2.141246796E-1,1.066362262E0,-9.481142461E-2
5.616937424E1,-2.695201337E-1,1.181414247E0,-4.793836176E-2
5.617438742E1,-3.131972849E-1,1.303923488E0,-8.522375487E-3
5.617957591E1,-3.494173884E-1,1.424301982E0,2.024064213E-2
5.618458247E1,-3.813762963E-1,1.546811104E0,4.474247247E-2
5.618973508E1,-4.101393223E-1,1.673581481E0,5.859133229E-2
5.619466976E1,-4.410329461E-1,1.791829467E0,5.433014408E-2
5.619979654E1,-4.836448133E-1,1.881314397E0,3.835069016E-2
5.620486023E1,-5.315831900E-1,1.947362781E0,9.587672539E-3
5.621000065E1,-5.763256550E-1,1.988909364E0,-3.089361079E-2
5.621506456E1,-6.157416105E-1,2.022998810E0,-8.735434711E-2
5.622017253E1,-6.498311162E-1,2.054957867E0,-1.512721628E-1
5.622513128E1,-6.796594262E-1,2.092243195E0,-2.066676021E-1
5.623026852E1,-7.126836777E-1,2.132724524E0,-2.578018606E-1
5.623530992E1,-7.478384376E-1,2.179597616E0,-2.982831299E-1
5.624043930E1,-7.851238251E-1,2.244580746E0,-3.313073516E-1
5.624558206E1,-8.074950576E-1,2.327673912E0,-3.440909088E-1
5.625060508E1,-8.117562532E-1,2.417158842E0,-3.313073516E-1
5.625537144E1,-8.085603714E-1,2.510904789E0,-3.185237944E-1
5.626073982E1,-7.819279432E-1,2.611042738E0,-3.036096394E-1
5.626573748E1,-7.329242826E-1,2.693070650E0,-2.727160156E-1
5.627094436E1,-6.871165037E-1,2.718637705E0,-2.173205763E-1
5.627595467E1,-6.839206219E-1,2.650458813E0,-1.523374617E-1
5.628103472E1,-7.233366370E-1,2.510904789E0,-7.883197069E-2
5.628628957E1,-7.734055519E-1,2.367089748E0,-2.130593872E-3
5.629111441E1,-8.277357221E-1,2.232862473E0,7.137489319E-2
5.629609201E1,-8.884576559E-1,2.107157230E0,1.406191885E-1
5.630125160E1,-9.619631171E-1,1.995301127E0,1.917534471E-1
5.630627040E1,-1.045056343E0,1.900489688E0,2.364959270E-1
5.631150259E1,-1.132410645E0,1.844028950E0,2.823036909E-1
5.631644077E1,-1.217634439E0,1.828049541E0,3.334379494E-1
5.632159488E1,-1.311380506E0,1.830180168E0,3.813762963E-1
5.632663233E1,-1.411518455E0,1.836571932E0,4.197269976E-1
5.633167420E1,-1.508460402E0,1.840833068E0,4.474247098E-1
5.633688171E1,-1.584096551E0,1.856812596E0,4.612735808E-1
5.634178191E1,-1.641622543E0,1.883445024E0,4.580776691E-1
5.634685447E1,-1.669320345E0,1.889836788E0,4.548817873E-1
5.635194879E1,-1.646949053E0,1.848290205E0,4.452941120E-1
5.635706124E1,-1.577704787E0,1.759870529E0,4.314452708E-1
5.636214843E1,-1.460522056E0,1.633100152E0,4.229228795E-1
5.636713249E1,-1.304988742E0,1.494611621E0,3.962904513E-1
5.637226468E1,-1.157977819E0,1.415779591E0,3.440909088E-1
5.637742728E1,-1.058905125E0,1.372102499E0,2.961525619E-1
5.638238853E1,-1.012032032E0,1.308184624E0,2.652589381E-1
5.638757734E1,-1.006705642E0,1.209112048E0,2.396918088E-1
5.639256239E1,-1.019489169E0,1.100451708E0,2.237123549E-1
5.639760864E1,-1.053578615E0,9.949873090E-1,2.226470560E-1
5.640296765E1,-1.117496490E0,8.927188516E-1,2.407571077E-1
5.640771749E1,-1.199524403E0,7.904503345E-1,2.609977424E-1
5.641300640E1,-1.267703295E0,6.860512495E-1,2.556712627E-1
5.641813389E1,-1.333751798E0,5.965662599E-1,2.226470560E-1
5.642293708E1,-1.413649082E0,5.187996030E-1,1.874922663E-1
5.642789578E1,-1.490350366E0,4.484900236E-1,1.693822145E-1
5.643301599E1,-1.544680595E0,3.845722079E-1,1.597945392E-1
5.643800182E1,-1.573443532E0,3.259808719E-1,1.406191885E-1
5.644322239E1,-1.580900669E0,2.652589381E-1,1.129214764E-1
5.644817515E1,-1.570247650E0,1.906881481E-1,8.948494494E-2
5.645327166E1,-1.538288832E0,9.587672353E-2,6.072192639E-2
5.645834099E1,-1.481828094E0,-9.587672539E-3,2.876301669E-2
5.646348729E1,-1.402996063E0,-1.107908785E-1,-2.130593872E-3
5.646847719E1,-1.316707015E0,-2.162552774E-1,-3.089361079E-2
5.647332240E1,-1.222960830E0,-3.227849603E-1,-5.326484516E-2
5.647870901E1,-1.124953508E0,-4.335758388E-1,-7.244019210E-2
5.648370016E1,-1.026946187E0,-5.433014631E-1,-8.948494494E-2
5.648872620E1,-9.332001209E-1,-6.540923119E-1,-1.097255871E-1
5.649386959E1,-8.341274858E-1,-7.691444159E-1,-1.331621110E-1
5.649885938E1,-7.329242826E-1,-8.831311464E-1,-1.565986425E-1
5.650398120E1,-6.295905113E-1,-9.885955453E-1,-1.811004728E-1
5.650911428E1,-5.315831900E-1,-1.089798808E0,-2.151899785E-1
5.651429886E1,-4.399676323E-1,-1.184610248E0,-2.567365468E-1
5.651914792E1,-3.558091819E-1,-1.278356314E0,-3.025443256E-1
5.652428261E1,-2.663242221E-1,-1.377428889E0,-3.547438681E-1
5.652931105E1,-1.779045910E-1,-1.472240329E0,-4.154658020E-1
5.653442698E1,-1.022685021E-1,-1.555333495E0,-4.804489315E-1
5.653956308E1,-3.302420676E-2,-1.622447252E0,-5.358443856E-1
5.654456980E1,6.285251677E-2,-1.654406190E0,-5.731297731E-1
5.654958386E1,1.736433953E-1,-1.637361407E0,-5.955010056E-1
5.655471714E1,2.652589381E-1,-1.577704787E0,-5.997622013E-1
5.655973767E1,3.259808719E-1,-1.485023975E0,-5.901744962E-1
5.656491110E1,3.536785841E-1,-1.367841244E0,-5.667379498E-1
5.656986824E1,3.515479863E-1,-1.218699694E0,-5.401055217E-1
5.657505923E1,3.419603109E-1,-1.058905125E0,-5.273219943E-1
5.658009876E1,3.153278828E-1,-9.332001209E-1,-5.230607986E-1
5.658515131E1,2.599324584E-1,-8.735435009E-1,-5.209302306E-1
5.659000267E1,1.896228492E-1,-8.383886814E-1,-5.145384073E-1
5.659527194E1,1.235744432E-1,-7.744708657E-1,-5.081466436E-1
5.660028673E1,4.687306657E-2,-7.169448137E-1,-5.017548800E-1
5.660561095E1,-1.811004803E-2,-7.094877362E-1,-4.964283705E-1
5.661045408E1,-8.522375673E-2,-7.318589687E-1,-4.985589683E-1
5.661555585E1,-1.619251370E-1,-7.627525926E-1,-4.974936545E-1
5.662059476E1,-2.407571077E-1,-7.947115302E-1,-4.655347466E-1
5.662569173E1,-3.185237944E-1,-7.829932570E-1,-3.867027760E-1
5.663082163E1,-4.101393223E-1,-7.275978327E-1,-2.759118974E-1
5.663595726E1,-5.251913667E-1,-6.498311162E-1,-1.491415650E-1
5.664096861E1,-6.540923119E-1,-5.933703780E-1,-2.130593918E-2
5.664626746E1,-7.744708657E-1,-5.667379498E-1,1.054643989E-1
5.665116934E1,-8.671516776E-1,-5.486279130E-1,2.279735506E-1
5.665623892E1,-9.257430434E-1,-5.411708355E-1,3.387644291E-1
5.666123721E1,-9.395918846E-1,-5.624767542E-1,4.463594258E-1
5.666649445E1,-9.097635746E-1,-6.210681200E-1,5.560849905E-1
5.667159455E1,-8.458457589E-1,-6.849859357E-1,6.594188213E-1
5.667655731E1,-7.446425557E-1,-7.041612864E-1,7.457078695E-1
5.668159679E1,-5.933703780E-1,-6.690064669E-1,8.160174489E-1
5.668678622E1,-4.175963998E-1,-6.114804149E-1,8.788699508E-1
5.669170049E1,-2.343653291E-1,-5.273219943E-1,9.289389253E-1
5.669684684E1,-3.728539124E-2,-3.994863629E-1,9.715508223E-1
5.670190008E1,1.619251370E-1,-2.450182885E-1,1.007770896E0
5.670713357E1,3.568744659E-1,-7.883197069E-2,1.048252225E0
5.671199841E1,5.528891087E-1,7.776667923E-2,1.105778217E0
5.671736825E1,7.425119877E-1,1.842963696E-1,1.169696093E0
5.672212721E1,9.055023789E-1,2.524753809E-1,1.220830321E0
5.672743992E1,9.949873090E-1,3.291767538E-1,1.245332122E0
5.673237867E1,9.875302315E-1,4.197269976E-1,1.225091457E0
5.673738174E1,9.033718109E-1,4.932324886E-1,1.160108328E0
5.674239159E1,7.872544527E-1,5.219954848E-1,1.061035752E0
5.674751451E1,6.732676625E-1,4.634041786E-1,9.278736115E-1
5.675252753E1,5.688685775E-1,3.100014031E-1,7.627525926E-1
5.675784065E1,4.740571380E-1,8.841964602E-2,5.848480463E-1
5.676268316E1,3.898986876E-1,-1.438150853E-1,4.144005179E-1
5.676777967E1,3.238502741E-1,-3.536785841E-1,2.609977424E-1
5.677285441E1,2.950872481E-1,-5.390402675E-1,1.299662292E-1
5.677808529E1,3.014790416E-1,-7.126836777E-1,2.130593872E-3
5.678296362E1,3.430256248E-1,-8.756740689E-1,-1.267703325E-1
5.678809915E1,4.154658020E-1,-1.043990970E0,-2.578018606E-1
5.679333899E1,5.060160160E-1,-1.212307930E0,-3.867027760E-1
5.679823727E1,6.146763563E-1,-1.363580108E0,-5.166690350E-1
5.680334628E1,7.435772419E-1,-1.494611621E0,-6.445046663E-1
5.680845259E1,8.927188516E-1,-1.585161805E0,-7.403813601E-1
5.681345404E1,1.026946187E0,-1.651210308E0,-7.883197069E-1
5.681850253E1,1.138802409E0,-1.697018027E0,-7.979074121E-1
5.682362207E1,1.238940358E0,-1.685299754E0,-7.925809026E-1
5.682868535E1,1.317772269E0,-1.636296034E0,-7.829932570E-1
5.683377124E1,1.365710616E0,-1.561725259E0,-7.680791020E-1
5.683889524E1,1.391277790E0,-1.446673274E0,-7.510343194E-1
5.684386384E1,1.400865436E0,-1.279421568E0,-7.254672050E-1
5.684894457E1,1.376363635E0,-1.073819280E0,-6.903123856E-1
5.685397707E1,1.323098779E0,-8.469110727E-1,-6.434393525E-1
5.685925311E1,1.236809731E0,-6.221334338E-1,-5.848480463E-1
5.686414363E1,1.123888254E0,-4.101393223E-1,-5.177342892E-1
5.686923160E1,9.992485046E-1,-2.322347313E-1,-4.506205916E-1
5.687427515E1,8.735435009E-1,-9.055023640E-2,-3.856374919E-1
5.687947540E1,7.552955151E-1,9.587672539E-3,-3.313073516E-1
5.688447619E1,6.540923119E-1,6.285251677E-2,-2.844342887E-1
5.688994994E1,5.752603412E-1,7.350549102E-2,-2.460835874E-1
5.689464124E1,5.337137580E-1,6.604841352E-2,-2.226470560E-1
5.689969275E1,5.358443856E-1,5.646073818E-2,-2.077329010E-1
5.690478072E1,5.805868506E-1,4.687306657E-2,-1.928187460E-1
5.690989145E1,6.604840755E-1,1.491415687E-2,-1.768392920E-1
5.691501176E1,7.659484744E-1,-3.195890784E-2,-1.715128124E-1
5.691995150E1,8.810005784E-1,-8.841964602E-2,-1.715128124E-1
5.692499083E1,9.790078998E-1,-1.587292403E-1,-1.672516167E-1
5.693010281E1,1.037599206E0,-2.269082516E-1,-1.416844875E-1
5.693517312E1,1.069558144E0,-2.727160156E-1,-1.001379117E-1
5.694036416E1,1.078080535E0,-3.057402074E-1,-6.072192639E-2
5.694526026E1,1.066362262E0,-3.398297131E-1,-2.769771963E-2
5.695035578E1,1.047186852E0,-3.696580231E-1,3.195890691E-3
5.695537724E1,1.012032032E0,-3.920292854E-1,2.556712553E-2
5.696065406E1,9.662243128E-1,-4.080087245E-1,3.515479714E-2
5.696572015E1,9.023064971E-1,-4.293146729E-1,2.982831374E-2
5.697061323E1,8.234745264E-1,-4.570123851E-1,1.597945392E-2
5.697573609E1,7.350549102E-1,-4.729918540E-1,-3.195890691E-3
5.698077073E1,6.562229395E-1,-4.708612561E-1,-2.982831374E-2
5.698578682E1,5.880439281E-1,-4.634041786E-1,-6.498311460E-2
5.699094781E1,5.124078393E-1,-4.687306583E-1,-1.001379117E-1
5.699600016E1,4.516859055E-1,-4.687306583E-1,-1.331621110E-1
5.700109708E1,4.037475288E-1,-4.538165033E-1,-1.672516167E-1
5.700607839E1,3.643315434E-1,-4.239881933E-1,-1.928187460E-1
5.701127287E1,3.270461559E-1,-3.952251673E-1,-2.119940966E-1
5.701642115E1,2.833689749E-1,-3.749845326E-1,-2.311694324E-1
5.702135844E1,2.386265099E-1,-3.696580231E-1,-2.418224066E-1
5.702643099E1,1.917534471E-1,-3.813762963E-1,-2.450182885E-1
5.703147901E1,1.448803842E-1,-3.888333738E-1,-2.535406649E-1
5.703656376E1,1.150520667E-1,-3.739192188E-1,-2.631283402E-1
5.704170579E1,9.694202244E-2,-3.526133001E-1,-2.684548199E-1
5.704679688E1,7.989726961E-2,-3.536785841E-1,-2.716507316E-1
5.705180641E1,6.391781569E-2,-3.771151006E-1,-2.748466134E-1
5.705705933E1,6.391781569E-2,-4.026822448E-1,-2.737812996E-1
5.706202006E1,8.628904819E-2,-4.090740085E-1,-2.759118974E-1
5.706693615E1,1.225091442E-1,-3.984210491E-1,-2.833689749E-1
5.707210220E1,1.661863178E-1,-3.867027760E-1,-2.812383771E-1
5.707706829E1,2.119940966E-1,-3.877680898E-1,-2.748466134E-1
5.708232386E1,2.556712627E-1,-4.005516469E-1,-2.673895359E-1
5.708729912E1,3.036096394E-1,-4.112046063E-1,-2.578018606E-1
5.709226996E1,3.526133001E-1,-4.175963998E-1,-2.375612110E-1
5.709729845E1,4.026822448E-1,-4.271840751E-1,-2.237123549E-1
5.710243548E1,4.548817873E-1,-4.378370345E-1,-2.077329010E-1
5.710743543E1,5.092119575E-1,-4.474247098E-1,-1.917534471E-1
5.711262397E1,5.688685775E-1,-4.666000605E-1,-1.800351888E-1
5.711756704E1,6.295905113E-1,-4.868406951E-1,-1.629904360E-1
5.712268225E1,6.871165037E-1,-5.017548800E-1,-1.438150853E-1
5.712773413E1,7.361201644E-1,-5.134730935E-1,-1.246397421E-1
5.713291986E1,7.797973752E-1,-5.219954848E-1,-9.907261282E-2
5.713793574E1,8.128215671E-1,-5.358443856E-1,-7.137489319E-2
5.714315814E1,8.426498771E-1,-5.486279130E-1,-4.048128426E-2
5.714811095E1,8.724781871E-1,-5.560849905E-1,-1.065296959E-2
5.715318507E1,8.969800472E-1,-5.635420680E-1,1.597945392E-2
5.715832809E1,9.086982608E-1,-5.816521049E-1,4.154657945E-2
5.716341075E1,9.118942022E-1,-5.986968875E-1,6.391781569E-2
5.716838731E1,9.129594564E-1,-6.050886512E-1,8.096256852E-2
5.717394043E1,9.023064971E-1,-6.200028062E-1,9.374613315E-2
5.717858476E1,8.895229697E-1,-6.327863932E-1,1.022685021E-1
5.718369689E1,8.756740689E-1,-6.306557655E-1,1.043990999E-1
5.718883950E1,8.628905416E-1,-6.349169612E-1,1.043990999E-1
5.719379059E1,8.426498771E-1,-6.466352344E-1,1.043990999E-1
5.719884601E1,8.170827627E-1,-6.551576257E-1,1.022685021E-1
5.720398523E1,7.925809026E-1,-6.466352344E-1,9.481142461E-2
5.720893268E1,7.723402977E-1,-6.178722382E-1,8.309315890E-2
5.721413362E1,7.574261427E-1,-5.869786143E-1,6.178722158E-2
5.721911268E1,7.510343194E-1,-5.603461862E-1,3.941598535E-2
5.722459476E1,7.425119877E-1,-5.443667173E-1,9.587672539E-3
5.722929846E1,7.190754414E-1,-5.294525623E-1,-2.876301669E-2
5.723438237E1,6.860512495E-1,-5.347790718E-1,-6.178722158E-2
5.723954581E1,6.466352344E-1,-5.496932268E-1,-9.268083423E-2
5.724463278E1,6.157416105E-1,-5.571503043E-1,-1.193132550E-1
5.724969424E1,5.923051238E-1,-5.464973450E-1,-1.395539045E-1
5.725466878E1,5.784562230E-1,-5.294525623E-1,-1.502068639E-1
5.725974800E1,5.656726956E-1,-5.251913667E-1,-1.565986425E-1
5.726482185E1,5.294525623E-1,-5.156037211E-1,-1.672516167E-1
5.726980289E1,4.729918540E-1,-5.273219943E-1,-1.470109820E-1
5.727496565E1,4.144005179E-1,-5.454320312E-1,-1.193132550E-1
5.727996060E1,3.579397798E-1,-5.507585406E-1,-9.694202244E-2
5.728507024E1,3.046749234E-1,-5.518237948E-1,-7.670138031E-2
5.729024873E1,2.599324584E-1,-5.507585406E-1,-5.965662748E-2
5.729523701E1,2.290388346E-1,-5.667379498E-1,-3.302420676E-2
5.730033133E1,2.269082516E-1,-5.955010056E-1,-3.195890691E-3
5.730539519E1,2.599324584E-1,-6.200028062E-1,2.663242258E-2
5.731038857E1,3.121320009E-1,-6.391781569E-1,5.752603337E-2
5.731572389E1,3.579397798E-1,-6.391781569E-1,8.628904819E-2
5.732057508E1,3.898986876E-1,-6.242640018E-1,1.097255871E-1
5.732581628E1,4.069434404E-1,-5.997622013E-1,1.384886056E-1
5.733081665E1,3.941598535E-1,-5.464973450E-1,1.480762810E-1
5.733578582E1,3.568744659E-1,-4.879060090E-1,1.480762810E-1
5.734124056E1,3.195890784E-1,-4.378370345E-1,1.448803842E-1
5.734595686E1,2.886954844E-1,-3.952251673E-1,1.374233067E-1
5.735096483E1,2.663242221E-1,-3.611356616E-1,1.278356314E-1
5.735607613E1,2.567365468E-1,-3.291767538E-1,1.257050335E-1
5.736106712E1,2.609977424E-1,-2.950872481E-1,1.267703325E-1
5.736630686E1,2.705854177E-1,-2.663242221E-1,1.246397421E-1
5.737120671E1,2.769772112E-1,-2.514100671E-1,1.139867753E-1
5.737642488E1,3.014790416E-1,-1.981452256E-1,1.118561774E-1
5.738156358E1,3.302420378E-1,-1.491415650E-1,1.118561774E-1
5.738653520E1,3.291767538E-1,-1.640557349E-1,8.628904819E-2
5.739150468E1,3.014790416E-1,-2.066676021E-1,4.048128426E-2
5.739673999E1,2.503447831E-1,-2.514100671E-1,-1.811004803E-2
5.740167421E1,1.789698899E-1,-2.918913662E-1,-8.522375673E-2
5.740700827E1,8.735434711E-2,-3.131972849E-1,-1.523374617E-1
5.741178916E1,-7.457078435E-3,-3.068055212E-1,-2.151899785E-1
5.741701072E1,-9.481142461E-2,-2.716507316E-1,-2.780424953E-1
5.742207614E1,-1.661863178E-1,-2.056023031E-1,-3.387644291E-1
5.742713327E1,-2.162552774E-1,-1.182479635E-1,-3.867027760E-1
5.743221176E1,-2.375612110E-1,-2.982831374E-2,-4.112046063E-1
5.743727635E1,-2.237123549E-1,4.687306657E-2,-4.410329461E-1
5.744189911E1,-1.821657717E-1,1.363580078E-1,-4.804489315E-1
5.744740239E1,-1.182479635E-1,2.098634988E-1,-4.953630865E-1
5.745244406E1,-3.622009605E-2,2.418224066E-1,-5.134730935E-1
5.745749671E1,5.006895587E-2,3.046749234E-1,-4.612735808E-1
5.746261671E1,1.182479635E-1,4.016169310E-1,-3.792456985E-1
5.746782786E1,1.480762810E-1,5.102772117E-1,-3.046749234E-1
5.747267906E1,1.491415650E-1,6.445046663E-1,-2.343653291E-1
5.747780437E1,1.352927089E-1,8.032338619E-1,-1.704475135E-1
5.748287630E1,1.097255871E-1,9.704855084E-1,-1.150520667E-1
5.748793067E1,7.457078248E-2,1.130280018E0,-5.965662748E-2
5.749307276E1,2.876301669E-2,1.276225686E0,-2.130593872E-3
5.749821953E1,-2.237123623E-2,1.394473672E0,5.326484516E-2
5.750314588E1,-8.202786744E-2,1.494611621E0,1.086602882E-1
5.750800245E1,-1.438150853E-1,1.576639414E0,1.534027606E-1
5.751323656E1,-2.034717202E-1,1.643753171E0,1.853616685E-1
5.751845490E1,-2.546059787E-1,1.691691518E0,2.034717202E-1
5.752336953E1,-3.004137278E-1,1.734303355E0,2.066676021E-1
5.752876250E1,-3.345032334E-1,1.777980566E0,2.045370042E-1
5.753354167E1,-3.568744659E-1,1.821657777E0,1.938840449E-1
5.753885875E1,-3.675274551E-1,1.856812596E0,1.811004728E-1
5.754366953E1,-3.717886209E-1,1.881314397E0,1.597945392E-1
5.754894125E1,-3.749845326E-1,1.897293806E0,1.406191885E-1
5.755377495E1,-3.771151006E-1,1.902620316E0,1.203785539E-1
5.755863318E1,-3.717886209E-1,1.903685570E0,1.054643989E-1
5.756391646E1,-3.590050638E-1,1.907946825E0,1.012032107E-1
5.756904573E1,-3.376991153E-1,1.926056862E0,9.800732136E-2
5.757418777E1,-3.153278828E-1,1.976125836E0,8.948494494E-2
5.757922964E1,-3.068055212E-1,2.036847830E0,9.481142461E-2
5.758425449E1,-3.153278828E-1,2.089047194E0,1.203785539E-1
5.758936542E1,-3.376991153E-1,2.121006250E0,1.661863178E-1
5.759437480E1,-3.707233369E-1,2.113549232E0,2.205164731E-1
5.759959803E1,-4.239881933E-1,2.072002649E0,2.748466134E-1
5.760447855E1,-4.889712930E-1,2.028325319E0,3.291767538E-1
5.760966766E1,-5.560849905E-1,2.000627756E0,3.813762963E-1
5.761464767E1,-6.200028062E-1,2.004888773E0,4.314452708E-1
5.761978688E1,-6.775288582E-1,2.036847830E0,4.740571380E-1
5.762479652E1,-7.212060094E-1,2.080524921E0,5.113425255E-1
5.762998501E1,-7.467731237E-1,2.129528522E0,5.518237948E-1
5.763522782E1,-7.627525926E-1,2.164683342E0,5.901744962E-1
5.764039381E1,-7.776667476E-1,2.184924126E0,6.168069243E-1
5.764511277E1,-7.979074121E-1,2.190250397E0,6.200028062E-1
5.765029293E1,-8.202786446E-1,2.172140360E0,6.146763563E-1
5.765553001E1,-8.490416408E-1,2.122071505E0,6.072192788E-1
5.766033642E1,-8.788699508E-1,2.031521320E0,5.923051238E-1
5.766535746E1,-8.905882239E-1,1.912207961E0,5.773909688E-1
5.767066121E1,-8.831311464E-1,1.771588802E0,5.646073818E-1
5.767566189E1,-8.778046966E-1,1.645883799E0,5.433014631E-1
5.768063335E1,-8.788699508E-1,1.572378278E0,5.006895661E-1
5.768570648E1,-8.746087551E-1,1.552137613E0,4.516859055E-1
5.769086700E1,-8.628905416E-1,1.554268241E0,4.293146729E-1
5.769578392E1,-8.586293459E-1,1.573443532E0,4.271840751E-1
5.770093585E1,-8.650211096E-1,1.591553569E0,4.175963998E-1
5.770589992E1,-8.554334641E-1,1.576639414E0,4.026822448E-1
5.771108283E1,-8.362581134E-1,1.532962322E0,3.845722079E-1
5.771606554E1,-8.213439584E-1,1.459456801E0,3.760498166E-1
5.772117585E1,-8.202786446E-1,1.369971871E0,3.760498166E-1
5.772630669E1,-8.234745264E-1,1.270899296E0,3.739192188E-1
5.773136388E1,-8.309316039E-1,1.182479620E0,3.600703776E-1
5.773642002E1,-8.373233676E-1,1.124953508E0,3.366338313E-1
5.774147971E1,-8.458457589E-1,1.083406925E0,3.195890784E-1
5.774654945E1,-8.511722684E-1,1.022685051E0,3.036096394E-1
5.775176534E1,-8.543681502E-1,9.374613166E-1,2.801730931E-1
5.775681393E1,-8.628905416E-1,8.469110727E-1,2.535406649E-1
5.776184268E1,-8.671516776E-1,7.638179064E-1,2.237123549E-1
5.776699883E1,-8.682169914E-1,6.956388950E-1,2.013411224E-1
5.777195992E1,-8.671516776E-1,6.530269980E-1,1.864269674E-1
5.777691987E1,-8.692823052E-1,6.136110425E-1,1.683169156E-1
5.778208211E1,-8.714128733E-1,5.678032637E-1,1.512721628E-1
5.778707154E1,-8.650211096E-1,5.156037211E-1,1.352927089E-1
5.779225383E1,-8.501069546E-1,4.420982301E-1,1.214438528E-1
5.779730685E1,-8.309316039E-1,3.472867906E-1,1.118561774E-1
5.780234867E1,-8.064298034E-1,2.375612110E-1,9.587672353E-2
5.780738440E1,-7.766014934E-1,1.182479635E-1,7.883197069E-2
5.781255154E1,-7.371854782E-1,-4.261187743E-3,6.285251677E-2
5.781764217E1,-6.913776994E-1,-1.235744432E-1,5.006895587E-2
5.782290524E1,-6.413087845E-1,-2.407571077E-1,3.728539124E-2
5.782767206E1,-5.837827325E-1,-3.568744659E-1,2.130593918E-2
5.783276904E1,-5.177342892E-1,-4.676653445E-1,8.522375487E-3
5.783776587E1,-4.410329461E-1,-5.805868506E-1,-5.326484796E-3
5.784292217E1,-3.632662594E-1,-6.860512495E-1,-2.343653329E-2
5.784762816E1,-2.897607684E-1,-7.851238251E-1,-4.580776766E-2
5.785307123E1,-2.311694324E-1,-8.618252277E-1,-7.350549102E-2
5.785845420E1,-1.832310706E-1,-9.172206521E-1,-1.043990999E-1
5.786331102E1,-1.438150853E-1,-9.598325491E-1,-1.374233067E-1
5.786821352E1,-1.171826646E-1,-1.005640268E0,-1.779045910E-1
5.787336040E1,-8.948494494E-2,-1.067427516E0,-2.183858752E-1
5.787837676E1,-4.048128426E-2,-1.155847192E0,-2.535406649E-1
5.788346014E1,7.457078435E-3,-1.257050395E0,-2.833689749E-1
5.788853400E1,4.261187837E-2,-1.332686424E0,-3.057402074E-1
5.789361415E1,7.137489319E-2,-1.383820772E0,-3.259808719E-1
5.789884822E1,9.587672353E-2,-1.387016654E0,-3.376991153E-1
5.790394212E1,1.107908785E-1,-1.342274189E0,-3.387644291E-1
5.790887415E1,1.129214764E-1,-1.273029804E0,-3.355685472E-1
5.791397322E1,9.800732136E-2,-1.206981421E0,-3.345032334E-1
5.791894790E1,6.285251677E-2,-1.141998291E0,-3.398297131E-1
5.792408421E1,1.384885982E-2,-1.079145789E0,-3.440909088E-1
5.792909181E1,-5.113425106E-2,-1.012032032E0,-3.323726356E-1
5.793419556E1,-1.246397421E-1,-9.363960028E-1,-3.036096394E-1
5.793925713E1,-1.960146427E-1,-8.394539952E-1,-2.684548199E-1
5.794460468E1,-2.599324584E-1,-7.254672050E-1,-2.450182885E-1
5.794942838E1,-3.131972849E-1,-6.029580832E-1,-2.354306281E-1
5.795466900E1,-3.568744659E-1,-4.708612561E-1,-2.333000302E-1
5.795947291E1,-3.962904513E-1,-3.590050638E-1,-2.354306281E-1
5.796458036E1,-4.399676323E-1,-2.854995728E-1,-2.524753809E-1
5.796963900E1,-4.431635141E-1,-2.269082516E-1,-2.695201337E-1
5.797486135E1,-4.058781266E-1,-1.960146427E-1,-2.950872481E-1
5.797983171E1,-3.590050638E-1,-1.874922663E-1,-3.291767538E-1
5.798490765E1,-3.153278828E-1,-2.077329010E-1,-3.749845326E-1
5.798999786E1,-2.673895359E-1,-2.439530045E-1,-4.175963998E-1
5.799526624E1,-2.077329010E-1,-3.025443256E-1,-4.495553076E-1
5.800007531E1,-1.416844875E-1,-3.941598535E-1,-4.602082670E-1
5.800519057E1,-8.309315890E-2,-5.049507618E-1,-4.389023483E-1
5.801025702E1,-4.687306657E-2,-5.901744962E-1,-3.930945694E-1
5.801563760E1,-1.384885982E-2,-6.146763563E-1,-3.313073516E-1
5.802037312E1,1.811004803E-2,-5.219954848E-1,-2.567365468E-1
5.802557281E1,5.006895587E-2,-3.089361191E-1,-1.768392920E-1
5.803080354E1,8.202786744E-2,-6.711370498E-2,-1.107908785E-1
5.803563937E1,5.859133229E-2,9.800732136E-2,-5.113425106E-2
5.804064448E1,1.597945392E-2,1.587292403E-1,2.982831374E-2
5.804581719E1,2.237123623E-2,9.907261282E-2,1.651210189E-1
5.805083386E1,7.350549102E-2,-1.587292403E-1,3.483521044E-1
5.805596516E1,1.310315281E-1,-6.168069243E-1,5.763256550E-1
5.806100688E1,1.661863178E-1,-1.127084136E0,8.277357221E-1
5.806613437E1,1.768392920E-1,-1.454130292E0,1.028011560E0
5.807112349E1,1.938840449E-1,-1.466913939E0,1.145194173E0
5.807618761E1,2.098634988E-1,-1.257050395E0,1.172891974E0
5.808118974E1,1.715128124E-1,-9.449183941E-1,1.096190572E0
5.808673787E1,4.793836176E-2,-5.507585406E-1,9.406571984E-1
5.809134376E1,-7.776667923E-2,3.302420676E-2,8.042991757E-1
5.809650308E1,-1.289009303E-1,6.551576257E-1,8.149521351E-1
5.810150777E1,-1.459456831E-1,9.885955453E-1,8.916535378E-1
5.810669626E1,-7.350549102E-2,1.048252225E0,8.543681502E-1
5.811168970E1,1.352927089E-1,9.417225122E-1,6.913776994E-1
5.811676094E1,4.069434404E-1,7.073571682E-1,5.017548800E-1
5.812178793E1,6.796594262E-1,4.037475288E-1,3.291767538E-1
5.812678574E1,9.108288884E-1,1.086602882E-1,1.747086942E-1
5.813193964E1,1.071688771E0,-1.342274100E-1,4.261187837E-2
5.813702095E1,1.195263147E0,-3.334379494E-1,-6.711370498E-2
5.814207048E1,1.324164033E0,-5.177342892E-1,-1.683169156E-1
5.814735595E1,1.470109820E0,-7.073571682E-1,-2.759118974E-1
5.815222939E1,1.612859607E0,-9.055023789E-1,-3.973557651E-1
5.815741407E1,1.732172847E0,-1.104712963E0,-5.166690350E-1
5.816254751E1,1.824853659E0,-1.295401096E0,-6.253293157E-1
5.816748256E1,1.886640906E0,-1.464783311E0,-6.999000907E-1
5.817261866E1,1.888771415E0,-1.603271842E0,-7.180101275E-1
5.817773642E1,1.840833068E0,-1.705540419E0,-7.020306587E-1
5.818263731E1,1.775849938E0,-1.776915312E0,-6.967042089E-1
5.818787001E1,1.692756772E0,-1.831245422E0,-7.201407552E-1
5.819280173E1,1.590488315E0,-1.867465496E0,-7.520996332E-1
5.819818882E1,1.470109820E0,-1.861073732E0,-7.712749839E-1
5.820296137E1,1.328425288E0,-1.793960094E0,-7.563608289E-1
5.820810351E1,1.176087856E0,-1.650144935E0,-7.062918544E-1
5.821317757E1,1.010966778E0,-1.422171354E0,-6.263945699E-1
5.821821319E1,8.341274858E-1,-1.163304210E0,-5.390402675E-1
5.822326913E1,6.370475888E-1,-9.150900841E-1,-4.591429830E-1
5.822830506E1,4.325105548E-1,-7.062918544E-1,-3.930945694E-1
5.823339033E1,2.514100671E-1,-5.347790718E-1,-3.408950269E-1
5.823862252E1,1.065296903E-1,-3.930945694E-1,-3.036096394E-1
5.824362362E1,2.130593872E-3,-2.908260524E-1,-2.748466134E-1
5.824880554E1,-6.711370498E-2,-2.205164731E-1,-2.567365468E-1
5.825559184E1,-1.043990999E-1,-1.800351888E-1,-2.471488863E-1
5.825871278E1,-1.118561774E-1,-1.629904360E-1,-2.482141852E-1
5.826383684E1,-8.841964602E-2,-1.629904360E-1,-2.492794842E-1
5.826895695E1,-2.769771963E-2,-1.693822145E-1,-2.407571077E-1
5.827396784E1,7.030959427E-2,-1.661863178E-1,-2.269082516E-1
5.827926815E1,1.992105246E-1,-1.597945392E-1,-2.141246796E-1
5.828411591E1,3.451561928E-1,-1.608598381E-1,-2.045370042E-1
5.828919768E1,4.942977726E-1,-1.789698899E-1,-1.949493438E-1
5.829432976E1,6.327863932E-1,-2.098634988E-1,-1.800351888E-1
5.829930393E1,7.520996332E-1,-2.514100671E-1,-1.480762810E-1
5.830445945E1,8.543681502E-1,-2.982831299E-1,-1.203785539E-1
5.830940961E1,9.300042391E-1,-3.547438681E-1,-9.587672353E-2
5.831467867E1,9.779425859E-1,-4.154658020E-1,-7.457078248E-2
5.831992852E1,1.005640268E0,-4.793836176E-1,-6.285251677E-2
5.832486758E1,1.017358541E0,-5.507585406E-1,-7.350549102E-2
5.832970857E1,1.015228033E0,-6.253293157E-1,-1.022685021E-1
5.833485466E1,1.002444386E0,-6.860512495E-1,-1.416844875E-1
5.833991670E1,9.843343496E-1,-7.297284007E-1,-1.896228492E-1
5.834508097E1,9.577019215E-1,-7.552955151E-1,-2.343653291E-1
5.835001831E1,9.236124158E-1,-7.563608289E-1,-2.748466134E-1
5.835513435E1,8.863270283E-1,-7.339895964E-1,-3.068055212E-1
5.836012618E1,8.575640321E-1,-6.913776994E-1,-3.313073516E-1
5.836534545E1,8.298662901E-1,-6.381128430E-1,-3.451561928E-1
5.837034738E1,8.011032939E-1,-5.837827325E-1,-3.494173884E-1
5.837568253E1,7.606220245E-1,-5.443667173E-1,-3.462215066E-1
5.838039608E1,7.105530500E-1,-5.124078393E-1,-3.323726356E-1
5.838555123E1,6.668758988E-1,-4.772530198E-1,-3.174584806E-1
5.839060811E1,6.349169612E-1,-4.399676323E-1,-2.972178459E-1
5.839574108E1,6.093498468E-1,-4.090740085E-1,-2.684548199E-1
5.840073389E1,5.795215368E-1,-4.037475288E-1,-2.396918088E-1
5.840593571E1,5.422361493E-1,-4.239881933E-1,-2.130593807E-1
5.841087936E1,4.985589683E-1,-4.516859055E-1,-1.874922663E-1
5.841607811E1,4.548817873E-1,-4.740571380E-1,-1.651210189E-1
5.842097796E1,4.037475288E-1,-4.932324886E-1,-1.459456831E-1
5.842612535E1,3.547438681E-1,-5.124078393E-1,-1.203785539E-1
5.843121775E1,3.131972849E-1,-5.230607986E-1,-9.268083423E-2
5.843627535E1,2.801730931E-1,-5.369096398E-1,-7.030959427E-2
5.844127874E1,2.556712627E-1,-5.507585406E-1,-4.580776766E-2
5.844645858E1,2.418224066E-1,-5.518237948E-1,-1.811004803E-2
5.845139634E1,2.386265099E-1,-5.518237948E-1,9.587672539E-3
5.845653785E1,2.364959270E-1,-5.678032637E-1,3.941598535E-2
5.846159832E1,2.247776538E-1,-6.114804149E-1,7.350549102E-2
5.846673509E1,2.077329010E-1,-6.572881937E-1,1.107908785E-1
5.847167447E1,1.938840449E-1,-7.009654045E-1,1.512721628E-1
5.847697187E1,1.949493438E-1,-7.371854782E-1,1.864269674E-1
5.848203327E1,2.119940966E-1,-7.574261427E-1,2.098634988E-1
5.848694692E1,2.418224066E-1,-7.712749839E-1,2.247776538E-1
5.849206786E1,2.823036909E-1,-7.840585709E-1,2.364959270E-1
5.849712661E1,3.249155581E-1,-7.883197069E-1,2.514100671E-1
5.850218145E1,3.717886209E-1,-7.840585709E-1,2.588671446E-1
5.850726645E1,4.186616838E-1,-7.744708657E-1,2.631283402E-1
5.851233260E1,4.612735808E-1,-7.616873384E-1,2.609977424E-1
5.851745781E1,4.942977726E-1,-7.489037514E-1,2.524753809E-1
5.852242026E1,5.124078393E-1,-7.446425557E-1,2.396918088E-1
5.852752932E1,5.156037211E-1,-7.467731237E-1,2.151899785E-1
5.853258099E1,5.060160160E-1,-7.425119877E-1,1.821657717E-1
5.853770797E1,4.911018908E-1,-7.254672050E-1,1.438150853E-1
5.854272719E1,4.644694626E-1,-7.030959725E-1,1.022685021E-1
5.854784614E1,4.303799570E-1,-6.881818175E-1,5.539543927E-2
5.855285792E1,3.898986876E-1,-6.658105850E-1,9.587672539E-3
5.855803307E1,3.504827023E-1,-6.168069243E-1,-3.302420676E-2
5.856314932E1,3.185237944E-1,-5.411708355E-1,-7.457078248E-2
5.856828464E1,3.004137278E-1,-4.506205916E-1,-1.107908785E-1
5.857310724E1,2.950872481E-1,-3.515479863E-1,-1.374233067E-1
5.857807615E1,2.982831299E-1,-2.620630562E-1,-1.608598381E-1
5.858327162E1,3.174584806E-1,-1.896228492E-1,-1.736433953E-1
5.858836750E1,3.440909088E-1,-1.342274100E-1,-1.832310706E-1
5.859342417E1,3.803110123E-1,-1.001379117E-1,-1.874922663E-1
5.859856443E1,4.229228795E-1,-8.735434711E-2,-1.864269674E-1
5.860353000E1,4.761877358E-1,-8.628904819E-2,-1.885575503E-1
5.860879224E1,5.454320312E-1,-9.374613315E-2,-1.917534471E-1
5.861386730E1,6.168069243E-1,-1.139867753E-1,-1.917534471E-1
5.861881844E1,6.956388950E-1,-1.363580078E-1,-1.981452256E-1
5.862405141E1,7.723402977E-1,-1.523374617E-1,-2.045370042E-1
5.862900417E1,8.405193090E-1,-1.629904360E-1,-2.056023031E-1
5.863366740E1,9.001759291E-1,-1.704475135E-1,-2.013411224E-1
5.863909636E1,9.651589990E-1,-1.800351888E-1,-1.864269674E-1
5.864414850E1,1.031207442E0,-1.789698899E-1,-1.672516167E-1
5.864930834E1,1.099386454E0,-1.480762810E-1,-1.427497864E-1
5.865449938E1,1.151585937E0,-1.214438528E-1,-1.203785539E-1
5.865956715E1,1.168630719E0,-1.129214764E-1,-1.043990999E-1
5.866448381E1,1.154781938E0,-1.107908785E-1,-9.161553532E-2
5.866951902E1,1.106843472E0,-1.022685021E-1,-8.096256852E-2
5.867462860E1,1.020554423E0,-8.948494494E-2,-7.244019210E-2
5.867966256E1,9.182859659E-1,-7.137489319E-2,-6.285251677E-2
5.868472225E1,8.042991757E-1,-5.326484516E-2,-6.072192639E-2
5.868979236E1,6.903123856E-1,-4.900366068E-2,-6.072192639E-2
5.869482178E1,5.709991455E-1,-7.457078248E-2,-7.137489319E-2
5.870000007E1,4.729918540E-1,-1.001379117E-1,-7.670138031E-2
5.870499278E1,4.133352041E-1,-7.776667923E-2,-7.244019210E-2
5.871012663E1,3.547438681E-1,-7.350549102E-2,-7.563608140E-2
5.871513606E1,2.982831299E-1,-8.096256852E-2,-9.161553532E-2
5.872025507E1,2.386265099E-1,-8.841964602E-2,-1.139867753E-1
5.872565502E1,1.725780964E-1,-8.415845782E-2,-1.438150853E-1
5.873059522E1,1.033338010E-1,-6.604841352E-2,-1.821657717E-1
5.873543721E1,2.237123623E-2,-3.835069016E-2,-2.226470560E-1
5.874063569E1,-6.498311460E-2,-5.326484796E-3,-2.578018606E-1
5.874560992E1,-1.491415650E-1,1.704475097E-2,-2.727160156E-1
5.875091538E1,-2.375612110E-1,4.474247247E-2,-2.844342887E-1
5.875574429E1,-3.345032334E-1,1.214438528E-1,-3.089361191E-1
5.876086601E1,-4.389023483E-1,2.045370042E-1,-3.174584806E-1
5.876582664E1,-5.401055217E-1,2.759118974E-1,-3.110667169E-1
5.877093601E1,-6.189374924E-1,3.345032334E-1,-2.972178459E-1
5.877602283E1,-6.753982306E-1,3.856374919E-1,-2.993484437E-1
5.878109830E1,-7.020306587E-1,4.474247098E-1,-3.068055212E-1
5.878631091E1,-7.020306587E-1,5.038854480E-1,-2.908260524E-1
5.879126908E1,-6.903123856E-1,5.688685775E-1,-2.641936541E-1
5.879633133E1,-6.594188213E-1,6.445046663E-1,-2.343653291E-1
5.880169445E1,-6.157416105E-1,7.244018912E-1,-2.205164731E-1
5.880651737E1,-5.656726956E-1,8.213439584E-1,-2.066676021E-1
5.881152336E1,-5.251913667E-1,9.140247703E-1,-1.842963696E-1
5.881669357E1,-5.017548800E-1,1.005640268E0,-1.555333585E-1
5.882179544E1,-4.974936545E-1,1.107908845E0,-1.246397421E-1
5.882670471E1,-5.070813298E-1,1.227222085E0,-9.907261282E-2
5.883186320E1,-5.209302306E-1,1.350796461E0,-7.776667923E-2
5.883693456E1,-5.379749537E-1,1.471175075E0,-5.433014408E-2
5.884195352E1,-5.539544225E-1,1.584096551E0,-3.089361079E-2
5.884695373E1,-5.614115000E-1,1.694887400E0,-1.597945392E-2
5.885210331E1,-5.539544225E-1,1.803547740E0,-1.491415687E-2
5.885711253E1,-5.283873081E-1,1.922860980E0,-2.130593918E-2
5.886233909E1,-4.921671748E-1,2.041108847E0,-2.769771963E-2
5.886732352E1,-4.463594258E-1,2.141246796E0,-3.941598535E-2
5.887240508E1,-3.952251673E-1,2.228601217E0,-5.646073818E-2
5.887749988E1,-3.366338313E-1,2.298910856E0,-8.096256852E-2
5.888262305E1,-2.695201337E-1,2.345783949E0,-1.075949892E-1
5.888752264E1,-1.949493438E-1,2.370285749E0,-1.289009303E-1
5.889264712E1,-1.086602882E-1,2.378808022E0,-1.342274100E-1
5.889784175E1,-2.237123623E-2,2.370285749E0,-1.299662292E-1
5.890286378E1,6.924430281E-2,2.337261438E0,-1.118561774E-1
5.890784160E1,1.565986425E-1,2.269082546E0,-8.948494494E-2
5.891294717E1,2.215817571E-1,2.154030323E0,-5.539543927E-2
5.891764717E1,2.567365468E-1,2.001693010E0,-1.384885982E-2
5.892323024E1,2.641936541E-1,1.855747223E0,3.622009605E-2
5.892814358E1,2.492794842E-1,1.750282884E0,9.907261282E-2
5.893327243E1,2.162552774E-1,1.695952773E0,1.864269674E-1
5.893825561E1,1.640557349E-1,1.689560890E0,2.833689749E-1
5.894349186E1,8.735434711E-2,1.734303355E0,3.824416101E-1
5.894844316E1,7.457078435E-3,1.851486087E0,4.708612561E-1
5.895382686E1,-8.096256852E-2,1.992105246E0,5.635420680E-1
5.895865280E1,-1.800351888E-1,2.110353231E0,6.508964300E-1
5.896370655E1,-2.727160156E-1,2.219013453E0,6.988347769E-1
5.896869884E1,-3.483521044E-1,2.306367874E0,7.275978327E-1
5.897386426E1,-4.080087245E-1,2.333000183E0,7.552955151E-1
5.897880452E1,-4.484900236E-1,2.271213055E0,7.787320614E-1
5.898400270E1,-4.921671748E-1,2.131659269E0,7.829932570E-1
5.898901056E1,-5.571503043E-1,1.954819918E0,7.606220245E-1
5.899409864E1,-6.125457287E-1,1.783307076E0,7.318589687E-1
5.899926166E1,-6.391781569E-1,1.639492035E0,7.073571682E-1
5.900442062E1,-6.604840755E-1,1.511656404E0,6.636800170E-1
5.900927072E1,-6.722023487E-1,1.398734927E0,5.933703780E-1
5.901442353E1,-6.722023487E-1,1.287943959E0,5.092119575E-1
5.901938593E1,-6.764635444E-1,1.186740756E0,4.218575954E-1
5.902451342E1,-6.892471313E-1,1.099386454E0,3.504827023E-1
5.902956442E1,-7.148142457E-1,1.017358541E0,3.131972849E-1
5.903491406E1,-7.616873384E-1,9.406571984E-1,3.036096394E-1
5.903966781E1,-8.245398402E-1,8.937841058E-1,3.014790416E-1
5.904493890E1,-8.969800472E-1,8.682169914E-1,2.801730931E-1
5.904983781E1,-9.704855084E-1,8.437151909E-1,2.556712627E-1
5.905497245E1,-1.040795088E0,8.117562532E-1,2.450182885E-1
5.906001318E1,-1.118561745E0,7.808626294E-1,2.439530045E-1
5.906509500E1,-1.198459029E0,7.499690652E-1,2.599324584E-1
5.907023224E1,-1.274095178E0,7.137489319E-1,2.780424953E-1
5.907532292E1,-1.334817052E0,6.700717807E-1,2.865648866E-1
5.908031385E1,-1.364645362E0,6.295905113E-1,2.865648866E-1
5.908542073E1,-1.365710616E0,5.965662599E-1,2.791078091E-1
5.909049094E1,-1.340143561E0,5.592808723E-1,2.716507316E-1
5.909556807E1,-1.297531724E0,5.166690350E-1,2.620630562E-1
5.910052703E1,-1.235744476E0,4.687306583E-1,2.439530045E-1
5.910590625E1,-1.169696093E0,4.175963998E-1,2.109287977E-1
5.911066006E1,-1.098321199E0,3.568744659E-1,1.779045910E-1
5.911579735E1,-1.023750305E0,2.940219641E-1,1.406191885E-1
5.912091578E1,-9.502448440E-1,2.343653291E-1,1.012032107E-1
5.912603110E1,-8.820658922E-1,1.842963696E-1,6.391781569E-2
5.913126058E1,-8.224092126E-1,1.235744432E-1,2.450183034E-2
5.913612146E1,-7.627525926E-1,4.580776766E-2,-1.384885982E-2
5.914134214E1,-7.030959725E-1,-4.367717355E-2,-5.326484516E-2
5.914639777E1,-6.381128430E-1,-1.278356314E-1,-9.161553532E-2
5.915127506E1,-5.667379498E-1,-2.205164731E-1,-1.267703325E-1
5.915643094E1,-4.953630865E-1,-3.259808719E-1,-1.672516167E-1
5.916138751E1,-4.293146729E-1,-4.389023483E-1,-2.066676021E-1
5.916664397E1,-3.579397798E-1,-5.475625992E-1,-2.396918088E-1
5.917158845E1,-2.865648866E-1,-6.423740387E-1,-2.759118974E-1
5.917673110E1,-2.119940966E-1,-7.201407552E-1,-3.121320009E-1
5.918172360E1,-1.374233067E-1,-7.797973752E-1,-3.451561928E-1
5.918678032E1,-6.178722158E-2,-8.213439584E-1,-3.728539348E-1
5.919189366E1,1.491415687E-2,-8.373233676E-1,-3.898986876E-1
5.919666683E1,8.735434711E-2,-8.319969177E-1,-3.909639716E-1
5.920162319E1,1.459456831E-1,-8.053644896E-1,-3.835068941E-1
5.920714480E1,1.832310706E-1,-7.531649470E-1,-3.771151006E-1
5.921214809E1,1.992105246E-1,-6.722023487E-1,-3.622009456E-1
5.921737533E1,1.981452256E-1,-5.816521049E-1,-3.398297131E-1
5.922225595E1,1.768392920E-1,-4.953630865E-1,-3.206543922E-1
5.922736934E1,1.363580078E-1,-4.207922816E-1,-3.036096394E-1
5.923243022E1,6.817900389E-2,-3.483521044E-1,-2.791078091E-1
5.923758897E1,-1.491415687E-2,-2.791078091E-1,-2.514100671E-1
5.924254621E1,-1.086602882E-1,-2.109287977E-1,-2.258429527E-1
5.924766819E1,-2.045370042E-1,-1.384886056E-1,-2.087981999E-1
5.925267658E1,-2.908260524E-1,-6.711370498E-2,-1.949493438E-1
5.925788976E1,-3.781804144E-1,-8.522375487E-3,-1.811004728E-1
5.926286012E1,-4.666000605E-1,5.113425106E-2,-1.555333585E-1
5.926802122E1,-5.539544225E-1,1.150520667E-1,-1.171826646E-1
5.927311939E1,-6.274598837E-1,1.619251370E-1,-7.670138031E-2
5.927823304E1,-6.860512495E-1,2.034717202E-1,-4.261187837E-2
5.928311695E1,-7.286630869E-1,2.514100671E-1,-2.343653329E-2
5.928827794E1,-7.563608289E-1,3.004137278E-1,-1.491415687E-2
5.929342507E1,-7.648832202E-1,3.302420378E-1,-1.384885982E-2
5.929843362E1,-7.744708657E-1,3.174584806E-1,-1.065296959E-2
5.930338518E1,-7.840585709E-1,2.556712627E-1,2.130593872E-3
5.930856606E1,-7.861891389E-1,1.331621110E-1,2.982831374E-2
5.931357742E1,-7.851238251E-1,-2.343653329E-2,7.137489319E-2
5.931869471E1,-7.584913969E-1,-1.693822145E-1,1.118561774E-1
5.932370815E1,-6.977695227E-1,-3.025443256E-1,1.416844875E-1
5.932883565E1,-6.018927693E-1,-4.378370345E-1,1.693822145E-1
5.933381221E1,-4.793836176E-1,-6.093498468E-1,2.130593807E-1
5.933904252E1,-3.526133001E-1,-7.925809026E-1,2.652589381E-1
5.934395628E1,-2.301041335E-1,-9.406571984E-1,3.004137278E-1
5.934917914E1,-1.214438528E-1,-1.035468578E0,3.174584806E-1
5.935410289E1,-4.687306657E-2,-1.087668180E0,3.345032334E-1
5.935923826E1,-7.457078435E-3,-1.091929317E0,3.451561928E-1
5.936427805E1,0.000000000E0,-1.030142188E0,3.419603109E-1
5.936934867E1,-1.384885982E-2,-8.863270283E-1,3.366338313E-1
5.937454414E1,-3.835069016E-2,-6.839206219E-1,3.430256248E-1
5.937955638E1,-6.072192639E-2,-4.964283705E-1,3.675274551E-1
5.938454290E1,-7.776667923E-2,-3.749845326E-1,4.090740085E-1
5.938963873E1,-7.989726961E-2,-3.281114697E-1,4.548817873E-1
5.939467837E1,-5.646073818E-2,-3.622009456E-1,4.942977726E-1
5.939981727E1,-6.391781382E-3,-4.420982301E-1,5.124078393E-1
5.940484243E1,6.391781569E-2,-5.560849905E-1,4.911018908E-1
5.940999597E1,1.534027606E-1,-6.881818175E-1,4.378370345E-1
5.941495920E1,2.844342887E-1,-8.245398402E-1,3.611356616E-1
5.942014045E1,4.548817873E-1,-9.726160765E-1,2.578018606E-1
5.942518832E1,6.423740387E-1,-1.144128919E0,1.523374617E-1
5.943024561E1,8.256051540E-1,-1.339078307E0,5.646073818E-2
5.943490873E1,9.651589990E-1,-1.523374677E0,-2.130593918E-2
5.944038884E1,1.037599206E0,-1.634165525E0,-8.841964602E-2
5.944551889E1,1.047186852E0,-1.672516227E0,-1.640557349E-1
5.945054254E1,1.015228033E0,-1.642687917E0,-2.514100671E-1
5.945567363E1,9.619631171E-1,-1.563855886E0,-3.345032334E-1
5.946081998E1,9.012411833E-1,-1.462652683E0,-4.090740085E-1
5.946570712E1,8.469110727E-1,-1.346535325E0,-4.708612561E-1
5.947084894E1,8.053644896E-1,-1.219764948E0,-5.166690350E-1
5.947582171E1,7.797973752E-1,-1.104712963E0,-5.507585406E-1
5.948061207E1,7.563608289E-1,-1.016293287E0,-5.709991455E-1
5.948604567E1,7.329242826E-1,-9.491795897E-1,-5.773909688E-1
5.949123420E1,7.148142457E-1,-9.065676928E-1,-5.741950274E-1
5.949602811E1,6.956388950E-1,-8.852617741E-1,-5.646073818E-1
5.950115561E1,6.807247400E-1,-8.735435009E-1,-5.592808723E-1
5.950621806E1,6.658105850E-1,-8.628905416E-1,-5.507585406E-1
5.951137494E1,6.423740387E-1,-8.501069546E-1,-5.390402675E-1
5.951641504E1,6.125457287E-1,-8.383886814E-1,-5.230607986E-1
5.952156463E1,5.763256550E-1,-8.319969177E-1,-5.038854480E-1
5.952659952E1,5.294525623E-1,-8.266704082E-1,-4.836448133E-1
5.953164807E1,4.815142155E-1,-8.149521351E-1,-4.666000605E-1
5.953665452E1,4.442288280E-1,-7.883197069E-1,-4.591429830E-1
5.954180869E1,4.261187613E-1,-7.563608289E-1,-4.538165033E-1
5.954683838E1,4.282493591E-1,-7.339895964E-1,-4.506205916E-1
5.955215088E1,4.527511895E-1,-7.169448137E-1,-4.538165033E-1
5.955693026E1,4.974936545E-1,-6.988347769E-1,-4.548817873E-1
5.956212682E1,5.539544225E-1,-6.796594262E-1,-4.591429830E-1
5.956710724E1,6.082845330E-1,-6.562229395E-1,-4.644694626E-1
5.957223281E1,6.594188213E-1,-6.423740387E-1,-4.708612561E-1
5.957729047E1,7.094877362E-1,-6.423740387E-1,-4.751224220E-1
5.958241828E1,7.531649470E-1,-6.413087845E-1,-4.644694626E-1
5.958749911E1,7.883197069E-1,-6.413087845E-1,-4.474247098E-1
5.959252193E1,8.117562532E-1,-6.402434707E-1,-4.229228795E-1
5.959760333E1,8.277357221E-1,-6.519617438E-1,-3.898986876E-1
5.960269078E1,8.351927996E-1,-6.785941720E-1,-3.600703776E-1
5.960775932E1,8.394539952E-1,-7.212060094E-1,-3.345032334E-1
5.961283464E1,8.309316039E-1,-7.766014934E-1,-3.078708053E-1
5.961783969E1,8.149521351E-1,-8.351927996E-1,-2.812383771E-1
5.962299068E1,7.925809026E-1,-8.820658922E-1,-2.482141852E-1
5.962794245E1,7.595567107E-1,-9.129594564E-1,-2.098634988E-1
5.963310250E1,7.212060094E-1,-9.278736115E-1,-1.704475135E-1
5.963806693E1,6.732676625E-1,-9.214818478E-1,-1.257050335E-1
5.964338703E1,6.157416105E-1,-8.873923421E-1,-8.309315890E-2
5.964823636E1,5.539544225E-1,-8.245398402E-1,-4.687306657E-2
5.965306990E1,4.857754111E-1,-7.446425557E-1,-1.704475097E-2
5.965838277E1,4.218575954E-1,-6.381128430E-1,5.326484796E-3
5.966366985E1,3.568744659E-1,-5.177342892E-1,1.704475097E-2
5.966861652E1,2.950872481E-1,-3.930945694E-1,2.237123623E-2
5.967381495E1,2.492794842E-1,-2.620630562E-1,2.769771963E-2
5.967910574E1,2.130593807E-1,-1.502068639E-1,3.089361079E-2
5.968399089E1,1.800351888E-1,-7.030959427E-2,3.089361079E-2
5.968878970E1,1.608598381E-1,-1.917534508E-2,2.663242258E-2
5.969390798E1,1.576639414E-1,1.278356276E-2,1.384885982E-2
5.969896220E1,1.597945392E-1,1.491415687E-2,-1.065296959E-2
5.970416340E1,1.661863178E-1,0.000000000E0,-4.261187837E-2
5.970945412E1,1.736433953E-1,-2.237123623E-2,-8.096256852E-2
5.971436797E1,1.715128124E-1,-5.859133229E-2,-1.193132550E-1
5.971904913E1,1.619251370E-1,-1.022685021E-1,-1.565986425E-1
5.972452121E1,1.470109820E-1,-1.438150853E-1,-1.906881481E-1
5.972937741E1,1.299662292E-1,-1.811004728E-1,-2.237123549E-1
5.973461527E1,1.107908785E-1,-2.109287977E-1,-2.503447831E-1
5.973954470E1,9.268083423E-2,-2.396918088E-1,-2.780424953E-1
5.974467428E1,7.989726961E-2,-2.748466134E-1,-3.014790416E-1
5.974972163E1,6.285251677E-2,-3.227849603E-1,-3.131972849E-1
5.975484199E1,3.835069016E-2,-3.771151006E-1,-3.153278828E-1
5.975994241E1,3.195890691E-3,-4.357064366E-1,-3.014790416E-1
5.976492569E1,-2.450183034E-2,-4.644694626E-1,-2.865648866E-1
5.976998731E1,-3.835069016E-2,-4.623388648E-1,-2.801730931E-1
5.977512762E1,-4.048128426E-2,-4.527511895E-1,-2.823036909E-1
5.978027460E1,-4.367717355E-2,-4.506205916E-1,-2.748466134E-1
5.978519934E1,-4.261187837E-2,-4.452941120E-1,-2.524753809E-1
5.979034325E1,-3.941598535E-2,-4.293146729E-1,-2.290388346E-1
5.979538674E1,-3.195890784E-2,-4.101393223E-1,-2.056023031E-1
5.980050549E1,-2.769771963E-2,-3.973557651E-1,-1.779045910E-1
5.980561434E1,-1.811004803E-2,-3.856374919E-1,-1.512721628E-1
5.981073700E1,-3.195890691E-3,-3.792456985E-1,-1.235744432E-1
5.981562070E1,1.597945392E-2,-3.952251673E-1,-1.001379117E-1
5.982069575E1,3.622009605E-2,-4.207922816E-1,-7.670138031E-2
5.982575533E1,7.244019210E-2,-4.261187613E-1,-4.580776766E-2
5.983088185E1,1.118561774E-1,-4.282493591E-1,-1.917534508E-2
5.983590914E1,1.523374617E-1,-4.357064366E-1,1.171826664E-2
5.984113711E1,1.906881481E-1,-4.399676323E-1,4.154657945E-2
5.984609685E1,2.205164731E-1,-4.516859055E-1,6.072192639E-2
5.985130060E1,2.482141852E-1,-4.666000605E-1,7.989726961E-2
5.985638471E1,2.716507316E-1,-4.772530198E-1,9.268083423E-2
5.986133404E1,2.961525619E-1,-4.879060090E-1,1.012032107E-1
5.986637034E1,3.110667169E-1,-4.964283705E-1,1.043990999E-1
5.987137190E1,3.195890784E-1,-5.028201342E-1,1.001379117E-1
5.987672664E1,3.259808719E-1,-5.017548800E-1,8.948494494E-2
5.988155534E1,3.259808719E-1,-4.953630865E-1,7.670138031E-2
5.988675628E1,3.259808719E-1,-4.815142155E-1,6.178722158E-2
5.989165909E1,3.259808719E-1,-4.591429830E-1,4.474247247E-2
5.989697789E1,3.206543922E-1,-4.314452708E-1,2.769771963E-2
5.990179878E1,3.131972849E-1,-4.058781266E-1,1.384885982E-2
5.990695227E1,2.982831299E-1,-3.675274551E-1,-4.261187743E-3
5.991195915E1,2.865648866E-1,-3.387644291E-1,-1.917534508E-2
5.991715925E1,2.780424953E-1,-3.227849603E-1,-3.622009605E-2
5.992224810E1,2.759118974E-1,-3.142625988E-1,-5.859133229E-2
5.992719519E1,2.886954844E-1,-3.121320009E-1,-7.883197069E-2
5.993228753E1,3.131972849E-1,-3.259808719E-1,-9.800732136E-2
5.993757342E1,3.419603109E-1,-3.387644291E-1,-1.203785539E-1
5.994238108E1,3.792456985E-1,-3.472867906E-1,-1.352927089E-1
5.994778550E1,4.218575954E-1,-3.494173884E-1,-1.427497864E-1
5.995265977E1,4.687306583E-1,-3.504827023E-1,-1.438150853E-1
5.995767191E1,5.209302306E-1,-3.472867906E-1,-1.352927089E-1
5.996269129E1,5.763256550E-1,-3.398297131E-1,-1.246397421E-1
5.996779608E1,6.381128430E-1,-3.345032334E-1,-1.118561774E-1
5.997328816E1,7.009654045E-1,-3.302420378E-1,-9.587672353E-2
5.997791743E1,7.595567107E-1,-3.270461559E-1,-7.457078248E-2
5.998309926E1,8.106909394E-1,-3.153278828E-1,-5.539543927E-2
5.998809504E1,8.469110727E-1,-2.993484437E-1,-4.048128426E-2
5.999316452E1,8.703476191E-1,-2.908260524E-1,-2.663242258E-2
5.999816275E1,8.778046966E-1,-2.940219641E-1,-1.384885982E-2
6.000325066E1,8.660864234E-1,-3.089361191E-1,-7.457078435E-3
6.000837322E1,8.351927996E-1,-3.153278828E-1,-7.457078435E-3
6.001337822E1,7.915156484E-1,-3.046749234E-1,-1.065296959E-2
6.001852660E1,7.307937145E-1,-2.854995728E-1,-2.024064213E-2
6.002351957E1,6.626147032E-1,-2.567365468E-1,-3.622009605E-2
6.002885603E1,5.880439281E-1,-2.205164731E-1,-5.433014408E-2
6.003371692E1,5.038854480E-1,-1.885575503E-1,-8.202786744E-2
6.003882754E1,4.239881933E-1,-1.544680595E-1,-1.139867753E-1
6.004383942E1,3.398297131E-1,-1.193132550E-1,-1.427497864E-1
6.004900452E1,2.578018606E-1,-9.268083423E-2,-1.747086942E-1
6.005393051E1,1.832310706E-1,-8.628904819E-2,-2.066676021E-1
6.005929421E1,1.193132550E-1,-8.628904819E-2,-2.364959270E-1
6.006426140E1,5.859133229E-2,-7.776667923E-2,-2.641936541E-1
6.006939203E1,-3.195890691E-3,-5.326484516E-2,-2.950872481E-1
6.007426286E1,-6.604841352E-2,-2.663242258E-2,-3.270461559E-1
6.007951322E1,-1.331621110E-1,-9.587672539E-3,-3.600703776E-1
6.008448333E1,-2.002758235E-1,4.261187743E-3,-3.867027760E-1
6.008972057E1,-2.599324584E-1,2.769771963E-2,-4.080087245E-1
6.009450380E1,-3.121320009E-1,5.326484516E-2,-4.165311158E-1
6.009966021E1,-3.536785841E-1,8.948494494E-2,-4.122699201E-1
6.010471578E1,-3.824416101E-1,1.448803842E-1,-3.994863629E-1
6.011000573E1,-3.877680898E-1,2.226470560E-1,-3.781804144E-1
6.011507161E1,-3.728539348E-1,3.153278828E-1,-3.504827023E-1
6.012001245E1,-3.494173884E-1,4.069434404E-1,-3.004137278E-1
6.012495417E1,-3.185237944E-1,5.177342892E-1,-2.844342887E-1
6.013006614E1,-2.823036909E-1,6.391781569E-1,-2.663242221E-1
6.013509651E1,-2.588671446E-1,7.584913969E-1,-2.354306281E-1
6.014018729E1,-2.439530045E-1,8.788699508E-1,-2.066676021E-1
6.014525370E1,-2.343653291E-1,9.896608591E-1,-1.864269674E-1
6.015041604E1,-2.279735506E-1,1.089798808E0,-1.672516167E-1
6.015547459E1,-2.258429527E-1,1.173957229E0,-1.491415650E-1
6.016069292E1,-2.322347313E-1,1.247462749E0,-1.352927089E-1
6.016516599E1,-2.439530045E-1,1.307119370E0,-1.299662292E-1
6.017063922E1,-2.695201337E-1,1.355057716E0,-1.225091442E-1
6.017564308E1,-3.078708053E-1,1.399800181E0,-1.065296903E-1
6.018102157E1,-3.494173884E-1,1.437085509E0,-9.268083423E-2
6.018582376E1,-3.994863629E-1,1.463717937E0,-8.628904819E-2
6.019092063E1,-4.538165033E-1,1.480762720E0,-7.776667923E-2
6.019597121E1,-5.177342892E-1,1.496742249E0,-6.817900389E-2
6.020109152E1,-5.869786143E-1,1.518048167E0,-6.178722158E-2
6.020627105E1,-6.594188213E-1,1.556398869E0,-5.326484516E-2
6.021126324E1,-7.286630869E-1,1.613924861E0,-3.941598535E-2
6.021595485E1,-7.904503345E-1,1.688495636E0,-2.130593918E-2
6.022148287E1,-8.330622315E-1,1.781176448E0,2.130593872E-3
6.022644459E1,-8.490416408E-1,1.894097924E0,2.343653329E-2
6.023153454E1,-8.362581134E-1,2.031521320E0,3.941598535E-2
6.023654907E1,-7.936462164E-1,2.183858633E0,5.326484516E-2
6.024193704E1,-7.212060094E-1,2.344718456E0,5.965662748E-2
6.024673762E1,-6.295905113E-1,2.491729498E0,5.113425106E-2
6.025181663E1,-5.443667173E-1,2.590802193E0,4.793836176E-2
6.025714356E1,-4.974936545E-1,2.628087521E0,6.178722158E-2
6.026197678E1,-4.932324886E-1,2.606781721E0,7.989726961E-2
6.026694840E1,-5.070813298E-1,2.552451372E0,1.086602882E-1
6.027212361E1,-5.369096398E-1,2.472554207E0,1.523374617E-1
6.027708845E1,-5.901744962E-1,2.364959240E0,2.066676021E-1
6.028249220E1,-6.594188213E-1,2.231796980E0,2.578018606E-1
6.028727929E1,-7.254672050E-1,2.107157230E0,3.142625988E-1
6.029253429E1,-7.968420982E-1,2.025129557E0,3.845722079E-1
6.029739455E1,-8.767393827E-1,1.984648228E0,4.495553076E-1
6.030247762E1,-9.630284309E-1,1.980386972E0,5.187996030E-1
6.030754611E1,-1.058905125E0,1.981452346E0,5.837827325E-1
6.031268929E1,-1.175022483E0,1.965472817E0,6.295905113E-1
6.031767226E1,-1.303923488E0,1.933513880E0,6.572881937E-1
6.032281309E1,-1.420040846E0,1.888771415E0,6.562229395E-1
6.032780789E1,-1.513786912E0,1.831245422E0,6.381128430E-1
6.033310867E1,-1.586227179E0,1.743891120E0,6.189374924E-1
6.033808773E1,-1.627773762E0,1.623512506E0,5.965662599E-1
6.034327934E1,-1.632034898E0,1.489285111E0,5.592808723E-1
6.034823794E1,-1.597945452E0,1.376363635E0,5.070813298E-1
6.035331289E1,-1.532962322E0,1.295401096E0,4.538165033E-1
6.035827471E1,-1.463717937E0,1.252789140E0,4.058781266E-1
6.036332419E1,-1.395539045E0,1.231483221E0,3.685927391E-1
6.036842154E1,-1.324164033E0,1.211242557E0,3.398297131E-1
6.037352346E1,-1.244266868E0,1.184610248E0,3.174584806E-1
6.037868622E1,-1.172891974E0,1.136671782E0,2.972178459E-1
6.038365628E1,-1.107908845E0,1.070623398E0,2.748466134E-1
6.038863773E1,-1.036533952E0,9.917914271E-1,2.578018606E-1
6.039386388E1,-9.640937448E-1,9.012411833E-1,2.492794842E-1
6.039881753E1,-8.948494196E-1,8.064298034E-1,2.503447831E-1
6.040411232E1,-8.256051540E-1,7.212060094E-1,2.482141852E-1
6.040925279E1,-7.744708657E-1,6.413087845E-1,2.418224066E-1
6.041412461E1,-7.339895964E-1,5.646073818E-1,2.301041335E-1
6.041915243E1,-6.988347769E-1,4.900365770E-1,2.258429527E-1
6.042450071E1,-6.668758988E-1,4.186616838E-1,2.237123549E-1
6.042927347E1,-6.327863932E-1,3.504827023E-1,2.258429527E-1
6.043452352E1,-6.104151607E-1,2.918913662E-1,2.322347313E-1
6.043937654E1,-5.976315737E-1,2.535406649E-1,2.407571077E-1
6.044466977E1,-5.848480463E-1,2.375612110E-1,2.407571077E-1
6.044954607E1,-5.752603412E-1,2.226470560E-1,2.418224066E-1
6.045461248E1,-5.614115000E-1,1.981452256E-1,2.396918088E-1
6.045966311E1,-5.326484442E-1,1.693822145E-1,2.333000302E-1
6.046475113E1,-4.921671748E-1,1.352927089E-1,2.269082516E-1
6.046999056E1,-4.431635141E-1,1.054643989E-1,2.109287977E-1
6.047493248E1,-3.867027760E-1,6.178722158E-2,1.896228492E-1
6.047994394E1,-3.227849603E-1,2.130593872E-3,1.661863178E-1
6.048506300E1,-2.588671446E-1,-4.900366068E-2,1.406191885E-1
6.049006894E1,-2.034717202E-1,-9.800732136E-2,1.118561774E-1
6.049534410E1,-1.512721628E-1,-1.534027606E-1,8.522375673E-2
6.050004467E1,-1.001379117E-1,-2.045370042E-1,6.391781569E-2
6.050514301E1,-5.646073818E-2,-2.567365468E-1,5.113425106E-2
6.051034556E1,-1.597945392E-2,-3.174584806E-1,4.048128426E-2
6.051562827E1,2.769771963E-2,-3.717886209E-1,1.597945392E-2
6.052069968E1,7.137489319E-2,-4.282493591E-1,-5.326484796E-3
6.052565405E1,1.054643989E-1,-4.847100973E-1,-2.556712553E-2
6.053075296E1,1.225091442E-1,-5.251913667E-1,-4.261187837E-2
6.053577837E1,1.235744432E-1,-5.454320312E-1,-5.433014408E-2
6.054077858E1,1.150520667E-1,-5.678032637E-1,-6.391781569E-2
6.054593572E1,1.012032107E-1,-5.859133005E-1,-7.244019210E-2
6.055092504E1,8.309315890E-2,-5.859133005E-1,-7.989726961E-2
6.055604593E1,7.457078248E-2,-5.763256550E-1,-7.883197069E-2
6.056110723E1,6.072192639E-2,-5.496932268E-1,-7.350549102E-2
6.056643332E1,3.408950195E-2,-5.006895661E-1,-5.859133229E-2
6.057147833E1,0.000000000E0,-4.463594258E-1,-3.408950195E-2
6.057642864E1,-4.048128426E-2,-3.771151006E-1,-8.522375487E-3
6.058141890E1,-7.989726961E-2,-2.972178459E-1,2.450183034E-2
6.058657072E1,-9.587672353E-2,-2.354306281E-1,6.072192639E-2
6.059160510E1,-9.268083423E-2,-2.205164731E-1,8.841964602E-2
6.059663671E1,-8.309315890E-2,-2.279735506E-1,9.587672353E-2
6.060165078E1,-7.244019210E-2,-2.503447831E-1,8.309315890E-2
6.060689083E1,-7.989726961E-2,-2.823036909E-1,5.326484516E-2
6.061201354E1,-1.054643989E-1,-3.025443256E-1,1.917534508E-2
6.061703713E1,-1.427497864E-1,-2.972178459E-1,-1.384885982E-2
6.062191484E1,-1.906881481E-1,-2.641936541E-1,-3.941598535E-2
6.062705260E1,-2.301041335E-1,-2.226470560E-1,-5.006895587E-2
6.063222963E1,-2.556712627E-1,-1.864269674E-1,-5.752603337E-2
6.063735979E1,-2.759118974E-1,-1.502068639E-1,-6.817900389E-2
6.064224500E1,-2.908260524E-1,-1.171826646E-1,-8.202786744E-2
6.064735135E1,-3.025443256E-1,-7.776667923E-2,-1.033338010E-1
6.065235995E1,-3.195890784E-1,-3.941598535E-2,-1.257050335E-1
6.065746552E1,-3.408950269E-1,5.326484796E-3,-1.331621110E-1
6.066250318E1,-3.600703776E-1,5.965662748E-2,-1.299662292E-1
6.066759464E1,-3.717886209E-1,1.022685021E-1,-1.118561774E-1
6.067271823E1,-3.696580231E-1,1.012032107E-1,-7.776667923E-2
6.067775416E1,-3.387644291E-1,5.433014408E-2,-4.154657945E-2
6.068273329E1,-2.588671446E-1,-2.663242258E-2,-2.024064213E-2
6.068824214E1,-1.800351888E-1,-1.278356314E-1,-2.237123623E-2
6.069300355E1,-1.182479635E-1,-2.386265099E-1,-3.728539124E-2
6.069800542E1,-7.030959427E-2,-3.611356616E-1,-4.048128426E-2
6.070307448E1,-4.580776766E-2,-4.900365770E-1,-8.522375487E-3
6.070824964E1,-3.408950195E-2,-6.082845330E-1,5.219954997E-2
6.071316761E1,-2.663242258E-2,-7.222713232E-1,1.129214764E-1
6.071841355E1,-2.982831374E-2,-8.224092126E-1,1.608598381E-1
6.072341443E1,-5.113425106E-2,-8.767393827E-1,2.098634988E-1
6.072853209E1,-9.268083423E-2,-8.469110727E-1,2.588671446E-1
6.073339647E1,-1.534027606E-1,-7.307937145E-1,3.110667169E-1
6.073880818E1,-2.077329010E-1,-5.678032637E-1,3.622009456E-1
6.074367678E1,-2.396918088E-1,-4.197269976E-1,4.090740085E-1
6.074878923E1,-2.354306281E-1,-3.068055212E-1,4.452941120E-1
6.075374980E1,-1.874922663E-1,-2.450182885E-1,4.751224220E-1
6.075895350E1,-1.022685021E-1,-2.311694324E-1,4.921671748E-1
6.076411538E1,1.917534508E-2,-2.780424953E-1,4.900365770E-1
6.076902418E1,1.629904360E-1,-4.026822448E-1,4.538165033E-1
6.077409668E1,3.163931966E-1,-6.008274555E-1,3.920292854E-1
6.077924480E1,4.676653445E-1,-8.298662901E-1,3.217196763E-1
6.078426158E1,6.146763563E-1,-1.048252225E0,2.407571077E-1
6.078935251E1,7.520996332E-1,-1.205916166E0,1.640557349E-1
6.079449173E1,8.703476191E-1,-1.300727606E0,1.075949892E-1
6.079948595E1,9.523754716E-1,-1.364645362E0,6.072192639E-2
6.080448798E1,9.822037816E-1,-1.398734927E0,1.917534508E-2
6.080977262E1,9.640937448E-1,-1.381690145E0,-3.728539124E-2
6.081460684E1,9.182859659E-1,-1.315641761E0,-1.107908785E-1
6.081975632E1,8.458457589E-1,-1.218699694E0,-1.896228492E-1
6.082485668E1,7.829932570E-1,-1.092994690E0,-2.588671446E-1
6.082998314E1,7.297284007E-1,-9.630284309E-1,-3.046749234E-1
6.083492887E1,6.935083270E-1,-8.543681502E-1,-3.185237944E-1
6.084006481E1,6.881818175E-1,-7.702096701E-1,-3.153278828E-1
6.084528127E1,7.116183639E-1,-7.286630869E-1,-3.153278828E-1
6.085070106E1,7.520996332E-1,-7.212060094E-1,-3.249155581E-1
6.085526367E1,8.000379801E-1,-7.393160462E-1,-3.376991153E-1
6.086034794E1,8.469110727E-1,-7.787320614E-1,-3.494173884E-1
6.086547257E1,8.884576559E-1,-8.319969177E-1,-3.590050638E-1
6.087052778E1,9.161553383E-1,-8.937841058E-1,-3.717886209E-1
6.087562940E1,9.129594564E-1,-9.598325491E-1,-3.792456985E-1
6.088062664E1,8.767393827E-1,-1.014162660E0,-3.898986876E-1
6.088565956E1,8.149521351E-1,-1.042925715E0,-4.058781266E-1
6.089085742E1,7.297284007E-1,-1.036533952E0,-4.175963998E-1
6.089584976E1,6.349169612E-1,-9.971179366E-1,-4.218575954E-1
6.090095794E1,5.401055217E-1,-9.332001209E-1,-4.218575954E-1
6.090606617E1,4.484900236E-1,-8.703476191E-1,-4.122699201E-1
6.091105638E1,3.653968573E-1,-8.330622315E-1,-3.909639716E-1
6.091615409E1,3.014790416E-1,-8.181480169E-1,-3.653968573E-1
6.092126904E1,2.599324584E-1,-8.160174489E-1,-3.440909088E-1
6.092621383E1,2.439530045E-1,-8.213439584E-1,-3.153278828E-1
6.093141076E1,2.450182885E-1,-8.224092126E-1,-2.854995728E-1
6.093635987E1,2.546059787E-1,-8.213439584E-1,-2.492794842E-1
6.094151675E1,2.716507316E-1,-8.319969177E-1,-2.098634988E-1
6.094654456E1,2.886954844E-1,-8.426498771E-1,-1.757739931E-1
6.095132904E1,3.004137278E-1,-8.479763865E-1,-1.480762810E-1
6.095664769E1,3.068055212E-1,-8.586293459E-1,-1.267703325E-1
6.096181279E1,3.025443256E-1,-8.756740689E-1,-1.161173657E-1
6.096675800E1,2.961525619E-1,-8.969800472E-1,-1.075949892E-1
6.097208399E1,2.897607684E-1,-9.108288884E-1,-1.033338010E-1
6.097714134E1,2.716507316E-1,-9.129594564E-1,-1.043990999E-1
6.098209753E1,2.524753809E-1,-9.012411833E-1,-1.097255871E-1
6.098705425E1,2.269082516E-1,-8.969800472E-1,-1.214438528E-1
6.099217733E1,2.024064213E-1,-9.033718109E-1,-1.363580078E-1
6.099725946E1,1.715128124E-1,-9.193512797E-1,-1.523374617E-1
6.100252993E1,1.331621110E-1,-9.363960028E-1,-1.608598381E-1
6.100739613E1,8.948494494E-2,-9.449183941E-1,-1.608598381E-1
6.101244347E1,3.408950195E-2,-9.385265708E-1,-1.693822145E-1
6.101752025E1,-2.237123623E-2,-9.097635746E-1,-1.757739931E-1
6.102238056E1,-7.457078248E-2,-8.650211096E-1,-1.789698899E-1
6.102764113E1,-1.139867753E-1,-8.021686077E-1,-1.725780964E-1
6.103307342E1,-1.416844875E-1,-7.222713232E-1,-1.619251370E-1
6.103779452E1,-1.565986425E-1,-6.477005482E-1,-1.448803842E-1
6.104298811E1,-1.544680595E-1,-5.720644593E-1,-1.118561774E-1
6.104796369E1,-1.480762810E-1,-5.028201342E-1,-7.350549102E-2
6.105305551E1,-1.395539045E-1,-4.431635141E-1,-4.367717355E-2
6.105812196E1,-1.246397421E-1,-3.888333738E-1,-2.876301669E-2
6.106315666E1,-9.694202244E-2,-3.430256248E-1,-1.917534508E-2
6.106836494E1,-5.965662748E-2,-3.057402074E-1,-9.587672539E-3
6.107344832E1,-1.917534508E-2,-2.748466134E-1,1.065296936E-3
6.107838812E1,1.597945392E-2,-2.524753809E-1,4.261187743E-3
6.108359843E1,5.006895587E-2,-2.386265099E-1,3.195890691E-3
6.108861307E1,8.522375673E-2,-2.343653291E-1,2.130593872E-3
6.109364317E1,1.161173657E-1,-2.386265099E-1,2.130593872E-3
6.109873239E1,1.438150853E-1,-2.503447831E-1,1.065296936E-3
6.110374468E1,1.757739931E-1,-2.727160156E-1,-3.195890691E-3
6.110911275E1,2.066676021E-1,-3.014790416E-1,-1.065296959E-2
6.111394463E1,2.407571077E-1,-3.334379494E-1,-1.917534508E-2
6.111894562E1,2.737812996E-1,-3.664621413E-1,-2.450183034E-2
6.112405838E1,2.993484437E-1,-3.898986876E-1,-3.195890784E-2
6.112900828E1,3.227849603E-1,-4.016169310E-1,-3.728539124E-2
6.113434250E1,3.440909088E-1,-4.133352041E-1,-3.941598535E-2
6.113920187E1,3.622009456E-1,-4.207922816E-1,-4.261187837E-2
6.114436036E1,3.728539348E-1,-4.271840751E-1,-4.580776766E-2
6.114940468E1,3.824416101E-1,-4.389023483E-1,-5.006895587E-2
6.115466797E1,3.962904513E-1,-4.442288280E-1,-5.539543927E-2
6.115953318E1,4.080087245E-1,-4.420982301E-1,-6.072192639E-2
6.116487625E1,4.229228795E-1,-4.346411526E-1,-6.817900389E-2
6.116967536E1,4.399676323E-1,-4.346411526E-1,-7.776667923E-2
6.117485448E1,4.538165033E-1,-4.452941120E-1,-9.055023640E-2
6.117988068E1,4.580776691E-1,-4.793836176E-1,-9.800732136E-2
6.118493245E1,4.516859055E-1,-5.390402675E-1,-9.800732136E-2
6.118991917E1,4.293146729E-1,-6.242640018E-1,-8.522375673E-2
6.119506922E1,4.090740085E-1,-7.030959725E-1,-5.539543927E-2
6.120009823E1,4.048128426E-1,-7.457078695E-1,-3.728539124E-2
6.120535224E1,4.069434404E-1,-7.606220245E-1,-4.048128426E-2
6.121028724E1,4.197269976E-1,-7.382507920E-1,-5.965662748E-2
6.121532375E1,4.452941120E-1,-6.903123856E-1,-7.883197069E-2
6.122033698E1,4.729918540E-1,-6.359822750E-1,-8.735434711E-2
6.122552948E1,4.996242523E-1,-5.795215368E-1,-9.374613315E-2
6.123046490E1,5.198649168E-1,-5.198649168E-1,-9.694202244E-2
6.123578527E1,5.262566805E-1,-4.687306583E-1,-9.587672353E-2
6.124059100E1,5.230607986E-1,-4.495553076E-1,-9.587672353E-2
6.124578016E1,5.102772117E-1,-4.793836176E-1,-1.022685021E-1
6.125079621E1,4.932324886E-1,-5.646073818E-1,-1.065296903E-1
6.125597709E1,5.049507618E-1,-6.455699205E-1,-1.065296903E-1
6.126105881E1,5.273219943E-1,-7.052266002E-1,-1.257050335E-1
6.126604168E1,5.433014631E-1,-7.467731237E-1,-1.438150853E-1
6.127117907E1,5.518237948E-1,-7.595567107E-1,-1.544680595E-1
6.127619006E1,5.518237948E-1,-7.446425557E-1,-1.565986425E-1
6.128120725E1,5.518237948E-1,-6.999000907E-1,-1.587292403E-1
6.128638376E1,5.528891087E-1,-6.327863932E-1,-1.608598381E-1
6.129138069E1,5.528891087E-1,-5.539544225E-1,-1.555333585E-1
6.129649173E1,5.528891087E-1,-4.634041786E-1,-1.470109820E-1
6.130149163E1,5.518237948E-1,-3.760498166E-1,-1.310315281E-1
6.130665558E1,5.496932268E-1,-3.036096394E-1,-1.097255871E-1
6.131171647E1,5.390402675E-1,-2.524753809E-1,-9.161553532E-2
6.131681069E1,5.273219943E-1,-2.109287977E-1,-8.415845782E-2
6.132179871E1,5.145384073E-1,-1.768392920E-1,-8.096256852E-2
6.132691345E1,5.006895661E-1,-1.427497864E-1,-8.735434711E-2
6.133188502E1,4.879060090E-1,-1.182479635E-1,-9.694202244E-2
6.133703892E1,4.825794995E-1,-9.907261282E-2,-1.107908785E-1
6.134207220E1,4.740571380E-1,-9.055023640E-2,-1.214438528E-1
6.134718658E1,4.644694626E-1,-9.268083423E-2,-1.267703325E-1
6.135225033E1,4.548817873E-1,-9.694202244E-2,-1.342274100E-1
6.135732674E1,4.442288280E-1,-9.268083423E-2,-1.448803842E-1
6.136242788E1,4.303799570E-1,-8.841964602E-2,-1.534027606E-1
6.136762903E1,4.112046063E-1,-8.202786744E-2,-1.576639414E-1
6.137256434E1,3.994863629E-1,-5.859133229E-2,-1.629904360E-1
6.137762840E1,3.888333738E-1,-2.130593918E-2,-1.651210189E-1
6.138283263E1,3.643315434E-1,1.704475097E-2,-1.789698899E-1
6.138778669E1,3.313073516E-1,4.261187837E-2,-2.151899785E-1
6.139325570E1,2.844342887E-1,3.622009605E-2,-2.514100671E-1
6.139798825E1,2.226470560E-1,1.597945392E-2,-2.908260524E-1
6.140307544E1,1.512721628E-1,3.195890691E-3,-3.313073516E-1
6.140816513E1,7.137489319E-2,5.326484796E-3,-3.739192188E-1
6.141311169E1,-1.597945392E-2,2.769771963E-2,-4.122699201E-1
6.141822799E1,-1.065296903E-1,7.030959427E-2,-4.218575954E-1
6.142328706E1,-1.896228492E-1,1.267703325E-1,-4.325105548E-1
6.142949221E1,-2.620630562E-1,2.066676021E-1,-4.932324886E-1
6.143340800E1,-3.291767538E-1,2.780424953E-1,-5.560849905E-1
6.143843768E1,-3.685927391E-1,3.856374919E-1,-5.433014631E-1
6.144350846E1,-3.994863629E-1,5.060160160E-1,-4.953630865E-1
6.144859211E1,-4.378370345E-1,6.050886512E-1,-4.399676323E-1
6.145366378E1,-4.655347466E-1,7.137489319E-1,-4.080087245E-1
6.145890482E1,-4.868406951E-1,8.394539952E-1,-3.547438681E-1
6.146380690E1,-5.145384073E-1,9.843343496E-1,-2.823036909E-1
6.146864836E1,-5.454320312E-1,1.146259546E0,-2.194511741E-1
6.147395128E1,-5.816521049E-1,1.320968151E0,-1.576639414E-1
6.147901711E1,-6.231986880E-1,1.491415739E0,-9.694202244E-2
6.148402545E1,-6.743329763E-1,1.642687917E0,-3.728539124E-2
6.148931493E1,-7.307937145E-1,1.769458175E0,2.024064213E-2
6.149418415E1,-7.797973752E-1,1.869596124E0,6.072192639E-2
6.149928946E1,-8.181480169E-1,1.933513880E0,8.202786744E-2
6.150452644E1,-8.298662901E-1,1.987844110E0,8.202786744E-2
6.150942514E1,-8.128215671E-1,2.037913084E0,7.030959427E-2
6.151455847E1,-7.638179064E-1,2.085851431E0,5.326484516E-2
6.151995410E1,-6.860512495E-1,2.140181541E0,4.154657945E-2
6.152465144E1,-6.018927693E-1,2.193446398E0,3.835069016E-2
6.152973806E1,-5.198649168E-1,2.243515253E0,2.982831374E-2
6.153482826E1,-4.506205916E-1,2.297845602E0,1.278356276E-2
6.153987952E1,-3.888333738E-1,2.350044966E0,-9.587672539E-3
6.154501488E1,-3.227849603E-1,2.371351004E0,-2.663242258E-2
6.155008926E1,-2.578018606E-1,2.353240967E0,-2.556712553E-2
6.155511025E1,-2.024064213E-1,2.296780109E0,-1.491415687E-2
6.156029634E1,-1.555333585E-1,2.215817690E0,-2.130593872E-3
6.156522040E1,-1.214438528E-1,2.135920286E0,1.597945392E-2
6.157034197E1,-9.268083423E-2,2.058153629E0,4.900366068E-2
6.157540681E1,-7.563608140E-2,1.976125836E0,1.043990999E-1
6.158047796E1,-7.457078248E-2,1.887706161E0,1.853616685E-1
6.158556509E1,-8.948494494E-2,1.803547740E0,2.812383771E-1
6.159058546E1,-9.161553532E-2,1.766262293E0,3.568744659E-1
6.159568884E1,-8.415845782E-2,1.786502957E0,4.016169310E-1
6.160100895E1,-7.670138031E-2,1.845094323E0,4.357064366E-1
6.160587890E1,-8.948494494E-2,1.909012079E0,4.751224220E-1
6.161091952E1,-1.289009303E-1,1.967603445E0,5.134730935E-1
6.161593187E1,-1.960146427E-1,2.025129557E0,5.358443856E-1
6.162116718E1,-2.833689749E-1,2.078394413E0,5.401055217E-1
6.162614307E1,-3.792456985E-1,2.122071505E0,5.305178761E-1
6.163130848E1,-4.804489315E-1,2.124202013E0,5.134730935E-1
6.163585619E1,-5.731297731E-1,2.072002649E0,4.921671748E-1
6.164106119E1,-6.594188213E-1,1.996366501E0,4.697959423E-1
6.164631281E1,-7.542302012E-1,1.882379651E0,4.410329461E-1
6.165184838E1,-8.319969177E-1,1.734303355E0,4.090740085E-1
6.165648750E1,-8.873923421E-1,1.596880078E0,3.739192188E-1
6.166162796E1,-9.257430434E-1,1.507395148E0,3.408950269E-1
6.166662583E1,-9.395918846E-1,1.473305702E0,2.972178459E-1
6.167178906E1,-9.289389253E-1,1.456260920E0,2.503447831E-1
6.167687328E1,-8.980453014E-1,1.405126691E0,2.077329010E-1
6.168188604E1,-8.682169914E-1,1.311380506E0,1.736433953E-1
6.168691812E1,-8.469110727E-1,1.183544874E0,1.459456831E-1
6.169206177E1,-8.266704082E-1,1.029076815E0,1.299662292E-1
6.169706125E1,-8.042991757E-1,8.692823052E-1,1.182479635E-1
6.170214229E1,-7.734055519E-1,7.244018912E-1,9.907261282E-2
6.170718734E1,-7.520996332E-1,5.859133005E-1,7.030959427E-2
6.171229360E1,-7.435772419E-1,4.612735808E-1,4.154657945E-2
6.171734860E1,-7.382507920E-1,3.707233369E-1,2.343653329E-2
6.172248287E1,-7.531649470E-1,3.195890784E-1,5.326484796E-3
6.172767901E1,-7.691444159E-1,2.727160156E-1,-1.278356276E-2
6.173257719E1,-7.638179064E-1,2.269082516E-1,-1.811004803E-2
6.173775167E1,-7.457078695E-1,1.832310706E-1,-1.597945392E-2
6.174275657E1,-7.254672050E-1,1.267703325E-1,-2.130593918E-2
6.174779058E1,-7.052266002E-1,6.604841352E-2,-3.195890784E-2
6.175286704E1,-6.849859357E-1,6.391781382E-3,-4.474247247E-2
6.175792459E1,-6.615493894E-1,-6.178722158E-2,-6.817900389E-2
6.176324100E1,-6.295905113E-1,-1.320968270E-1,-9.800732136E-2
6.176806360E1,-6.018927693E-1,-2.109287977E-1,-1.214438528E-1
6.177321777E1,-5.763256550E-1,-2.886954844E-1,-1.502068639E-1
6.177834376E1,-5.411708355E-1,-3.685927391E-1,-1.779045910E-1
6.178346610E1,-4.964283705E-1,-4.591429830E-1,-1.970799267E-1
6.178839277E1,-4.452941120E-1,-5.550196767E-1,-2.119940966E-1
6.179343636E1,-3.920292854E-1,-6.477005482E-1,-2.290388346E-1
6.179850136E1,-3.366338313E-1,-7.307937145E-1,-2.450182885E-1
6.180363152E1,-2.769772112E-1,-8.064298034E-1,-2.588671446E-1
6.180873199E1,-2.173205763E-1,-8.788699508E-1,-2.737812996E-1
6.181376928E1,-1.555333585E-1,-9.417225122E-1,-2.876301706E-1
6.181897954E1,-9.907261282E-2,-9.939220548E-1,-2.961525619E-1
6.182400611E1,-5.326484516E-2,-1.033338070E0,-2.993484437E-1
6.182889835E1,-1.278356276E-2,-1.058905125E0,-2.982831299E-1
6.183407132E1,2.556712553E-2,-1.071688771E0,-2.865648866E-1
6.183904137E1,4.367717355E-2,-1.078080535E0,-2.705854177E-1
6.184440371E1,3.089361079E-2,-1.069558144E0,-2.599324584E-1
6.184915694E1,-3.195890691E-3,-1.034403324E0,-2.556712627E-1
6.185429569E1,-4.261187837E-2,-9.832690954E-1,-2.609977424E-1
6.185935017E1,-8.415845782E-2,-9.342654347E-1,-2.727160156E-1
6.186458549E1,-1.171826646E-1,-8.980453014E-1,-2.918913662E-1
6.186952684E1,-1.608598381E-1,-8.692823052E-1,-3.153278828E-1
6.187447413E1,-2.151899785E-1,-8.181480169E-1,-3.345032334E-1
6.187972392E1,-2.535406649E-1,-7.435772419E-1,-3.408950269E-1
6.188477179E1,-2.769772112E-1,-6.572881937E-1,-3.376991153E-1
6.188977460E1,-2.929566503E-1,-5.656726956E-1,-3.504827023E-1
6.189491398E1,-3.206543922E-1,-4.793836176E-1,-3.845722079E-1
6.189995981E1,-3.590050638E-1,-3.952251673E-1,-4.144005179E-1
6.190508971E1,-3.920292854E-1,-3.259808719E-1,-4.239881933E-1
6.191007487E1,-4.080087245E-1,-2.748466134E-1,-4.218575954E-1
6.191523372E1,-4.080087245E-1,-2.343653291E-1,-4.154658020E-1
6.191985497E1,-4.005516469E-1,-2.056023031E-1,-4.090740085E-1
6.192530700E1,-3.824416101E-1,-1.683169156E-1,-4.048128426E-1
6.193034711E1,-3.643315434E-1,-1.150520667E-1,-4.037475288E-1
6.193564711E1,-3.504827023E-1,-6.178722158E-2,-3.962904513E-1
6.194049258E1,-3.366338313E-1,-2.556712553E-2,-3.792456985E-1
6.194556758E1,-3.270461559E-1,-1.917534508E-2,-3.579397798E-1
6.195061924E1,-3.206543922E-1,-5.752603337E-2,-3.270461559E-1
6.195588315E1,-3.078708053E-1,-1.427497864E-1,-2.950872481E-1
6.196081836E1,-2.876301706E-1,-2.492794842E-1,-2.620630562E-1
6.196586831E1,-2.609977424E-1,-3.408950269E-1,-2.205164731E-1
6.197091617E1,-2.226470560E-1,-4.154658020E-1,-1.640557349E-1
6.197612419E1,-1.715128124E-1,-4.506205916E-1,-8.309315890E-2
6.198127190E1,-1.161173657E-1,-4.357064366E-1,2.982831374E-2
6.198626008E1,-7.563608140E-2,-4.378370345E-1,1.821657717E-1
6.199129300E1,-5.006895587E-2,-5.486279130E-1,3.781804144E-1
6.199630097E1,-3.728539124E-2,-7.297284007E-1,5.795215368E-1
6.200137816E1,-4.474247247E-2,-8.522375226E-1,7.510343194E-1
6.200649060E1,-6.711370498E-2,-8.000379801E-1,8.724781871E-1
6.201153040E1,-1.246397421E-1,-5.550196767E-1,9.257430434E-1
6.201668232E1,-2.439530045E-1,-1.640557349E-1,8.863270283E-1
6.202170222E1,-3.856374919E-1,2.929566503E-1,7.808626294E-1
6.202696436E1,-4.761877358E-1,6.562229395E-1,7.393160462E-1
6.203196675E1,-4.836448133E-1,7.648832202E-1,7.744708657E-1
6.203703144E1,-3.941598535E-1,6.455699205E-1,7.819279432E-1
6.204205962E1,-2.247776538E-1,4.314452708E-1,7.297284007E-1
6.204708087E1,-2.769771963E-2,2.109287977E-1,6.391781569E-1
6.205210394E1,1.597945392E-1,1.065296936E-3,5.209302306E-1
6.205720983E1,3.376991153E-1,-2.205164731E-1,3.845722079E-1
6.206232566E1,5.006895661E-1,-4.602082670E-1,2.460835874E-1
6.206760936E1,6.530269980E-1,-7.073571682E-1,1.118561774E-1
6.207235900E1,8.000379801E-1,-9.608978629E-1,-1.811004803E-2
6.207752233E1,9.150900841E-1,-1.209112048E0,-1.416844875E-1
6.208253822E1,9.896608591E-1,-1.433889627E0,-2.450182885E-1
6.208761170E1,1.018423915E0,-1.608598351E0,-3.238502741E-1
6.209275504E1,1.004575014E0,-1.722585201E0,-3.856374919E-1
6.209788457E1,9.513101578E-1,-1.771588802E0,-4.431635141E-1
6.210274952E1,8.810005784E-1,-1.763066411E0,-5.006895661E-1
6.210792337E1,8.011032939E-1,-1.707671046E0,-5.550196767E-1
6.211317056E1,7.201407552E-1,-1.607533097E0,-5.997622013E-1
6.211801129E1,6.434393525E-1,-1.495676875E0,-6.327863932E-1
6.212304218E1,5.827174187E-1,-1.369971871E0,-6.540923119E-1
6.212814718E1,5.347790718E-1,-1.228287339E0,-6.572881937E-1
6.213331098E1,4.974936545E-1,-1.092994690E0,-6.508964300E-1
6.213832958E1,4.697959423E-1,-9.790078998E-1,-6.391781569E-1
6.214334494E1,4.570123851E-1,-8.905882239E-1,-6.072192788E-1
6.214850619E1,4.612735808E-1,-8.202786446E-1,-5.688685775E-1
6.215343421E1,4.708612561E-1,-7.734055519E-1,-5.294525623E-1
6.215860213E1,4.825794995E-1,-7.510343194E-1,-4.900365770E-1
6.216364802E1,4.879060090E-1,-7.457078695E-1,-4.495553076E-1
6.216887682E1,4.868406951E-1,-7.478384376E-1,-4.165311158E-1
6.217391546E1,4.740571380E-1,-7.457078695E-1,-3.930945694E-1
6.217890026E1,4.580776691E-1,-7.382507920E-1,-3.813762963E-1
6.218395364E1,4.495553076E-1,-7.084224820E-1,-3.664621413E-1
6.218908896E1,4.484900236E-1,-6.817900538E-1,-3.504827023E-1
6.219405406E1,4.516859055E-1,-6.658105850E-1,-3.376991153E-1
6.219921984E1,4.676653445E-1,-6.381128430E-1,-3.227849603E-1
6.220419927E1,5.038854480E-1,-6.008274555E-1,-3.025443256E-1
6.220929568E1,5.582156181E-1,-5.539544225E-1,-2.823036909E-1
6.221435547E1,6.263945699E-1,-5.102772117E-1,-2.599324584E-1
6.221964594E1,7.020306587E-1,-4.804489315E-1,-2.418224066E-1
6.222458662E1,7.766014934E-1,-4.719265401E-1,-2.311694324E-1
6.222959562E1,8.415845633E-1,-4.729918540E-1,-2.087981999E-1
6.223464771E1,8.884576559E-1,-4.793836176E-1,-1.757739931E-1
6.223981901E1,9.214818478E-1,-4.580776691E-1,-1.395539045E-1
6.224478589E1,9.353306890E-1,-4.271840751E-1,-1.054643989E-1
6.224988578E1,9.353306890E-1,-4.005516469E-1,-6.711370498E-2
6.225504532E1,9.268083572E-1,-3.824416101E-1,-3.408950195E-2
6.225999880E1,9.118942022E-1,-3.749845326E-1,-1.278356276E-2
6.226508584E1,8.905882239E-1,-3.717886209E-1,-5.326484796E-3
6.227019985E1,8.618252277E-1,-3.685927391E-1,-7.457078435E-3
6.227520579E1,8.256051540E-1,-3.622009456E-1,-1.704475097E-2
6.228030542E1,7.797973752E-1,-3.536785841E-1,-3.302420676E-2
6.228530016E1,7.329242826E-1,-3.462215066E-1,-5.219954997E-2
6.229042688E1,6.903123856E-1,-3.408950269E-1,-6.924430281E-2
6.229547944E1,6.540923119E-1,-3.366338313E-1,-8.309315890E-2
6.230065318E1,6.274598837E-1,-3.291767538E-1,-9.161553532E-2
6.230572407E1,6.040233374E-1,-3.345032334E-1,-9.694202244E-2
6.231081584E1,5.741950274E-1,-3.547438681E-1,-1.001379117E-1
6.231580147E1,5.337137580E-1,-3.771151006E-1,-9.481142461E-2
6.232092902E1,4.857754111E-1,-3.781804144E-1,-8.628904819E-2
6.232589626E1,4.357064366E-1,-3.547438681E-1,-7.244019210E-2
6.233103621E1,3.835068941E-1,-3.014790416E-1,-6.498311460E-2
6.233604871E1,3.355685472E-1,-2.439530045E-1,-6.178722158E-2
6.234112746E1,2.876301706E-1,-1.938840449E-1,-5.965662748E-2
6.234641772E1,2.428877056E-1,-1.502068639E-1,-5.752603337E-2
6.235134746E1,2.130593807E-1,-1.193132550E-1,-5.965662748E-2
6.235635178E1,1.992105246E-1,-1.086602882E-1,-6.391781569E-2
6.236156876E1,1.917534471E-1,-1.331621110E-1,-6.924430281E-2
6.236654788E1,1.896228492E-1,-1.725780964E-1,-7.350549102E-2
6.237125481E1,1.970799267E-1,-2.098634988E-1,-7.350549102E-2
6.237649715E1,2.024064213E-1,-2.514100671E-1,-6.711370498E-2
6.238178048E1,1.981452256E-1,-2.972178459E-1,-6.285251677E-2
6.238684512E1,1.874922663E-1,-3.366338313E-1,-6.178722158E-2
6.239190705E1,1.811004728E-1,-3.696580231E-1,-5.539543927E-2
6.239689627E1,1.757739931E-1,-3.941598535E-1,-4.580776766E-2
6.240217335E1,1.683169156E-1,-4.122699201E-1,-3.835069016E-2
6.240702502E1,1.629904360E-1,-4.303799570E-1,-3.089361079E-2
6.241218976E1,1.534027606E-1,-4.420982301E-1,-2.237123623E-2
6.241718705E1,1.480762810E-1,-4.484900236E-1,-1.811004803E-2
6.242237387E1,1.491415650E-1,-4.591429830E-1,-1.384885982E-2
6.242729976E1,1.480762810E-1,-4.740571380E-1,-6.391781382E-3
6.243262210E1,1.555333585E-1,-4.889712930E-1,-1.065296936E-3
6.243751273E1,1.704475135E-1,-5.017548800E-1,5.326484796E-3
6.244260018E1,1.800351888E-1,-5.219954848E-1,1.065296959E-2
6.244759159E1,1.874922663E-1,-5.379749537E-1,1.704475097E-2
6.245293049E1,1.938840449E-1,-5.560849905E-1,2.556712553E-2
6.245783700E1,2.002758235E-1,-5.688685775E-1,3.302420676E-2
6.246289377E1,2.077329010E-1,-5.795215368E-1,4.474247247E-2
6.246796930E1,2.151899785E-1,-5.901744962E-1,6.178722158E-2
6.247318674E1,2.162552774E-1,-6.029580832E-1,7.137489319E-2
6.247801341E1,2.098634988E-1,-6.146763563E-1,7.989726961E-2
6.248313648E1,2.045370042E-1,-6.178722382E-1,8.948494494E-2
6.248840581E1,2.066676021E-1,-6.125457287E-1,1.022685021E-1
6.249335112E1,2.162552774E-1,-6.029580832E-1,1.129214764E-1
6.249829076E1,2.290388346E-1,-5.901744962E-1,1.225091442E-1
6.250344268E1,2.396918088E-1,-5.699338317E-1,1.331621110E-1
6.250847805E1,2.492794842E-1,-5.486279130E-1,1.427497864E-1
6.251362003E1,2.556712627E-1,-5.305178761E-1,1.480762810E-1
6.251865508E1,2.599324584E-1,-5.113425255E-1,1.534027606E-1
6.252378232E1,2.599324584E-1,-4.974936545E-1,1.608598381E-1
6.252872566E1,2.535406649E-1,-4.921671748E-1,1.619251370E-1
6.253381826E1,2.567365468E-1,-4.825794995E-1,1.576639414E-1
6.253887555E1,2.673895359E-1,-4.644694626E-1,1.512721628E-1
6.254401113E1,2.780424953E-1,-4.506205916E-1,1.523374617E-1
6.254906686E1,2.780424953E-1,-4.389023483E-1,1.523374617E-1
6.255420634E1,2.695201337E-1,-4.229228795E-1,1.502068639E-1
6.255917191E1,2.567365468E-1,-4.069434404E-1,1.438150853E-1
6.256429477E1,2.386265099E-1,-3.877680898E-1,1.352927089E-1
6.256946066E1,2.279735506E-1,-3.728539348E-1,1.235744432E-1
6.257446675E1,2.183858752E-1,-3.558091819E-1,1.129214764E-1
6.257955061E1,2.183858752E-1,-3.345032334E-1,1.012032107E-1
6.258476592E1,2.269082516E-1,-3.110667169E-1,8.628904819E-2
6.258958488E1,2.428877056E-1,-2.897607684E-1,7.244019210E-2
6.259479504E1,2.567365468E-1,-2.641936541E-1,6.285251677E-2
6.259979644E1,2.748466134E-1,-2.343653291E-1,5.006895587E-2
6.260497775E1,3.004137278E-1,-2.045370042E-1,3.835069016E-2
6.260965061E1,3.270461559E-1,-1.789698899E-1,2.982831374E-2
6.261497035E1,3.622009456E-1,-1.523374617E-1,1.917534508E-2
6.262009452E1,3.994863629E-1,-1.320968270E-1,6.391781382E-3
6.262549290E1,4.474247098E-1,-1.203785539E-1,2.130593872E-3
6.263019353E1,4.932324886E-1,-1.257050335E-1,4.261187743E-3
6.263538462E1,5.379749537E-1,-1.384886056E-1,3.195890691E-3
6.264050827E1,5.816521049E-1,-1.459456831E-1,1.171826664E-2
6.264547744E1,6.274598837E-1,-1.470109820E-1,2.343653329E-2
6.265081650E1,6.690064669E-1,-1.523374617E-1,3.089361079E-2
6.265550916E1,6.977695227E-1,-1.587292403E-1,3.941598535E-2
6.266057629E1,7.137489319E-1,-1.640557349E-1,4.687306657E-2
6.266572254E1,7.180101275E-1,-1.768392920E-1,4.474247247E-2
6.267081515E1,7.009654045E-1,-1.874922663E-1,3.622009605E-2
6.267590432E1,6.690064669E-1,-1.885575503E-1,2.237123623E-2
6.268094781E1,6.242640018E-1,-1.779045910E-1,1.065296959E-2
6.268603484E1,5.688685775E-1,-1.544680595E-1,-5.326484796E-3
6.269109239E1,5.102772117E-1,-1.203785539E-1,-2.663242258E-2
6.269616666E1,4.495553076E-1,-7.563608140E-2,-4.154657945E-2
6.270117125E1,3.909639716E-1,-2.876301669E-2,-5.646073818E-2
6.270613291E1,3.408950269E-1,1.704475097E-2,-7.030959427E-2
6.271128078E1,3.046749234E-1,6.391781569E-2,-8.202786744E-2
6.271646000E1,2.780424953E-1,1.054643989E-1,-9.587672353E-2
6.272146318E1,2.588671446E-1,1.320968270E-1,-1.107908785E-1
6.272660505E1,2.396918088E-1,1.352927089E-1,-1.310315281E-1
6.273155802E1,2.173205763E-1,1.065296903E-1,-1.523374617E-1
6.273679703E1,1.842963696E-1,6.072192639E-2,-1.768392920E-1
6.274172385E1,1.427497864E-1,1.811004803E-2,-2.034717202E-1
6.274705188E1,8.735434711E-2,0.000000000E0,-2.322347313E-1
6.275192641E1,2.024064213E-2,8.522375487E-3,-2.631283402E-1
6.275705453E1,-5.113425106E-2,4.154657945E-2,-2.929566503E-1
6.276223839E1,-1.171826646E-1,9.587672353E-2,-3.185237944E-1
6.276721896E1,-1.725780964E-1,1.672516167E-1,-3.558091819E-1
6.277200266E1,-1.981452256E-1,2.396918088E-1,-3.867027760E-1
6.277740823E1,-2.066676021E-1,3.100014031E-1,-4.037475288E-1
6.278231438E1,-1.917534471E-1,3.547438681E-1,-4.314452708E-1
6.278745214E1,-1.565986425E-1,3.994863629E-1,-4.197269976E-1
6.279259839E1,-1.225091442E-1,4.655347466E-1,-3.664621413E-1
6.279777313E1,-1.033338010E-1,5.379749537E-1,-3.089361191E-1
6.280258386E1,-9.907261282E-2,6.253293157E-1,-2.514100671E-1
6.280739667E1,-1.097255871E-1,7.329242826E-1,-1.917534471E-1
6.281280954E1,-1.289009303E-1,8.543681502E-1,-1.384886056E-1
6.281788386E1,-1.544680595E-1,9.875302315E-1,-9.374613315E-2
6.282293803E1,-1.896228492E-1,1.128149509E0,-5.326484516E-2
6.282802912E1,-2.364959270E-1,1.266638041E0,-9.587672539E-3
6.283301688E1,-2.833689749E-1,1.400865436E0,3.835069016E-2
6.283816235E1,-3.398297131E-1,1.524439931E0,8.202786744E-2
6.284337288E1,-3.994863629E-1,1.638426661E0,1.193132550E-1
6.284838699E1,-4.506205916E-1,1.732172847E0,1.502068639E-1
6.285333360E1,-4.953630865E-1,1.808874249E0,1.693822145E-1
6.285845350E1,-5.241261125E-1,1.865334988E0,1.757739931E-1
6.286346803E1,-5.443667173E-1,1.902620316E0,1.672516167E-1
6.286868074E1,-5.496932268E-1,1.921795726E0,1.448803842E-1
6.287359038E1,-5.475625992E-1,1.944166899E0,1.097255871E-1
6.287878590E1,-5.411708355E-1,1.982517600E0,7.670138031E-2
6.288380616E1,-5.305178761E-1,2.030456066E0,4.261187837E-2
6.288894100E1,-5.156037211E-1,2.084786177E0,1.278356276E-2
6.289406304E1,-4.911018908E-1,2.135920286E0,-1.384885982E-2
6.289908892E1,-4.527511895E-1,2.165748596E0,-2.876301669E-2
6.290408736E1,-4.058781266E-1,2.179597616E0,-4.048128426E-2
6.290922049E1,-3.504827023E-1,2.177466869E0,-6.178722158E-2
6.291423741E1,-2.929566503E-1,2.165748596E0,-8.309315890E-2
6.291970653E1,-2.439530045E-1,2.129528522E0,-9.268083423E-2
6.292427929E1,-2.087981999E-1,2.065610647E0,-8.735434711E-2
6.292942465E1,-1.853616685E-1,1.965472817E0,-6.604841352E-2
6.293455210E1,-1.736433953E-1,1.841898441E0,-2.663242258E-2
6.293934346E1,-1.779045910E-1,1.724715710E0,3.408950195E-2
6.294458835E1,-1.970799267E-1,1.638426661E0,1.022685021E-1
6.294982804E1,-2.258429527E-1,1.584096551E0,1.704475135E-1
6.295473976E1,-2.641936541E-1,1.562790632E0,2.333000302E-1
6.295998403E1,-3.142625988E-1,1.575574160E0,2.940219641E-1
6.296487888E1,-3.739192188E-1,1.621381879E0,3.504827023E-1
6.296994867E1,-4.357064366E-1,1.687430382E0,3.994863629E-1
6.297502466E1,-5.038854480E-1,1.759870529E0,4.420982301E-1
6.298011679E1,-5.901744962E-1,1.804612994E0,4.815142155E-1
6.298517700E1,-6.892471313E-1,1.807808876E0,5.156037211E-1
6.299030836E1,-7.893850207E-1,1.781176448E0,5.262566805E-1
6.299533221E1,-8.746087551E-1,1.719389200E0,5.134730935E-1
6.300043143E1,-9.555713534E-1,1.597945452E0,5.049507618E-1
6.300562524E1,-1.035468578E0,1.461587429E0,4.879060090E-1
6.301056346E1,-1.088733435E0,1.365710616E0,4.516859055E-1
6.301558185E1,-1.112169981E0,1.309249878E0,4.207922816E-1
6.302090518E1,-1.126018882E0,1.262376904E0,3.877680898E-1
6.302592248E1,-1.129214764E0,1.219764948E0,3.515479863E-1
6.303100914E1,-1.126018882E0,1.192067266E0,3.089361191E-1
6.303588513E1,-1.118561745E0,1.161173701E0,2.727160156E-1
6.304097289E1,-1.111104727E0,1.101517081E0,2.556712627E-1
6.304603258E1,-1.103647590E0,1.015228033E0,2.535406649E-1
6.305120675E1,-1.100451708E0,9.055023789E-1,2.503447831E-1
6.305618373E1,-1.101517081E0,7.861891389E-1,2.535406649E-1
6.306129222E1,-1.115365863E0,6.711370945E-1,2.524753809E-1
6.306629363E1,-1.143063664E0,5.592808723E-1,2.396918088E-1
6.307142410E1,-1.167565465E0,4.570123851E-1,2.130593807E-1
6.307656550E1,-1.192067266E0,3.696580231E-1,1.896228492E-1
6.308175160E1,-1.222960830E0,2.918913662E-1,1.725780964E-1
6.308657545E1,-1.257050395E0,2.290388346E-1,1.491415650E-1
6.309168701E1,-1.286878705E0,1.874922663E-1,1.267703325E-1
6.309673144E1,-1.307119370E0,1.576639414E-1,1.097255871E-1
6.310181993E1,-1.316707015E0,1.331621110E-1,9.268083423E-2
6.310691332E1,-1.313511133E0,1.171826646E-1,7.776667923E-2
6.311214342E1,-1.297531724E0,1.022685021E-1,6.285251677E-2
6.311715436E1,-1.270899296E0,7.776667923E-2,4.793836176E-2
6.312211327E1,-1.231483221E0,4.261187837E-2,2.663242258E-2
6.312713525E1,-1.177153111E0,3.195890691E-3,5.326484796E-3
6.313231181E1,-1.117496490E0,-5.006895587E-2,-2.024064213E-2
6.313731546E1,-1.050382733E0,-1.139867753E-1,-5.113425106E-2
6.314243712E1,-9.779425859E-1,-1.821657717E-1,-7.670138031E-2
6.314762546E1,-9.033718109E-1,-2.546059787E-1,-9.907261282E-2
6.315266259E1,-8.266704082E-1,-3.259808719E-1,-1.193132550E-1
6.315766186E1,-7.489037514E-1,-4.037475288E-1,-1.352927089E-1
6.316286244E1,-6.690064669E-1,-4.804489315E-1,-1.395539045E-1
6.316782952E1,-5.827174187E-1,-5.635420680E-1,-1.427497864E-1
6.317294213E1,-4.964283705E-1,-6.498311162E-1,-1.523374617E-1
6.317789400E1,-4.112046063E-1,-7.318589687E-1,-1.597945392E-1
6.318306494E1,-3.259808719E-1,-8.085603714E-1,-1.629904360E-1
6.318800228E1,-2.482141852E-1,-8.703476191E-1,-1.640557349E-1
6.319334004E1,-1.821657717E-1,-9.044371247E-1,-1.651210189E-1
6.319812989E1,-1.342274100E-1,-9.214818478E-1,-1.651210189E-1
6.320338671E1,-1.012032107E-1,-9.257430434E-1,-1.619251370E-1
6.320843250E1,-7.670138031E-2,-9.150900841E-1,-1.597945392E-1
6.321343656E1,-6.072192639E-2,-8.937841058E-1,-1.555333585E-1
6.321860692E1,-5.646073818E-2,-8.586293459E-1,-1.565986425E-1
6.322360526E1,-5.965662748E-2,-8.149521351E-1,-1.651210189E-1
6.322865953E1,-6.924430281E-2,-7.776667476E-1,-1.693822145E-1
6.323386474E1,-8.309315890E-2,-7.638179064E-1,-1.747086942E-1
6.323895875E1,-1.054643989E-1,-7.457078695E-1,-1.842963696E-1
6.324396916E1,-1.491415650E-1,-7.180101275E-1,-1.970799267E-1
6.324889562E1,-1.874922663E-1,-6.807247400E-1,-2.002758235E-1
6.325410682E1,-2.290388346E-1,-6.370475888E-1,-1.992105246E-1
6.325902302E1,-2.769772112E-1,-5.773909688E-1,-1.970799267E-1
6.326413344E1,-3.110667169E-1,-5.006895661E-1,-1.938840449E-1
6.326919984E1,-3.398297131E-1,-4.101393223E-1,-1.789698899E-1
6.327433630E1,-3.696580231E-1,-3.100014031E-1,-1.587292403E-1
6.327931568E1,-4.016169310E-1,-2.151899785E-1,-1.395539045E-1
6.328450531E1,-4.335758388E-1,-1.374233067E-1,-1.278356314E-1
6.328952693E1,-4.559471011E-1,-6.711370498E-2,-1.203785539E-1
6.329476047E1,-4.676653445E-1,5.326484796E-3,-1.139867753E-1
6.329956688E1,-4.815142155E-1,8.841964602E-2,-1.086602882E-1
6.330473891E1,-5.049507618E-1,1.800351888E-1,-1.075949892E-1
6.330979136E1,-5.251913667E-1,2.791078091E-1,-1.001379117E-1
6.331491464E1,-5.454320312E-1,3.643315434E-1,-7.776667923E-2
6.332001131E1,-5.709991455E-1,4.133352041E-1,-2.343653329E-2
6.332506589E1,-5.837827325E-1,4.282493591E-1,4.261187837E-2
6.333008449E1,-5.816521049E-1,4.144005179E-1,1.065296903E-1
6.333525574E1,-5.741950274E-1,3.771151006E-1,1.629904360E-1
6.334022272E1,-5.614115000E-1,3.217196763E-1,2.183858752E-1
6.334494985E1,-5.560849905E-1,2.588671446E-1,2.695201337E-1
6.335025740E1,-5.571503043E-1,1.928187460E-1,3.110667169E-1
6.335550522E1,-5.454320312E-1,1.193132550E-1,3.451561928E-1
6.336048751E1,-5.113425255E-1,5.006895587E-2,3.675274551E-1
6.336558168E1,-4.442288280E-1,-1.704475097E-2,3.547438681E-1
6.337053428E1,-3.515479863E-1,-1.129214764E-1,3.110667169E-1
6.337570038E1,-2.290388346E-1,-2.524753809E-1,2.609977424E-1
6.338073480E1,-6.285251677E-2,-4.250534773E-1,2.183858752E-1
6.338585366E1,1.416844875E-1,-5.891091824E-1,2.024064213E-1
6.339100230E1,3.675274551E-1,-7.137489319E-1,2.056023031E-1
6.339601392E1,5.848480463E-1,-8.042991757E-1,2.002758235E-1
6.340100741E1,7.489037514E-1,-8.831311464E-1,2.013411224E-1
6.340614928E1,8.628905416E-1,-9.470489621E-1,2.226470560E-1
6.341111668E1,9.502448440E-1,-9.832690954E-1,2.652589381E-1
6.341647850E1,1.012032032E0,-9.853996634E-1,3.270461559E-1
6.342154496E1,1.042925715E0,-9.747467041E-1,3.909639716E-1
6.342640465E1,1.029076815E0,-9.608978629E-1,4.548817873E-1
6.343145533E1,9.779425859E-1,-9.374613166E-1,5.070813298E-1
6.343653319E1,9.076330066E-1,-8.927188516E-1,5.486279130E-1
6.344161580E1,8.309316039E-1,-8.426498771E-1,5.795215368E-1
6.344674918E1,7.638179064E-1,-7.893850207E-1,5.976315737E-1
6.345168856E1,7.201407552E-1,-7.382507920E-1,5.944356918E-1
6.345688335E1,7.009654045E-1,-7.041612864E-1,5.624767542E-1
6.346186330E1,7.041612864E-1,-6.999000907E-1,4.932324886E-1
6.346697007E1,7.446425557E-1,-7.489037514E-1,3.920292854E-1
6.347223434E1,8.074950576E-1,-8.341274858E-1,3.121320009E-1
6.347746507E1,8.607599139E-1,-9.278736115E-1,2.364959270E-1
6.348215049E1,9.204165339E-1,-1.025880933E0,1.470109820E-1
6.348726612E1,9.747467041E-1,-1.062101007E0,4.154657945E-2
6.349229304E1,1.004575014E0,-1.015228033E0,-6.924430281E-2
6.349737013E1,1.021619797E0,-9.385265708E-1,-1.747086942E-1
6.350246867E1,1.033338070E0,-8.820658922E-1,-2.695201337E-1
6.350758659E1,1.045056343E0,-8.426498771E-1,-3.526133001E-1
6.351275466E1,1.048252225E0,-8.213439584E-1,-4.250534773E-1
6.351770258E1,1.048252225E0,-8.160174489E-1,-4.868406951E-1
6.352268940E1,1.037599206E0,-8.373233676E-1,-5.326484442E-1
6.352781221E1,1.019489169E0,-8.671516776E-1,-5.720644593E-1
6.353303878E1,9.981832504E-1,-8.980453014E-1,-6.061539650E-1
6.353801987E1,9.704855084E-1,-9.257430434E-1,-6.317210793E-1
6.354324789E1,9.427877665E-1,-9.342654347E-1,-6.455699205E-1
6.354815685E1,9.097635746E-1,-9.374613166E-1,-6.551576257E-1
6.355342029E1,8.735435009E-1,-9.417225122E-1,-6.572881937E-1
6.355849295E1,8.362581134E-1,-9.470489621E-1,-6.519617438E-1
6.356353706E1,8.032338619E-1,-9.513101578E-1,-6.466352344E-1
6.356858789E1,7.691444159E-1,-9.491795897E-1,-6.455699205E-1
6.357345008E1,7.318589687E-1,-9.300042391E-1,-6.445046663E-1
6.357854597E1,7.073571682E-1,-8.991106153E-1,-6.359822750E-1
6.358355029E1,6.999000907E-1,-8.543681502E-1,-6.231986880E-1
6.358865613E1,7.052266002E-1,-7.979074121E-1,-6.082845330E-1
6.359380493E1,7.190754414E-1,-7.446425557E-1,-5.880439281E-1
6.359883628E1,7.382507920E-1,-6.913776994E-1,-5.635420680E-1
6.360404186E1,7.595567107E-1,-6.402434707E-1,-5.347790718E-1
6.360907884E1,7.787320614E-1,-5.944356918E-1,-4.953630865E-1
6.361400478E1,7.979074121E-1,-5.518237948E-1,-4.538165033E-1
6.361927629E1,8.117562532E-1,-5.219954848E-1,-4.154658020E-1
6.362450212E1,8.202786446E-1,-5.038854480E-1,-3.728539348E-1
6.362933702E1,8.224092126E-1,-4.942977726E-1,-3.259808719E-1
6.363433577E1,8.213439584E-1,-4.879060090E-1,-2.780424953E-1
6.363949212E1,8.160174489E-1,-4.815142155E-1,-2.364959270E-1
6.364441525E1,8.064298034E-1,-4.634041786E-1,-2.002758235E-1
6.364965848E1,7.904503345E-1,-4.442288280E-1,-1.693822145E-1
6.365492082E1,7.734055519E-1,-4.261187613E-1,-1.438150853E-1
6.365999410E1,7.563608289E-1,-4.026822448E-1,-1.289009303E-1
6.366473270E1,7.371854782E-1,-3.813762963E-1,-1.193132550E-1
6.366983030E1,7.073571682E-1,-3.728539348E-1,-1.171826646E-1
6.367485905E1,6.668758988E-1,-3.728539348E-1,-1.235744432E-1
6.368004041E1,6.253293157E-1,-3.717886209E-1,-1.363580078E-1
6.368509895E1,5.816521049E-1,-3.653968573E-1,-1.534027606E-1
6.369019921E1,5.369096398E-1,-3.632662594E-1,-1.715128124E-1
6.369532707E1,4.889712930E-1,-3.696580231E-1,-1.853616685E-1
6.370030879E1,4.442288280E-1,-3.792456985E-1,-1.981452256E-1
6.370561332E1,4.026822448E-1,-3.835068941E-1,-2.045370042E-1
6.371042004E1,3.611356616E-1,-3.973557651E-1,-2.077329010E-1
6.371547369E1,3.249155581E-1,-4.154658020E-1,-2.109287977E-1
6.372059697E1,2.929566503E-1,-4.431635141E-1,-2.141246796E-1
6.372556796E1,2.631283402E-1,-4.804489315E-1,-2.173205763E-1
6.373080296E1,2.311694324E-1,-5.124078393E-1,-2.215817571E-1
6.373576807E1,2.056023031E-1,-5.390402675E-1,-2.226470560E-1
6.374082432E1,1.757739931E-1,-5.667379498E-1,-2.247776538E-1
6.374602567E1,1.480762810E-1,-5.869786143E-1,-2.301041335E-1
6.375114385E1,1.203785539E-1,-5.955010056E-1,-2.354306281E-1
6.375607630E1,9.587672353E-2,-5.880439281E-1,-2.418224066E-1
6.376111427E1,6.711370498E-2,-5.795215368E-1,-2.471488863E-1
6.376624953E1,3.302420676E-2,-5.731297731E-1,-2.418224066E-1
6.377135984E1,-4.261187743E-3,-5.624767542E-1,-2.269082516E-1
6.377629276E1,-3.941598535E-2,-5.496932268E-1,-2.034717202E-1
6.378160026E1,-7.776667923E-2,-5.337137580E-1,-1.672516167E-1
6.378647438E1,-1.182479635E-1,-5.070813298E-1,-1.342274100E-1
6.379142344E1,-1.502068639E-1,-4.719265401E-1,-1.129214764E-1
6.379663401E1,-1.789698899E-1,-4.389023483E-1,-9.694202244E-2
6.380175146E1,-2.056023031E-1,-4.239881933E-1,-8.202786744E-2
6.380669578E1,-2.247776538E-1,-4.261187613E-1,-6.285251677E-2
6.381184406E1,-2.354306281E-1,-4.303799570E-1,-4.367717355E-2
6.381682318E1,-2.343653291E-1,-4.420982301E-1,-2.556712553E-2
6.382199657E1,-2.258429527E-1,-4.634041786E-1,-8.522375487E-3
6.382697756E1,-2.066676021E-1,-4.879060090E-1,4.261187743E-3
6.383212459E1,-1.842963696E-1,-5.134730935E-1,1.597945392E-2
6.383711172E1,-1.576639414E-1,-5.219954848E-1,3.302420676E-2
6.384208381E1,-1.310315281E-1,-5.294525623E-1,4.048128426E-2
6.384729298E1,-1.054643989E-1,-5.337137580E-1,3.728539124E-2
6.385258037E1,-8.096256852E-2,-5.315831900E-1,4.048128426E-2
6.385757949E1,-5.539543927E-2,-5.230607986E-1,4.048128426E-2
6.386260287E1,-2.450183034E-2,-5.081466436E-1,4.048128426E-2
6.386776662E1,9.587672539E-3,-4.857754111E-1,4.048128426E-2
6.387298553E1,3.941598535E-2,-4.612735808E-1,3.728539124E-2
6.387790600E1,6.604841352E-2,-4.367717505E-1,3.302420676E-2
6.388289345E1,9.268083423E-2,-4.080087245E-1,3.089361079E-2
6.388787860E1,1.139867753E-1,-3.824416101E-1,2.982831374E-2
6.389293381E1,1.374233067E-1,-3.622009456E-1,2.769771963E-2
6.389806058E1,1.640557349E-1,-3.515479863E-1,2.556712553E-2
6.390314142E1,1.864269674E-1,-3.451561928E-1,2.450183034E-2
6.390818949E1,2.109287977E-1,-3.483521044E-1,2.663242258E-2
6.391346574E1,2.343653291E-1,-3.590050638E-1,2.450183034E-2
6.391830887E1,2.599324584E-1,-3.696580231E-1,2.237123623E-2
6.392337408E1,2.886954844E-1,-3.824416101E-1,1.597945392E-2
6.392839595E1,3.195890784E-1,-3.888333738E-1,1.065296959E-2
6.393360330E1,3.504827023E-1,-3.941598535E-1,8.522375487E-3
6.393859340E1,3.728539348E-1,-3.909639716E-1,4.261187743E-3
6.394377778E1,3.898986876E-1,-3.760498166E-1,0.000000000E0
6.394879653E1,4.058781266E-1,-3.408950269E-1,-6.391781382E-3
6.395378429E1,4.175963998E-1,-2.982831299E-1,-1.278356276E-2
6.395904642E1,4.250534773E-1,-2.578018606E-1,-1.597945392E-2
6.396397960E1,4.357064366E-1,-2.258429527E-1,-1.491415687E-2
6.396895622E1,4.495553076E-1,-2.002758235E-1,-1.491415687E-2
6.397436299E1,4.676653445E-1,-1.853616685E-1,-1.384885982E-2
6.397916169E1,4.911018908E-1,-1.811004728E-1,-1.171826664E-2
6.398440710E1,5.166690350E-1,-1.779045910E-1,-6.391781382E-3
6.398926059E1,5.433014631E-1,-1.789698899E-1,-1.065296936E-3
6.399437101E1,5.741950274E-1,-1.885575503E-1,5.326484796E-3
6.399943924E1,5.997622013E-1,-1.960146427E-1,1.171826664E-2
6.400458450E1,6.200028062E-1,-1.970799267E-1,2.130593918E-2
6.400954700E1,6.445046663E-1,-1.992105246E-1,2.769771963E-2
6.401467289E1,6.668758988E-1,-2.087981999E-1,3.408950195E-2
6.401972169E1,6.828553081E-1,-2.215817571E-1,4.048128426E-2
6.402494534E1,6.935083270E-1,-2.386265099E-1,4.261187837E-2
6.402989101E1,6.988347769E-1,-2.492794842E-1,4.580776766E-2
6.403499445E1,6.892471313E-1,-2.546059787E-1,4.900366068E-2
6.404003461E1,6.615493894E-1,-2.546059787E-1,4.580776766E-2
6.404510362E1,6.146763563E-1,-2.482141852E-1,4.048128426E-2
6.405010883E1,5.518237948E-1,-2.322347313E-1,3.302420676E-2
6.405569471E1,4.740571380E-1,-2.087981999E-1,2.982831374E-2
6.406025695E1,3.920292854E-1,-1.811004728E-1,2.876301669E-2
6.406539227E1,3.057402074E-1,-1.491415650E-1,2.982831374E-2
6.407041201E1,2.215817571E-1,-1.107908785E-1,2.982831374E-2
6.407569784E1,1.470109820E-1,-7.030959427E-2,2.876301669E-2
6.408069826E1,7.670138031E-2,-3.941598535E-2,2.130593918E-2
6.408572159E1,4.261187743E-3,-2.769771963E-2,8.522375487E-3
6.409094800E1,-6.285251677E-2,-3.515479714E-2,-1.278356276E-2
6.409594914E1,-1.278356314E-1,-5.113425106E-2,-4.261187837E-2
6.410087227E1,-1.928187460E-1,-6.711370498E-2,-7.883197069E-2
6.410592649E1,-2.567365468E-1,-7.989726961E-2,-1.235744432E-1
6.411100165E1,-3.174584806E-1,-7.670138031E-2,-1.661863178E-1
6.411638743E1,-3.760498166E-1,-5.859133229E-2,-2.066676021E-1
6.412135758E1,-4.271840751E-1,-2.876301669E-2,-2.482141852E-1
6.412624091E1,-4.676653445E-1,4.261187743E-3,-2.865648866E-1
6.413287160E1,-4.964283705E-1,4.154657945E-2,-3.163931966E-1
6.413660983E1,-5.113425255E-1,6.604841352E-2,-3.270461559E-1
6.414149498E1,-5.081466436E-1,8.735434711E-2,-3.376991153E-1
6.414656143E1,-4.719265401E-1,1.171826646E-1,-3.771151006E-1
6.415172024E1,-4.133352041E-1,1.470109820E-1,-3.494173884E-1
6.415661155E1,-3.590050638E-1,1.917534471E-1,-2.823036909E-1
6.416173431E1,-3.185237944E-1,2.514100671E-1,-2.205164731E-1
6.416682056E1,-2.950872481E-1,3.483521044E-1,-1.608598381E-1
6.417192426E1,-2.886954844E-1,4.825794995E-1,-1.086602882E-1
6.417692249E1,-3.046749234E-1,6.381128430E-1,-6.072192639E-2
6.418205259E1,-3.323726356E-1,8.053644896E-1,-1.171826664E-2
6.418701759E1,-3.739192188E-1,9.736813903E-1,3.515479714E-2
6.419226452E1,-4.271840751E-1,1.133475900E0,8.096256852E-2
6.419727509E1,-4.879060090E-1,1.291139841E0,1.193132550E-1
6.420229244E1,-5.496932268E-1,1.443477392E0,1.470109820E-1
6.420733968E1,-6.157416105E-1,1.575574160E0,1.629904360E-1
6.421246801E1,-6.785941720E-1,1.687430382E0,1.651210189E-1
6.421752608E1,-7.361201644E-1,1.774784684E0,1.576639414E-1
6.422259556E1,-7.893850207E-1,1.846159577E0,1.416844875E-1
6.422762400E1,-8.234745264E-1,1.914338589E0,1.097255871E-1
6.423280624E1,-8.447804451E-1,1.969734073E0,6.817900389E-2
6.423776249E1,-8.575640321E-1,2.000627756E0,3.728539124E-2
6.424327656E1,-8.650211096E-1,2.026194811E0,7.457078435E-3
6.424808494E1,-8.586293459E-1,2.040043592E0,-2.769771963E-2
6.425304458E1,-8.277357221E-1,2.036847830E0,-7.137489319E-2
6.425800708E1,-7.797973752E-1,2.016607046E0,-1.267703325E-1
6.426317276E1,-7.137489319E-1,1.991039991E0,-1.757739931E-1
6.426829557E1,-6.434393525E-1,1.959081054E0,-2.130593807E-1
6.427337296E1,-5.827174187E-1,1.928187490E0,-2.333000302E-1
6.427834135E1,-5.262566805E-1,1.905816197E0,-2.364959270E-1
6.428344765E1,-4.804489315E-1,1.893032670E0,-2.237123549E-1
6.428853120E1,-4.452941120E-1,1.901555061E0,-2.013411224E-1
6.429361344E1,-4.218575954E-1,1.928187490E0,-1.597945392E-1
6.429870292E1,-4.122699201E-1,1.955885172E0,-1.001379117E-1
6.430374599E1,-4.122699201E-1,1.971864581E0,-3.622009605E-2
6.430876328E1,-4.197269976E-1,1.977191091E0,4.367717355E-2
6.431394010E1,-4.325105548E-1,1.976125836E0,1.331621110E-1
6.431894469E1,-4.484900236E-1,1.972929955E0,2.151899785E-1
6.432416052E1,-4.655347466E-1,1.988909364E0,2.801730931E-1
6.432907771E1,-4.836448133E-1,2.029390574E0,3.440909088E-1
6.433422875E1,-5.241261125E-1,2.066676140E0,4.133352041E-1
6.433949578E1,-5.891091824E-1,2.089047194E0,4.868406951E-1
6.434432474E1,-6.658105850E-1,2.133789778E0,5.688685775E-1
6.434955589E1,-7.520996332E-1,2.184924126E0,6.445046663E-1
6.435457287E1,-8.543681502E-1,2.190250397E0,6.967042089E-1
6.435946850E1,-9.545060396E-1,2.176401615E0,7.073571682E-1
6.436463105E1,-1.010966778E0,2.161487579E0,6.924430132E-1
6.436963902E1,-1.037599206E0,2.126332760E0,6.839206219E-1
6.437475860E1,-1.055709243E0,2.050696611E0,6.753982306E-1
6.437994121E1,-1.065296888E0,1.930317998E0,6.370475888E-1
6.438494350E1,-1.050382733E0,1.801417112E0,5.816521049E-1
6.438988147E1,-1.008836150E0,1.670385599E0,5.305178761E-1
6.439516167E1,-9.502448440E-1,1.532962322E0,4.815142155E-1
6.440007334E1,-9.108288884E-1,1.385951281E0,4.484900236E-1
6.440519287E1,-9.204165339E-1,1.260246277E0,4.293146729E-1
6.441019043E1,-9.566366673E-1,1.160108328E0,4.144005179E-1
6.441547215E1,-1.001379132E0,1.088733435E0,3.984210491E-1
6.442029282E1,-1.048252225E0,1.036533952E0,3.739192188E-1
6.442553928E1,-1.082341671E0,9.885955453E-1,3.398297131E-1
6.443044038E1,-1.105778217E0,9.182859659E-1,3.014790416E-1
6.443554314E1,-1.135606527E0,8.192133307E-1,2.673895359E-1
6.444060465E1,-1.165434837E0,7.233366370E-1,2.301041335E-1
6.444573569E1,-1.181414247E0,6.519617438E-1,1.917534471E-1
6.445087934E1,-1.177153111E0,5.869786143E-1,1.651210189E-1
6.445603616E1,-1.157977819E0,5.305178761E-1,1.480762810E-1
6.446095064E1,-1.132410645E0,4.708612561E-1,1.278356314E-1
6.446605965E1,-1.097255826E0,4.165311158E-1,1.065296903E-1
6.447117470E1,-1.050382733E0,3.696580231E-1,9.374613315E-2
6.447632048E1,-9.981832504E-1,3.100014031E-1,8.096256852E-2
6.448117299E1,-9.438530803E-1,2.450182885E-1,5.752603337E-2
6.448634799E1,-8.895229697E-1,1.779045910E-1,3.408950195E-2
6.449146663E1,-8.362581134E-1,9.800732136E-2,8.522375487E-3
6.449645491E1,-7.840585709E-1,2.450183034E-2,-2.024064213E-2
6.450159924E1,-7.265325189E-1,-4.687306657E-2,-4.367717355E-2
6.450665893E1,-6.626147032E-1,-1.225091442E-1,-6.711370498E-2
6.451160278E1,-5.944356918E-1,-1.992105246E-1,-8.522375673E-2
6.451676794E1,-5.198649168E-1,-2.759118974E-1,-9.800732136E-2
6.452180664E1,-4.346411526E-1,-3.558091819E-1,-1.075949892E-1
6.452686091E1,-3.526133001E-1,-4.314452708E-1,-1.150520667E-1
6.453209424E1,-2.673895359E-1,-5.049507618E-1,-1.289009303E-1
6.453716341E1,-1.800351888E-1,-5.688685775E-1,-1.502068639E-1
6.454231898E1,-9.587672353E-2,-6.231986880E-1,-1.672516167E-1
6.454717289E1,-1.384885982E-2,-6.700717807E-1,-1.811004728E-1
6.455215112E1,5.539543927E-2,-7.041612864E-1,-1.960146427E-1
6.455751200E1,1.225091442E-1,-7.190754414E-1,-2.034717202E-1
6.456238763E1,1.789698899E-1,-7.318589687E-1,-2.066676021E-1
6.456753643E1,2.151899785E-1,-7.307937145E-1,-2.098634988E-1
6.457267700E1,2.290388346E-1,-7.041612864E-1,-2.141246796E-1
6.457771643E1,2.279735506E-1,-6.562229395E-1,-2.215817571E-1
6.458261695E1,2.258429527E-1,-6.082845330E-1,-2.311694324E-1
6.458807169E1,2.173205763E-1,-5.656726956E-1,-2.375612110E-1
6.459284857E1,1.960146427E-1,-5.251913667E-1,-2.386265099E-1
6.459820763E1,1.395539045E-1,-4.729918540E-1,-2.450182885E-1
6.460291607E1,4.900366068E-2,-4.080087245E-1,-2.482141852E-1
6.460806628E1,-5.646073818E-2,-3.323726356E-1,-2.482141852E-1
6.461305951E1,-1.704475135E-1,-2.354306281E-1,-2.482141852E-1
6.461821805E1,-2.791078091E-1,-1.203785539E-1,-2.428877056E-1
6.462314774E1,-3.824416101E-1,-6.391781382E-3,-2.247776538E-1
6.462829071E1,-4.815142155E-1,8.628904819E-2,-1.992105246E-1
6.463340550E1,-5.635420680E-1,1.470109820E-1,-1.789698899E-1
6.463847055E1,-6.253293157E-1,1.821657717E-1,-1.725780964E-1
6.464345623E1,-6.732676625E-1,2.002758235E-1,-1.715128124E-1
6.464871071E1,-7.084224820E-1,2.173205763E-1,-1.672516167E-1
6.465364056E1,-7.414466739E-1,2.343653291E-1,-1.768392920E-1
6.465880061E1,-7.702096701E-1,2.364959270E-1,-1.885575503E-1
6.466394009E1,-7.947115302E-1,2.194511741E-1,-1.874922663E-1
6.466891629E1,-8.224092126E-1,1.619251370E-1,-1.651210189E-1
6.467392384E1,-8.554334641E-1,4.900366068E-2,-1.214438528E-1
6.467905071E1,-9.012411833E-1,-1.203785539E-1,-7.457078248E-2
6.468404400E1,-9.033718109E-1,-2.535406649E-1,-2.556712553E-2
6.468936962E1,-8.405193090E-1,-3.142625988E-1,2.130593918E-2
6.469417051E1,-7.425119877E-1,-3.526133001E-1,7.883197069E-2
6.469932124E1,-6.391781569E-1,-4.271840751E-1,1.459456831E-1
6.470435561E1,-5.390402675E-1,-5.411708355E-1,2.130593807E-1
6.470954061E1,-4.463594258E-1,-6.722023487E-1,2.588671446E-1
6.471463556E1,-3.717886209E-1,-7.968420982E-1,2.823036909E-1
6.471956369E1,-3.227849603E-1,-8.671516776E-1,2.716507316E-1
6.472455421E1,-3.004137278E-1,-8.437151909E-1,2.141246796E-1
6.472970348E1,-2.833689749E-1,-7.020306587E-1,1.565986425E-1
6.473474338E1,-2.609977424E-1,-5.369096398E-1,1.342274100E-1
6.473993515E1,-2.386265099E-1,-4.303799570E-1,1.608598381E-1
6.474493702E1,-2.087981999E-1,-3.867027760E-1,2.279735506E-1
6.474999666E1,-1.640557349E-1,-3.952251673E-1,2.854995728E-1
6.475503072E1,-1.022685021E-1,-4.357064366E-1,3.078708053E-1
6.476014312E1,-2.982831374E-2,-4.985589683E-1,2.982831299E-1
6.476517171E1,5.859133229E-2,-5.773909688E-1,2.673895359E-1
6.477026979E1,1.555333585E-1,-6.658105850E-1,2.130593807E-1
6.477534114E1,2.588671446E-1,-7.563608289E-1,1.438150853E-1
6.478049677E1,3.739192188E-1,-8.543681502E-1,6.391781569E-2
6.478549531E1,4.974936545E-1,-9.491795897E-1,-2.556712553E-2
6.479059015E1,6.157416105E-1,-1.054643989E0,-1.193132550E-1
6.479568583E1,7.169448137E-1,-1.176087856E0,-2.013411224E-1
6.480074833E1,7.925809026E-1,-1.295401096E0,-2.578018606E-1
6.480581531E1,8.437151909E-1,-1.395539045E0,-3.036096394E-1
6.481089557E1,8.724781871E-1,-1.465848565E0,-3.515479863E-1
6.481589870E1,8.799352646E-1,-1.502068639E0,-4.080087245E-1
6.482104953E1,8.788699508E-1,-1.490350366E0,-4.719265401E-1
6.482634771E1,8.703476191E-1,-1.438150883E0,-5.379749537E-1
6.483115437E1,8.650211096E-1,-1.374233007E0,-5.986968875E-1
6.483619599E1,8.618252277E-1,-1.296466351E0,-6.551576257E-1
6.484129964E1,8.586293459E-1,-1.216569066E0,-7.073571682E-1
6.484650037E1,8.533028364E-1,-1.141998291E0,-7.393160462E-1
6.485152547E1,8.341274858E-1,-1.085537553E0,-7.499690652E-1
6.485652657E1,8.021686077E-1,-1.041860461E0,-7.510343194E-1
6.486167146E1,7.670137882E-1,-1.009901524E0,-7.382507920E-1
6.486662735E1,7.318589687E-1,-9.832690954E-1,-7.190754414E-1
6.487173771E1,7.030959725E-1,-9.566366673E-1,-6.903123856E-1
6.487687131E1,6.817900538E-1,-9.385265708E-1,-6.572881937E-1
6.488185865E1,6.626147032E-1,-9.246777296E-1,-6.242640018E-1
6.488696027E1,6.466352344E-1,-9.182859659E-1,-5.965662599E-1
6.489220865E1,6.391781569E-1,-9.150900841E-1,-5.731297731E-1
6.489702126E1,6.445046663E-1,-9.204165339E-1,-5.518237948E-1
6.490222678E1,6.583535075E-1,-9.268083572E-1,-5.305178761E-1
6.490737782E1,6.722023487E-1,-9.246777296E-1,-5.124078393E-1
6.491246079E1,6.881818175E-1,-8.980453014E-1,-4.825794995E-1
6.491736626E1,7.020306587E-1,-8.522375226E-1,-4.474247098E-1
6.492250079E1,7.105530500E-1,-7.979074121E-1,-4.090740085E-1
6.492750673E1,7.180101275E-1,-7.403813601E-1,-3.739192188E-1
6.493259902E1,7.244018912E-1,-6.871165037E-1,-3.419603109E-1
6.493763480E1,7.297284007E-1,-6.540923119E-1,-3.068055212E-1
6.494294683E1,7.350549102E-1,-6.231986880E-1,-2.684548199E-1
6.494805027E1,7.499690652E-1,-5.933703780E-1,-2.258429527E-1
6.495293689E1,7.563608289E-1,-5.773909688E-1,-1.736433953E-1
6.495795814E1,7.542302012E-1,-5.646073818E-1,-1.214438528E-1
6.496308017E1,7.435772419E-1,-5.582156181E-1,-7.457078248E-2
6.496808809E1,7.265325189E-1,-5.475625992E-1,-4.048128426E-2
6.497317006E1,6.967042089E-1,-5.454320312E-1,-1.491415687E-2
6.497791678E1,6.626147032E-1,-5.454320312E-1,1.384885982E-2
6.498344012E1,6.210681200E-1,-5.443667173E-1,3.835069016E-2
6.498848444E1,5.720644593E-1,-5.390402675E-1,5.219954997E-2
6.499342132E1,5.177342892E-1,-5.219954848E-1,5.859133229E-2
6.499864616E1,4.612735808E-1,-4.868406951E-1,6.178722158E-2
6.500362934E1,4.016169310E-1,-4.357064366E-1,6.072192639E-2
6.500862830E1,3.451561928E-1,-3.771151006E-1,4.580776766E-2
6.501381611E1,2.908260524E-1,-3.238502741E-1,2.769771963E-2
6.501877392E1,2.407571077E-1,-2.780424953E-1,9.587672539E-3
6.502388268E1,2.002758235E-1,-2.354306281E-1,-9.587672539E-3
6.502898830E1,1.619251370E-1,-2.024064213E-1,-3.408950195E-2
6.503401643E1,1.267703325E-1,-1.779045910E-1,-5.219954997E-2
6.503900731E1,1.001379117E-1,-1.512721628E-1,-6.817900389E-2
6.504415481E1,8.096256852E-2,-1.246397421E-1,-8.841964602E-2
6.504919070E1,6.498311460E-2,-1.086602882E-1,-1.097255871E-1
6.505433080E1,5.539543927E-2,-1.012032107E-1,-1.299662292E-1
6.505952039E1,4.687306657E-2,-1.043990999E-1,-1.502068639E-1
6.506452325E1,3.728539124E-2,-1.150520667E-1,-1.661863178E-1
6.506952336E1,2.982831374E-2,-1.352927089E-1,-1.800351888E-1
6.507456612E1,2.237123623E-2,-1.608598381E-1,-1.960146427E-1
6.507961872E1,1.917534508E-2,-1.896228492E-1,-2.098634988E-1
6.508472279E1,2.237123623E-2,-2.247776538E-1,-2.205164731E-1
6.508971992E1,2.769771963E-2,-2.588671446E-1,-2.279735506E-1
6.509488242E1,4.687306657E-2,-2.801730931E-1,-2.301041335E-1
6.509994680E1,7.989726961E-2,-2.897607684E-1,-2.311694324E-1
6.510500445E1,1.161173657E-1,-3.068055212E-1,-2.290388346E-1
6.511007300E1,1.459456831E-1,-3.366338313E-1,-2.226470560E-1
6.511526044E1,1.821657717E-1,-3.600703776E-1,-2.141246796E-1
6.512028154E1,2.258429527E-1,-3.685927391E-1,-1.949493438E-1
6.512544482E1,2.695201337E-1,-3.632662594E-1,-1.736433953E-1
6.513029670E1,3.121320009E-1,-3.664621413E-1,-1.459456831E-1
6.513551925E1,3.504827023E-1,-3.888333738E-1,-1.129214764E-1
6.514051972E1,3.728539348E-1,-4.239881933E-1,-8.309315890E-2
6.514566586E1,3.941598535E-1,-4.495553076E-1,-5.326484516E-2
6.515061894E1,4.186616838E-1,-4.708612561E-1,-2.876301669E-2
6.515570842E1,4.506205916E-1,-4.857754111E-1,-1.278356276E-2
6.516074186E1,4.932324886E-1,-4.921671748E-1,-6.391781382E-3
6.516587644E1,5.315831900E-1,-4.889712930E-1,-1.065296936E-3
6.517086634E1,5.635420680E-1,-4.836448133E-1,6.391781382E-3
6.517602066E1,5.827174187E-1,-4.676653445E-1,1.065296959E-2
6.518102457E1,5.912398100E-1,-4.431635141E-1,2.237123623E-2
6.518637759E1,5.933703780E-1,-4.165311158E-1,3.622009605E-2
6.519125165E1,5.880439281E-1,-3.898986876E-1,4.580776766E-2
6.519634066E1,5.741950274E-1,-3.664621413E-1,5.646073818E-2
6.520133582E1,5.592808723E-1,-3.536785841E-1,7.030959427E-2
6.520645488E1,5.464973450E-1,-3.494173884E-1,7.350549102E-2
6.521155525E1,5.294525623E-1,-3.749845326E-1,5.859133229E-2
6.521662332E1,5.198649168E-1,-4.175963998E-1,5.326484516E-2
6.522158644E1,5.219954848E-1,-4.516859055E-1,5.113425106E-2
6.522670077E1,5.305178761E-1,-4.772530198E-1,3.515479714E-2
6.523180103E1,5.464973450E-1,-4.985589683E-1,1.917534508E-2
6.523687561E1,5.603461862E-1,-5.102772117E-1,1.704475097E-2
6.524187968E1,5.667379498E-1,-5.113425255E-1,1.171826664E-2
6.524704806E1,5.741950274E-1,-4.921671748E-1,4.261187743E-3
6.525208431E1,5.784562230E-1,-4.612735808E-1,-2.130593872E-3
6.525716603E1,5.795215368E-1,-4.282493591E-1,-7.457078435E-3
6.526219431E1,5.827174187E-1,-3.920292854E-1,-1.065296959E-2
6.526736806E1,5.827174187E-1,-3.611356616E-1,-1.384885982E-2
6.527237786E1,5.795215368E-1,-3.259808719E-1,-1.384885982E-2
6.527750858E1,5.688685775E-1,-2.908260524E-1,-3.195890691E-3
6.528245135E1,5.624767542E-1,-2.727160156E-1,7.457078435E-3
6.528761338E1,5.656726956E-1,-2.769772112E-1,1.704475097E-2
6.529263098E1,5.784562230E-1,-2.897607684E-1,2.343653329E-2
6.529773156E1,5.965662599E-1,-3.068055212E-1,2.982831374E-2
6.530282442E1,6.189374924E-1,-3.376991153E-1,3.835069016E-2
6.530783734E1,6.487658620E-1,-3.643315434E-1,4.367717355E-2
6.531287786E1,6.775288582E-1,-3.760498166E-1,5.113425106E-2
6.531798546E1,7.009654045E-1,-3.835068941E-1,5.859133229E-2
6.532307880E1,7.254672050E-1,-3.792456985E-1,6.924430281E-2
6.532817036E1,7.403813601E-1,-3.696580231E-1,7.563608140E-2
6.533325828E1,7.531649470E-1,-3.600703776E-1,8.202786744E-2
6.533848349E1,7.563608289E-1,-3.558091819E-1,9.055023640E-2
6.534338359E1,7.531649470E-1,-3.579397798E-1,9.481142461E-2
6.534845208E1,7.446425557E-1,-3.739192188E-1,9.587672353E-2
6.535350161E1,7.244018912E-1,-3.962904513E-1,9.587672353E-2
6.535872354E1,6.935083270E-1,-4.250534773E-1,9.161553532E-2
6.536364620E1,6.413087845E-1,-4.559471011E-1,8.415845782E-2
6.537024109E1,5.773909688E-1,-4.815142155E-1,7.350549102E-2
6.537374766E1,4.996242523E-1,-5.049507618E-1,5.965662748E-2
6.537894641E1,4.112046063E-1,-5.145384073E-1,4.687306657E-2
6.538388860E1,3.206543922E-1,-5.209302306E-1,3.302420676E-2
6.538897974E1,2.343653291E-1,-5.230607986E-1,1.491415687E-2
6.539402339E1,1.555333585E-1,-5.241261125E-1,-1.065296936E-3
6.539915808E1,8.522375673E-2,-5.241261125E-1,-1.278356276E-2
6.540418282E1,1.917534508E-2,-5.187996030E-1,-2.237123623E-2
6.540952750E1,-3.728539124E-2,-5.038854480E-1,-3.515479714E-2
6.541439558E1,-9.055023640E-2,-4.857754111E-1,-5.219954997E-2
6.541948126E1,-1.416844875E-1,-4.580776691E-1,-7.776667923E-2
6.542466600E1,-1.874922663E-1,-4.303799570E-1,-1.075949892E-1
6.542962391E1,-2.322347313E-1,-4.069434404E-1,-1.416844875E-1
6.543463407E1,-2.641936541E-1,-3.792456985E-1,-1.779045910E-1
6.543969220E1,-2.886954844E-1,-3.462215066E-1,-2.130593807E-1
6.544473787E1,-3.163931966E-1,-3.089361191E-1,-2.439530045E-1
6.544987678E1,-3.398297131E-1,-2.631283402E-1,-2.705854177E-1
6.545492897E1,-3.579397798E-1,-2.141246796E-1,-2.833689749E-1
6.545999334E1,-3.685927391E-1,-1.811004728E-1,-2.695201337E-1
6.546507590E1,-3.675274551E-1,-1.331621110E-1,-2.695201337E-1
6.547052636E1,-3.611356616E-1,-5.752603337E-2,-2.716507316E-1
6.547520803E1,-3.451561928E-1,2.769771963E-2,-2.524753809E-1
6.548032480E1,-3.174584806E-1,1.289009303E-1,-2.301041335E-1
6.548532590E1,-2.780424953E-1,2.386265099E-1,-1.981452256E-1
6.549041100E1,-2.290388346E-1,3.462215066E-1,-1.555333585E-1
6.549569866E1,-1.672516167E-1,4.367717505E-1,-1.278356314E-1
6.550063283E1,-1.054643989E-1,5.177342892E-1,-8.415845782E-2
6.550569845E1,-6.498311460E-2,6.072192788E-1,-2.024064213E-2
6.551104184E1,-5.113425106E-2,7.020306587E-1,2.982831374E-2
6.551578309E1,-5.326484516E-2,7.936462164E-1,5.965662748E-2
6.552107142E1,-6.178722158E-2,8.905882239E-1,8.415845782E-2
6.552590569E1,-7.670138031E-2,9.694201946E-1,1.001379117E-1
6.553101012E1,-9.587672353E-2,1.022685051E0,1.118561774E-1
6.553603325E1,-1.171826646E-1,1.065296888E0,1.214438528E-1
6.554111804E1,-1.523374617E-1,1.107908845E0,1.320968270E-1
6.554599059E1,-1.981452256E-1,1.156912446E0,1.406191885E-1
6.555128049E1,-2.556712627E-1,1.209112048E0,1.438150853E-1
6.555626507E1,-3.217196763E-1,1.257050395E0,1.491415650E-1
6.556145674E1,-3.984210491E-1,1.299662232E0,1.512721628E-1
6.556643872E1,-4.761877358E-1,1.342274189E0,1.502068639E-1
6.557163007E1,-5.550196767E-1,1.383820772E0,1.427497864E-1
6.557675789E1,-6.359822750E-1,1.418975472E0,1.363580078E-1
6.558190466E1,-7.126836777E-1,1.450934410E0,1.203785539E-1
6.558680174E1,-7.904503345E-1,1.479697466E0,1.001379117E-1
6.559184539E1,-8.618252277E-1,1.513786912E0,7.883197069E-2
6.559688091E1,-9.278736115E-1,1.548941731E0,6.178722158E-2
6.560210054E1,-9.832690954E-1,1.587292433E0,3.941598535E-2
6.560714482E1,-1.018423915E0,1.651210308E0,5.326484796E-3
6.561217778E1,-1.023750305E0,1.742825747E0,-2.450183034E-2
6.561714534E1,-9.885955453E-1,1.847224832E0,-4.900366068E-2
6.562237534E1,-9.204165339E-1,1.940971017E0,-7.670138031E-2
6.562744961E1,-8.319969177E-1,2.011280537E0,-1.001379117E-1
6.563248419E1,-7.361201644E-1,2.053892374E0,-1.182479635E-1
6.563745972E1,-6.519617438E-1,2.067741394E0,-1.331621110E-1
6.564256211E1,-5.901744962E-1,2.049631357E0,-1.416844875E-1
6.564725242E1,-5.528891087E-1,2.014476538E0,-1.406191885E-1
6.565290435E1,-5.411708355E-1,1.970799327E0,-1.320968270E-1
6.565769581E1,-5.539544225E-1,1.938840389E0,-1.171826646E-1
6.566265206E1,-5.827174187E-1,1.902620316E0,-1.022685021E-1
6.566784784E1,-6.189374924E-1,1.867465496E0,-9.161553532E-2
6.567302342E1,-6.615493894E-1,1.829114795E0,-7.883197069E-2
6.567802712E1,-7.052266002E-1,1.787568212E0,-6.178722158E-2
6.568327654E1,-7.467731237E-1,1.746021628E0,-3.941598535E-2
6.568820368E1,-7.840585709E-1,1.704475045E0,-1.384885982E-2
6.569331727E1,-8.202786446E-1,1.665059090E0,1.811004803E-2
6.569836186E1,-8.564987183E-1,1.644818425E0,6.711370498E-2
6.570361894E1,-8.927188516E-1,1.637361407E0,1.214438528E-1
6.570840160E1,-9.321348071E-1,1.612859607E0,1.544680595E-1
6.571359925E1,-9.811384678E-1,1.588357687E0,1.704475135E-1
6.571879972E1,-1.039729834E0,1.594749570E0,1.768392920E-1
6.572370092E1,-1.099386454E0,1.636296034E0,1.832310706E-1
6.572874186E1,-1.149455428E0,1.690626264E0,1.885575503E-1
6.573386946E1,-1.183544874E0,1.737499356E0,1.970799267E-1
6.573891759E1,-1.198459029E0,1.752413511E0,2.098634988E-1
6.574396368E1,-1.192067266E0,1.710866928E0,2.183858752E-1
6.574909254E1,-1.159043074E0,1.633100152E0,2.194511741E-1
6.575414999E1,-1.110039353E0,1.529766440E0,2.205164731E-1
6.575916978E1,-1.065296888E0,1.421106100E0,2.215817571E-1
6.576444061E1,-1.022685051E0,1.319902897E0,2.119940966E-1
6.576948577E1,-9.875302315E-1,1.211242557E0,1.917534471E-1
6.577443614E1,-9.587672353E-1,1.107908845E0,1.683169156E-1
6.577960140E1,-9.342654347E-1,1.008836150E0,1.502068639E-1
6.578475218E1,-9.193512797E-1,9.023064971E-1,1.384886056E-1
6.578957916E1,-9.150900841E-1,7.936462164E-1,1.384886056E-1
6.579469265E1,-9.342654347E-1,7.030959725E-1,1.491415650E-1
6.579976187E1,-9.662243128E-1,6.445046663E-1,1.502068639E-1
6.580496499E1,-1.009901524E0,6.114804149E-1,1.502068639E-1
6.580988942E1,-1.055709243E0,5.869786143E-1,1.565986425E-1
6.581502374E1,-1.097255826E0,5.528891087E-1,1.672516167E-1
6.582009687E1,-1.141998291E0,5.092119575E-1,1.757739931E-1
6.582526062E1,-1.170761347E0,4.666000605E-1,1.715128124E-1
6.583013307E1,-1.186740756E0,4.367717505E-1,1.608598381E-1
6.583542557E1,-1.197393775E0,4.122699201E-1,1.523374617E-1
6.584033291E1,-1.195263147E0,3.813762963E-1,1.438150853E-1
6.584541541E1,-1.172891974E0,3.398297131E-1,1.384886056E-1
6.585010906E1,-1.134541273E0,2.854995728E-1,1.374233067E-1
6.585523416E1,-1.081276417E0,2.301041335E-1,1.310315281E-1
6.586057823E1,-1.016293287E0,1.704475135E-1,1.097255871E-1
6.586576036E1,-9.427877665E-1,1.075949892E-1,8.948494494E-2
6.587069500E1,-8.543681502E-1,3.408950195E-2,6.498311460E-2
6.587600614E1,-7.627525926E-1,-5.113425106E-2,4.900366068E-2
6.588105719E1,-6.722023487E-1,-1.427497864E-1,3.408950195E-2
6.588622760E1,-5.827174187E-1,-2.364959270E-1,1.384885982E-2
6.589100896E1,-4.911018908E-1,-3.281114697E-1,-1.065296959E-2
6.589613083E1,-4.005516469E-1,-4.144005179E-1,-2.876301669E-2
6.590111235E1,-3.174584806E-1,-4.953630865E-1,-4.580776766E-2
6.590645245E1,-2.407571077E-1,-5.656726956E-1,-5.646073818E-2
6.591125401E1,-1.768392920E-1,-6.104151607E-1,-6.711370498E-2
6.591643933E1,-1.225091442E-1,-6.359822750E-1,-8.415845782E-2
6.592163204E1,-7.670138031E-2,-6.477005482E-1,-1.043990999E-1
6.592659401E1,-4.261187837E-2,-6.466352344E-1,-1.267703325E-1
6.593156037E1,-1.917534508E-2,-6.242640018E-1,-1.491415650E-1
6.593680011E1,-8.522375487E-3,-5.986968875E-1,-1.693822145E-1
6.594172006E1,-1.171826664E-2,-5.709991455E-1,-1.853616685E-1
6.594664933E1,-2.769771963E-2,-5.475625992E-1,-1.896228492E-1
6.595181438E1,-4.580776766E-2,-5.198649168E-1,-1.896228492E-1
6.595695912E1,-6.711370498E-2,-4.783183336E-1,-1.970799267E-1
6.596210319E1,-9.800732136E-2,-4.463594258E-1,-1.992105246E-1
6.596727027E1,-1.427497864E-1,-4.293146729E-1,-2.002758235E-1
6.597214907E1,-1.960146427E-1,-4.112046063E-1,-2.034717202E-1
6.597730532E1,-2.450182885E-1,-3.930945694E-1,-2.141246796E-1
6.598237746E1,-2.865648866E-1,-3.877680898E-1,-2.311694324E-1
6.598741798E1,-3.334379494E-1,-3.909639716E-1,-2.428877056E-1
6.599249163E1,-3.739192188E-1,-3.962904513E-1,-2.535406649E-1
6.599757006E1,-4.144005179E-1,-4.037475288E-1,-2.609977424E-1
6.600264579E1,-4.676653445E-1,-4.048128426E-1,-2.716507316E-1
6.600767949E1,-5.294525623E-1,-3.877680898E-1,-2.897607684E-1
6.601277012E1,-5.933703780E-1,-3.664621413E-1,-3.004137278E-1
6.601789793E1,-6.540923119E-1,-3.547438681E-1,-3.036096394E-1
6.602293314E1,-7.062918544E-1,-3.526133001E-1,-2.929566503E-1
6.602805298E1,-7.584913969E-1,-3.483521044E-1,-2.769772112E-1
6.603315835E1,-8.149521351E-1,-3.323726356E-1,-2.641936541E-1
6.603811637E1,-8.586293459E-1,-3.046749234E-1,-2.588671446E-1
6.604316319E1,-8.810005784E-1,-2.716507316E-1,-2.556712627E-1
6.604832398E1,-8.852617741E-1,-2.418224066E-1,-2.492794842E-1
6.605331908E1,-8.735435009E-1,-2.194511741E-1,-2.428877056E-1
6.605860898E1,-8.490416408E-1,-2.098634988E-1,-2.407571077E-1
6.606374689E1,-8.181480169E-1,-2.066676021E-1,-2.439530045E-1
6.606911747E1,-7.808626294E-1,-2.098634988E-1,-2.482141852E-1
6.607359288E1,-7.393160462E-1,-2.194511741E-1,-2.482141852E-1
6.607879773E1,-6.977695227E-1,-2.396918088E-1,-2.524753809E-1
6.608370768E1,-6.583535075E-1,-2.769772112E-1,-2.460835874E-1
6.608889200E1,-6.200028062E-1,-3.249155581E-1,-2.333000302E-1
6.609386945E1,-5.933703780E-1,-3.813762963E-1,-2.119940966E-1
6.609900606E1,-5.688685775E-1,-4.378370345E-1,-1.789698899E-1
6.610412898E1,-5.518237948E-1,-4.964283705E-1,-1.342274100E-1
6.610918054E1,-5.454320312E-1,-5.528891087E-1,-7.457078248E-2
6.611414711E1,-5.294525623E-1,-5.678032637E-1,-3.195890691E-3
6.611925278E1,-4.932324886E-1,-5.219954848E-1,7.350549102E-2
6.612424721E1,-4.346411526E-1,-4.389023483E-1,1.565986425E-1
6.612941971E1,-3.653968573E-1,-3.558091819E-1,2.588671446E-1
6.613440695E1,-3.046749234E-1,-3.163931966E-1,3.707233369E-1
6.613953716E1,-2.578018606E-1,-3.547438681E-1,4.697959423E-1
6.614460065E1,-1.992105246E-1,-4.538165033E-1,5.401055217E-1
6.614973372E1,-1.406191885E-1,-5.507585406E-1,5.720644593E-1
6.615478076E1,-8.096256852E-2,-5.688685775E-1,5.624767542E-1
6.615985013E1,-3.728539124E-2,-4.612735808E-1,5.198649168E-1
6.616500315E1,-1.704475097E-2,-2.194511741E-1,4.687306583E-1
6.617001623E1,-1.597945392E-2,7.244019210E-2,4.506205916E-1
6.617497946E1,-8.522375487E-3,2.844342887E-1,4.879060090E-1
6.618016071E1,2.343653329E-2,3.749845326E-1,5.539544225E-1
6.618533414E1,9.161553532E-2,3.739192188E-1,5.837827325E-1
6.619041159E1,2.024064213E-1,3.057402074E-1,5.646073818E-1
6.619528034E1,3.494173884E-1,1.811004728E-1,5.070813298E-1
6.620049732E1,5.049507618E-1,2.556712553E-2,4.165311158E-1
6.620553019E1,6.583535075E-1,-1.534027606E-1,3.068055212E-1
6.621053003E1,8.277357221E-1,-3.472867906E-1,1.917534471E-1
6.621564446E1,1.014162660E0,-5.422361493E-1,9.374613315E-2
6.622070238E1,1.196328402E0,-7.148142457E-1,1.704475097E-2
6.622587759E1,1.346535325E0,-8.628905416E-1,-5.326484516E-2
6.623089243E1,1.455195665E0,-1.002444386E0,-1.203785539E-1
6.623589149E1,1.513786912E0,-1.121757627E0,-1.811004728E-1
6.624115457E1,1.536158204E0,-1.206981421E0,-2.311694324E-1
6.624609728E1,1.532962322E0,-1.277291059E0,-2.695201337E-1
6.625146509E1,1.518048167E0,-1.309249878E0,-2.993484437E-1
6.625625535E1,1.494611621E0,-1.302858114E0,-3.366338313E-1
6.626129504E1,1.473305702E0,-1.266638041E0,-3.760498166E-1
6.626634702E1,1.453065038E0,-1.203785539E0,-4.133352041E-1
6.627144686E1,1.425367355E0,-1.145194173E0,-4.389023483E-1
6.627656895E1,1.396604300E0,-1.088733435E0,-4.527511895E-1
6.628122103E1,1.362514734E0,-1.035468578E0,-4.655347466E-1
6.628673244E1,1.328425288E0,-9.992485046E-1,-4.815142155E-1
6.629167692E1,1.299662232E0,-9.779425859E-1,-4.985589683E-1
6.629679364E1,1.269833922E0,-9.662243128E-1,-5.177342892E-1
6.630201249E1,1.240005612E0,-9.672896266E-1,-5.433014631E-1
6.630693884E1,1.208046675E0,-9.747467041E-1,-5.656726956E-1
6.631210478E1,1.178218365E0,-9.704855084E-1,-5.859133005E-1
6.631697254E1,1.144128919E0,-9.481142759E-1,-5.869786143E-1
6.632214385E1,1.091929317E0,-9.214818478E-1,-5.720644593E-1
6.632730182E1,1.031207442E0,-8.959147334E-1,-5.582156181E-1
6.633226484E1,9.800731540E-1,-8.660864234E-1,-5.486279130E-1
6.633737520E1,9.470489621E-1,-8.213439584E-1,-5.443667173E-1
6.634241078E1,9.257430434E-1,-7.840585709E-1,-5.369096398E-1
6.634783265E1,9.193512797E-1,-7.606220245E-1,-5.209302306E-1
6.635269500E1,9.225471616E-1,-7.478384376E-1,-4.964283705E-1
6.635766057E1,9.310694933E-1,-7.489037514E-1,-4.666000605E-1
6.636279796E1,9.438530803E-1,-7.595567107E-1,-4.335758388E-1
6.636782547E1,9.662243128E-1,-7.659484744E-1,-4.016169310E-1
6.637284901E1,9.896608591E-1,-7.638179064E-1,-3.643315434E-1
6.637792953E1,1.012032032E0,-7.595567107E-1,-3.174584806E-1
6.638300198E1,1.034403324E0,-7.510343194E-1,-2.684548199E-1
6.638824057E1,1.046121597E0,-7.435772419E-1,-2.247776538E-1
6.639327708E1,1.048252225E0,-7.382507920E-1,-1.842963696E-1
6.639787750E1,1.045056343E0,-7.265325189E-1,-1.491415650E-1
6.640346224E1,1.030142188E0,-7.041612864E-1,-1.214438528E-1
6.640826297E1,1.001379132E0,-6.839206219E-1,-1.054643989E-1
6.641340662E1,9.630284309E-1,-6.626147032E-1,-1.012032107E-1
6.641840969E1,9.182859659E-1,-6.242640018E-1,-9.907261282E-2
6.642356755E1,8.639557958E-1,-5.805868506E-1,-9.481142461E-2
6.642859422E1,7.979074121E-1,-5.496932268E-1,-9.268083423E-2
6.643385709E1,7.233366370E-1,-5.166690350E-1,-9.268083423E-2
6.643874704E1,6.519617438E-1,-4.857754111E-1,-9.161553532E-2
6.644389125E1,5.891091824E-1,-4.612735808E-1,-9.268083423E-2
6.644902297E1,5.305178761E-1,-4.389023483E-1,-9.161553532E-2
6.645416339E1,4.708612561E-1,-4.154658020E-1,-8.841964602E-2
6.645915803E1,4.165311158E-1,-3.920292854E-1,-8.948494494E-2
6.646429214E1,3.632662594E-1,-3.707233369E-1,-9.161553532E-2
6.646916969E1,3.185237944E-1,-3.536785841E-1,-9.161553532E-2
6.647447433E1,2.812383771E-1,-3.462215066E-1,-8.415845782E-2
6.647932912E1,2.460835874E-1,-3.408950269E-1,-7.776667923E-2
6.648444214E1,2.141246796E-1,-3.355685472E-1,-6.817900389E-2
6.648943105E1,1.842963696E-1,-3.302420378E-1,-5.859133229E-2
6.649457397E1,1.576639414E-1,-3.270461559E-1,-4.793836176E-2
6.649957803E1,1.320968270E-1,-3.259808719E-1,-3.941598535E-2
6.650465569E1,1.107908785E-1,-3.291767538E-1,-4.048128426E-2
6.650975517E1,9.268083423E-2,-3.334379494E-1,-5.113425106E-2
6.651493293E1,8.202786744E-2,-3.408950269E-1,-6.817900389E-2
6.651986236E1,7.776667923E-2,-3.526133001E-1,-8.735434711E-2
6.652509762E1,7.244019210E-2,-3.707233369E-1,-1.054643989E-1
6.652999262E1,6.924430281E-2,-3.845722079E-1,-1.214438528E-1
6.653508517E1,7.776667923E-2,-3.941598535E-1,-1.395539045E-1
6.654042580E1,8.628904819E-2,-4.069434404E-1,-1.597945392E-1
6.654532809E1,9.800732136E-2,-4.303799570E-1,-1.779045910E-1
6.655033673E1,1.193132550E-1,-4.495553076E-1,-1.896228492E-1
6.655548830E1,1.374233067E-1,-4.719265401E-1,-1.949493438E-1
6.656040002E1,1.544680595E-1,-4.996242523E-1,-2.013411224E-1
6.656521173E1,1.651210189E-1,-5.305178761E-1,-2.087981999E-1
6.657061522E1,1.693822145E-1,-5.646073818E-1,-2.077329010E-1
6.657566924E1,1.704475135E-1,-6.082845330E-1,-1.960146427E-1
6.658089444E1,1.576639414E-1,-6.626147032E-1,-1.672516167E-1
6.658585648E1,1.384886056E-1,-7.052266002E-1,-1.331621110E-1
6.659085288E1,1.363580078E-1,-7.158795595E-1,-1.118561774E-1
6.659619533E1,1.438150853E-1,-7.233366370E-1,-1.054643989E-1
6.660103643E1,1.587292403E-1,-7.425119877E-1,-9.481142461E-2
6.660620205E1,1.896228492E-1,-7.606220245E-1,-8.309315890E-2
6.661125210E1,2.226470560E-1,-7.595567107E-1,-7.457078248E-2
6.661632398E1,2.460835874E-1,-7.616873384E-1,-5.326484516E-2
6.662137716E1,2.588671446E-1,-7.648832202E-1,-2.876301669E-2
6.662641981E1,2.588671446E-1,-7.670137882E-1,-7.457078435E-3
6.663143492E1,2.578018606E-1,-7.616873384E-1,1.384885982E-2
6.663659544E1,2.492794842E-1,-7.595567107E-1,3.622009605E-2
6.664166258E1,2.439530045E-1,-7.520996332E-1,5.326484516E-2
6.664685221E1,2.439530045E-1,-7.489037514E-1,6.817900389E-2
6.665173862E1,2.333000302E-1,-7.627525926E-1,7.883197069E-2
6.665693747E1,2.194511741E-1,-7.734055519E-1,9.268083423E-2
6.666185810E1,2.066676021E-1,-7.712749839E-1,1.065296903E-1
6.666700289E1,1.874922663E-1,-7.744708657E-1,1.150520667E-1
6.667200378E1,1.693822145E-1,-7.702096701E-1,1.278356314E-1
6.667725336E1,1.608598381E-1,-7.329242826E-1,1.363580078E-1
6.668210044E1,1.629904360E-1,-6.775288582E-1,1.310315281E-1
6.668740034E1,1.683169156E-1,-6.200028062E-1,1.310315281E-1
6.669234013E1,1.704475135E-1,-5.582156181E-1,1.331621110E-1
6.669747518E1,1.768392920E-1,-4.985589683E-1,1.310315281E-1
6.670266706E1,1.842963696E-1,-4.463594258E-1,1.235744432E-1
6.670773649E1,1.842963696E-1,-4.026822448E-1,1.129214764E-1
6.671257279E1,1.842963696E-1,-3.707233369E-1,1.033338010E-1
6.671771133E1,1.672516167E-1,-3.675274551E-1,8.841964602E-2
6.672280545E1,1.512721628E-1,-3.643315434E-1,7.350549102E-2
6.672796441E1,1.651210189E-1,-3.611356616E-1,5.965662748E-2
6.673285592E1,1.821657717E-1,-3.771151006E-1,4.474247247E-2
6.673799540E1,2.056023031E-1,-3.941598535E-1,3.622009605E-2
6.674295998E1,2.354306281E-1,-3.920292854E-1,3.195890784E-2
6.674817722E1,2.663242221E-1,-3.781804144E-1,3.195890784E-2
6.675327264E1,2.972178459E-1,-3.579397798E-1,3.089361079E-2
6.675828649E1,3.281114697E-1,-3.323726356E-1,3.302420676E-2
6.676351373E1,3.622009456E-1,-3.131972849E-1,3.515479714E-2
6.676856946E1,4.005516469E-1,-3.057402074E-1,3.302420676E-2
6.677344186E1,4.399676323E-1,-3.153278828E-1,3.195890784E-2
6.677861905E1,4.761877358E-1,-3.366338313E-1,2.982831374E-2
6.678356894E1,5.134730935E-1,-3.632662594E-1,2.876301669E-2
6.678833665E1,5.443667173E-1,-3.781804144E-1,2.769771963E-2
6.679365738E1,5.678032637E-1,-3.803110123E-1,2.343653329E-2
6.679881332E1,5.795215368E-1,-3.696580231E-1,2.556712553E-2
6.680383509E1,5.837827325E-1,-3.483521044E-1,2.876301669E-2
6.680918238E1,5.837827325E-1,-3.270461559E-1,3.195890784E-2
6.681396952E1,5.784562230E-1,-2.940219641E-1,2.450183034E-2
6.681909155E1,5.699338317E-1,-2.631283402E-1,1.917534508E-2
6.682427801E1,5.656726956E-1,-2.418224066E-1,1.704475097E-2
6.682930749E1,5.603461862E-1,-2.354306281E-1,2.237123623E-2
6.683427499E1,5.475625992E-1,-2.524753809E-1,3.195890784E-2
6.683954634E1,5.209302306E-1,-2.727160156E-1,3.622009605E-2
6.684437614E1,4.783183336E-1,-2.780424953E-1,3.089361079E-2
6.684935791E1,4.112046063E-1,-2.567365468E-1,1.917534508E-2
6.685456437E1,3.302420378E-1,-2.087981999E-1,0.000000000E0
6.685967025E1,2.450182885E-1,-1.342274100E-1,-2.237123623E-2
6.686475531E1,1.672516167E-1,-4.048128426E-2,-4.900366068E-2
6.686994317E1,1.033338010E-1,5.965662748E-2,-7.883197069E-2
6.687503536E1,4.474247247E-2,1.363580078E-1,-1.182479635E-1
6.688010473E1,-8.522375487E-3,1.821657717E-1,-1.651210189E-1
6.688499698E1,-5.433014408E-2,2.119940966E-1,-2.119940966E-1
6.689033020E1,-9.374613315E-2,2.407571077E-1,-2.556712627E-1
6.689521526E1,-1.267703325E-1,2.556712627E-1,-2.854995728E-1
6.690045599E1,-1.384886056E-1,3.057402074E-1,-3.579397798E-1
6.690503542E1,-1.289009303E-1,3.728539348E-1,-4.357064366E-1
6.691039979E1,-1.107908785E-1,4.229228795E-1,-4.815142155E-1
6.691551651E1,-1.043990999E-1,4.868406951E-1,-5.038854480E-1
6.692053219E1,-1.118561774E-1,5.496932268E-1,-5.049507618E-1
6.692552625E1,-1.257050335E-1,6.274598837E-1,-5.241261125E-1
6.693080755E1,-1.320968270E-1,7.041612864E-1,-5.241261125E-1
6.693567156E1,-1.342274100E-1,7.659484744E-1,-4.847100973E-1
6.694083422E1,-1.438150853E-1,8.234745264E-1,-4.335758388E-1
6.694584500E1,-1.629904360E-1,8.863270283E-1,-3.685927391E-1
6.695095865E1,-1.842963696E-1,9.683549404E-1,-2.982831299E-1
6.695599802E1,-2.066676021E-1,1.075949907E0,-2.226470560E-1
6.696111880E1,-2.290388346E-1,1.210177302E0,-1.470109820E-1
6.696609183E1,-2.460835874E-1,1.356122971E0,-7.563608140E-2
6.697141068E1,-2.620630562E-1,1.508460402E0,-6.391781382E-3
6.697638740E1,-2.737812996E-1,1.659732580E0,5.752603337E-2
6.698151334E1,-2.801730931E-1,1.803547740E0,1.161173657E-1
6.698643511E1,-2.844342887E-1,1.909012079E0,1.725780964E-1
6.699163652E1,-3.046749234E-1,1.965472817E0,2.279735506E-1
6.699661334E1,-3.249155581E-1,1.997431755E0,2.588671446E-1
6.700168199E1,-3.355685472E-1,2.017672300E0,2.578018606E-1
6.700682704E1,-3.419603109E-1,2.033651829E0,2.407571077E-1
6.701179636E1,-3.472867906E-1,2.058153629E0,2.109287977E-1
6.701680866E1,-3.483521044E-1,2.083720922E0,1.789698899E-1
6.702208199E1,-3.366338313E-1,2.114614487E0,1.534027606E-1
6.702709767E1,-3.025443256E-1,2.150834560E0,1.203785539E-1
6.703225324E1,-2.503447831E-1,2.193446398E0,8.096256852E-2
6.703713814E1,-1.747086942E-1,2.227535963E0,4.687306657E-2
6.704222600E1,-1.012032107E-1,2.233927727E0,1.597945392E-2
6.704747501E1,-4.154657945E-2,2.214752436E0,-6.391781382E-3
6.705249715E1,-3.195890691E-3,2.166813850E0,-2.130593918E-2
6.705740277E1,5.326484796E-3,2.100765467E0,-2.769771963E-2
6.706267236E1,-8.522375487E-3,2.027260065E0,-2.237123623E-2
6.706764392E1,-4.793836176E-2,1.953754544E0,0.000000000E0
6.707266241E1,-1.139867753E-1,1.870661378E0,2.343653329E-2
6.707787189E1,-2.034717202E-1,1.787568212E0,5.219954997E-2
6.708287163E1,-3.100014031E-1,1.707671046E0,9.161553532E-2
6.708755116E1,-4.389023483E-1,1.643753171E0,1.384886056E-1
6.709303606E1,-5.827174187E-1,1.594749570E0,1.917534471E-1
6.709814356E1,-7.393160462E-1,1.574508905E0,2.407571077E-1
6.710317455E1,-8.863270283E-1,1.603271842E0,2.886954844E-1
6.710810950E1,-1.024815679E0,1.676777363E0,3.366338313E-1
6.711348268E1,-1.151585937E0,1.785437703E0,3.813762963E-1
6.711833502E1,-1.262376904E0,1.912207961E0,4.207922816E-1
6.712357809E1,-1.349731207E0,2.009150028E0,4.538165033E-1
6.712836419E1,-1.414714336E0,2.067741394E0,4.740571380E-1
6.713323481E1,-1.438150883E0,2.090112686E0,4.889712930E-1
6.713853153E1,-1.422171354E0,2.078394413E0,4.889712930E-1
6.714370580E1,-1.368906617E0,2.034717083E0,4.911018908E-1
6.714894945E1,-1.295401096E0,1.963342309E0,5.006895661E-1
6.715410742E1,-1.220830321E0,1.863204360E0,5.060160160E-1
6.715884664E1,-1.145194173E0,1.742825747E0,5.060160160E-1
6.716401539E1,-1.067427516E0,1.610728979E0,5.017548800E-1
6.716896763E1,-9.971179366E-1,1.473305702E0,4.974936545E-1
6.717419180E1,-9.395918846E-1,1.336947680E0,4.964283705E-1
6.717917534E1,-8.895229697E-1,1.208046675E0,4.932324886E-1
6.718429555E1,-8.405193090E-1,1.086602926E0,4.751224220E-1
6.718928336E1,-8.096256852E-1,9.768772721E-1,4.431635141E-1
6.719438331E1,-7.947115302E-1,8.788699508E-1,4.175963998E-1
6.719939581E1,-7.861891389E-1,8.053644896E-1,4.048128426E-1
6.720450076E1,-7.755361795E-1,7.829932570E-1,4.026822448E-1
6.720954451E1,-7.776667476E-1,8.085603714E-1,3.962904513E-1
6.721467768E1,-7.840585709E-1,8.149521351E-1,3.877680898E-1
6.721985685E1,-8.042991757E-1,7.457078695E-1,3.707233369E-1
6.722482784E1,-8.469110727E-1,6.370475888E-1,3.398297131E-1
6.722978732E1,-8.884576559E-1,5.571503043E-1,2.950872481E-1
6.723503711E1,-9.129594564E-1,5.177342892E-1,2.482141852E-1
6.723997753E1,-9.172206521E-1,4.964283705E-1,2.045370042E-1
6.724523727E1,-9.118942022E-1,4.666000605E-1,1.725780964E-1
6.725018717E1,-8.991106153E-1,4.144005179E-1,1.565986425E-1
6.725496462E1,-8.724781871E-1,3.547438681E-1,1.438150853E-1
6.726042337E1,-8.394539952E-1,2.972178459E-1,1.310315281E-1
6.726544457E1,-8.106909394E-1,2.258429527E-1,9.481142461E-2
6.727045556E1,-7.680791020E-1,1.448803842E-1,3.622009605E-2
6.727552493E1,-7.190754414E-1,4.154657945E-2,-2.450183034E-2
6.728069238E1,-6.615493894E-1,-7.457078248E-2,-7.563608140E-2
6.728575873E1,-5.965662599E-1,-1.874922663E-1,-1.193132550E-1
6.729087535E1,-5.294525623E-1,-2.897607684E-1,-1.629904360E-1
6.729599858E1,-4.644694626E-1,-3.792456985E-1,-2.066676021E-1
6.730084389E1,-4.005516469E-1,-4.634041786E-1,-2.407571077E-1
6.730595535E1,-3.483521044E-1,-5.347790718E-1,-2.631283402E-1
6.731109848E1,-2.982831299E-1,-5.944356918E-1,-2.684548199E-1
6.731610285E1,-2.460835874E-1,-6.402434707E-1,-2.684548199E-1
6.732111473E1,-1.949493438E-1,-6.796594262E-1,-2.716507316E-1
6.732622207E1,-1.512721628E-1,-7.084224820E-1,-2.673895359E-1
6.733125509E1,-1.097255871E-1,-7.222713232E-1,-2.641936541E-1
6.733646848E1,-8.096256852E-2,-7.275978327E-1,-2.641936541E-1
6.734145140E1,-6.391781569E-2,-7.297284007E-1,-2.609977424E-1
6.734652890E1,-4.900366068E-2,-7.329242826E-1,-2.524753809E-1
6.735159702E1,-3.835069016E-2,-7.318589687E-1,-2.407571077E-1
6.735670160E1,-4.793836176E-2,-7.222713232E-1,-2.247776538E-1
6.736172395E1,-6.711370498E-2,-7.041612864E-1,-2.130593807E-1
6.736700223E1,-9.055023640E-2,-6.785941720E-1,-2.045370042E-1
6.737202072E1,-1.129214764E-1,-6.583535075E-1,-2.013411224E-1
6.737698135E1,-1.544680595E-1,-6.455699205E-1,-2.045370042E-1
6.738203213E1,-2.258429527E-1,-6.168069243E-1,-2.205164731E-1
6.738725666E1,-3.068055212E-1,-5.678032637E-1,-2.311694324E-1
6.739219145E1,-3.835068941E-1,-4.996242523E-1,-2.354306281E-1
6.739726479E1,-4.602082670E-1,-4.197269976E-1,-2.407571077E-1
6.740222869E1,-5.315831900E-1,-3.313073516E-1,-2.386265099E-1
6.740741307E1,-6.018927693E-1,-2.439530045E-1,-2.258429527E-1
6.741250828E1,-6.658105850E-1,-1.544680595E-1,-2.109287977E-1
6.741768093E1,-7.105530500E-1,-6.285251677E-2,-1.842963696E-1
6.742256463E1,-7.307937145E-1,3.302420676E-2,-1.619251370E-1
6.742762088E1,-7.403813601E-1,1.512721628E-1,-1.384886056E-1
6.743272766E1,-7.563608289E-1,2.961525619E-1,-1.054643989E-1
6.743784521E1,-7.861891389E-1,4.623388648E-1,-6.072192639E-2
6.744287161E1,-8.266704082E-1,6.008274555E-1,1.917534508E-2
6.744794755E1,-8.724781871E-1,6.519617438E-1,1.342274100E-1
6.745295453E1,-8.852617741E-1,6.093498468E-1,2.823036909E-1
6.745810844E1,-8.511722684E-1,4.676653445E-1,4.250534773E-1
6.746328328E1,-7.797973752E-1,1.853616685E-1,4.953630865E-1
6.746837537E1,-6.690064669E-1,-2.034717202E-1,4.474247098E-1
6.747324610E1,-5.315831900E-1,-6.146763563E-1,3.036096394E-1
6.747842386E1,-3.824416101E-1,-9.300042391E-1,1.267703325E-1
6.748345500E1,-2.524753809E-1,-1.082341671E0,-2.876301669E-2
6.748860016E1,-1.683169156E-1,-1.078080535E0,-1.320968270E-1
6.749353912E1,-1.267703325E-1,-9.300042391E-1,-1.629904360E-1
6.749877323E1,-1.171826646E-1,-7.212060094E-1,-1.171826646E-1
6.750375058E1,-1.704475135E-1,-5.528891087E-1,-1.278356276E-2
6.750879933E1,-2.673895359E-1,-4.357064366E-1,1.267703325E-1
6.751383652E1,-3.547438681E-1,-3.451561928E-1,2.737812996E-1
6.751920298E1,-3.888333738E-1,-2.876301706E-1,4.048128426E-1
6.752405578E1,-3.622009456E-1,-2.535406649E-1,5.145384073E-1
6.752915907E1,-2.833689749E-1,-2.407571077E-1,5.912398100E-1
6.753381298E1,-1.736433953E-1,-2.450182885E-1,6.231986880E-1
6.753918527E1,-4.793836176E-2,-2.737812996E-1,6.114804149E-1
6.754421189E1,9.907261282E-2,-3.483521044E-1,5.656726956E-1
6.754936975E1,2.705854177E-1,-4.761877358E-1,4.879060090E-1
6.755470756E1,4.431635141E-1,-6.114804149E-1,3.973557651E-1
6.755969371E1,6.114804149E-1,-7.457078695E-1,2.940219641E-1
6.756457048E1,7.670137882E-1,-8.852617741E-1,1.821657717E-1
6.756969584E1,8.916535378E-1,-1.022685051E0,8.628904819E-2
6.757464522E1,9.726160765E-1,-1.145194173E0,-5.326484796E-3
6.757977678E1,1.021619797E0,-1.234679103E0,-1.182479635E-1
6.758485064E1,1.037599206E0,-1.266638041E0,-2.194511741E-1
6.758999606E1,1.025880933E0,-1.268768668E0,-3.036096394E-1
6.759498512E1,1.004575014E0,-1.265572786E0,-3.813762963E-1
6.760051184E1,9.843343496E-1,-1.249593258E0,-4.548817873E-1
6.760513017E1,9.662243128E-1,-1.226156831E0,-5.166690350E-1
6.761030543E1,9.470489621E-1,-1.195263147E0,-5.550196767E-1
6.761546122E1,9.214818478E-1,-1.164369583E0,-5.678032637E-1
6.762046606E1,8.948494196E-1,-1.129214764E0,-5.678032637E-1
6.762508679E1,8.692823052E-1,-1.086602926E0,-5.528891087E-1
6.763016101E1,8.522375226E-1,-1.046121597E0,-5.294525623E-1
6.763518090E1,8.373233676E-1,-1.012032032E0,-5.038854480E-1
6.764030273E1,8.266704082E-1,-9.853996634E-1,-4.857754111E-1
6.764531934E1,8.256051540E-1,-9.683549404E-1,-4.708612561E-1
6.765044705E1,8.266704082E-1,-9.683549404E-1,-4.580776691E-1
6.765545518E1,8.202786446E-1,-9.747467041E-1,-4.420982301E-1
6.766058221E1,8.085603714E-1,-9.843343496E-1,-4.250534773E-1
6.766561711E1,7.893850207E-1,-9.960526228E-1,-4.080087245E-1
6.767074106E1,7.755361795E-1,-1.006705642E0,-3.888333738E-1
6.767575742E1,7.723402977E-1,-1.003509760E0,-3.728539348E-1
6.768087237E1,7.776667476E-1,-9.758120179E-1,-3.664621413E-1
6.768594299E1,7.840585709E-1,-9.353306890E-1,-3.632662594E-1
6.769102653E1,7.947115302E-1,-9.001759291E-1,-3.590050638E-1
6.769603508E1,8.074950576E-1,-8.735435009E-1,-3.590050638E-1
6.770119706E1,8.138868809E-1,-8.628905416E-1,-3.611356616E-1
6.770617862E1,8.138868809E-1,-8.639557958E-1,-3.590050638E-1
6.771130331E1,8.192133307E-1,-8.767393827E-1,-3.536785841E-1
6.771631685E1,8.128215671E-1,-9.055023789E-1,-3.451561928E-1
6.772145524E1,7.872544527E-1,-9.353306890E-1,-3.398297131E-1
6.772646815E1,7.563608289E-1,-9.534407854E-1,-3.291767538E-1
6.773158768E1,7.148142457E-1,-9.566366673E-1,-3.142625988E-1
6.773661581E1,6.658105850E-1,-9.513101578E-1,-2.972178459E-1
6.774176576E1,6.114804149E-1,-9.395918846E-1,-2.812383771E-1
6.774675779E1,5.496932268E-1,-9.214818478E-1,-2.748466134E-1
6.775187138E1,4.836448133E-1,-8.948494196E-1,-2.769772112E-1
6.775690472E1,4.069434404E-1,-8.607599139E-1,-2.791078091E-1
6.776202935E1,3.089361191E-1,-8.383886814E-1,-2.716507316E-1
6.776703003E1,1.896228492E-1,-8.298662901E-1,-2.641936541E-1
6.777218993E1,6.604841352E-2,-8.288010359E-1,-2.578018606E-1
6.777718441E1,-4.793836176E-2,-8.245398402E-1,-2.588671446E-1
6.778230191E1,-1.491415650E-1,-8.096256852E-1,-2.567365468E-1
6.778733618E1,-2.311694324E-1,-7.883197069E-1,-2.524753809E-1
6.779243946E1,-2.908260524E-1,-7.734055519E-1,-2.514100671E-1
6.779745675E1,-3.313073516E-1,-7.659484744E-1,-2.535406649E-1
6.780262550E1,-3.600703776E-1,-7.648832202E-1,-2.556712627E-1
6.780759832E1,-3.781804144E-1,-7.638179064E-1,-2.546059787E-1
6.781272295E1,-3.771151006E-1,-7.563608289E-1,-2.546059787E-1
6.781781780E1,-3.643315434E-1,-7.425119877E-1,-2.482141852E-1
6.782307415E1,-3.462215066E-1,-7.297284007E-1,-2.396918088E-1
6.782831670E1,-3.281114697E-1,-7.286630869E-1,-2.322347313E-1
6.783340118E1,-3.078708053E-1,-7.318589687E-1,-2.258429527E-1
6.783835790E1,-2.801730931E-1,-7.286630869E-1,-2.173205763E-1
6.784347447E1,-2.407571077E-1,-7.212060094E-1,-2.077329010E-1
6.784859004E1,-1.896228492E-1,-7.116183639E-1,-1.938840449E-1
6.785365468E1,-1.289009303E-1,-6.967042089E-1,-1.800351888E-1
6.785889353E1,-6.285251677E-2,-6.828553081E-1,-1.640557349E-1
6.786385452E1,2.130593872E-3,-6.700717807E-1,-1.352927089E-1
6.786885364E1,5.326484516E-2,-6.817900538E-1,-9.694202244E-2
6.787404275E1,8.096256852E-2,-7.105530500E-1,-4.367717355E-2
6.787902801E1,1.012032107E-1,-7.286630869E-1,1.278356276E-2
6.788419322E1,1.235744432E-1,-7.393160462E-1,6.498311460E-2
6.788931780E1,1.512721628E-1,-7.425119877E-1,1.012032107E-1
6.789423973E1,1.949493438E-1,-7.510343194E-1,1.182479635E-1
6.789944754E1,2.450182885E-1,-7.829932570E-1,1.267703325E-1
6.790435338E1,2.908260524E-1,-8.394539952E-1,1.310315281E-1
6.790934614E1,3.483521044E-1,-8.852617741E-1,1.374233067E-1
6.791455890E1,4.101393223E-1,-9.086982608E-1,1.352927089E-1
6.791953375E1,4.612735808E-1,-9.289389253E-1,1.320968270E-1
6.792459708E1,4.932324886E-1,-9.513101578E-1,1.214438528E-1
6.792967703E1,5.209302306E-1,-9.630284309E-1,1.118561774E-1
6.793474296E1,5.507585406E-1,-9.587672353E-1,9.694202244E-2
6.793981239E1,5.880439281E-1,-9.417225122E-1,7.883197069E-2
6.794488187E1,6.231986880E-1,-9.268083572E-1,6.391781569E-2
6.794992135E1,6.594188213E-1,-9.065676928E-1,4.687306657E-2
6.795505531E1,7.009654045E-1,-8.767393827E-1,2.876301669E-2
6.796006719E1,7.382507920E-1,-8.469110727E-1,9.587672539E-3
6.796530281E1,7.691444159E-1,-8.181480169E-1,-9.587672539E-3
6.797020203E1,7.861891389E-1,-7.904503345E-1,-2.556712553E-2
6.797532552E1,7.936462164E-1,-7.563608289E-1,-4.580776766E-2
6.798033521E1,7.936462164E-1,-6.967042089E-1,-7.244019210E-2
6.798551651E1,7.840585709E-1,-6.242640018E-1,-1.033338010E-1
6.799055906E1,7.616873384E-1,-5.582156181E-1,-1.310315281E-1
6.799575776E1,7.222713232E-1,-4.900365770E-1,-1.576639414E-1
6.800083245E1,6.668758988E-1,-4.239881933E-1,-1.821657717E-1
6.800585849E1,6.093498468E-1,-3.717886209E-1,-2.002758235E-1
6.801078573E1,5.582156181E-1,-3.334379494E-1,-2.151899785E-1
6.801595938E1,5.198649168E-1,-3.036096394E-1,-2.269082516E-1
6.802103323E1,4.900365770E-1,-2.780424953E-1,-2.290388346E-1
6.802607344E1,4.761877358E-1,-2.599324584E-1,-2.215817571E-1
6.803103266E1,4.815142155E-1,-2.418224066E-1,-2.045370042E-1
6.803617287E1,4.964283705E-1,-2.151899785E-1,-1.896228492E-1
6.804142188E1,5.145384073E-1,-1.789698899E-1,-1.704475135E-1
6.804641850E1,5.273219943E-1,-1.427497864E-1,-1.480762810E-1
6.805150485E1,5.294525623E-1,-1.065296903E-1,-1.267703325E-1
6.805644147E1,5.102772117E-1,-6.391781569E-2,-1.054643989E-1
6.806150996E1,4.719265401E-1,-1.491415687E-2,-8.735434711E-2
6.806658381E1,4.165311158E-1,4.687306657E-2,-7.670138031E-2
6.807165923E1,3.504827023E-1,1.033338010E-1,-7.350549102E-2
6.807685991E1,2.791078091E-1,1.438150853E-1,-7.137489319E-2
6.808179527E1,2.034717202E-1,1.587292403E-1,-7.883197069E-2
6.808699355E1,1.267703325E-1,1.576639414E-1,-9.055023640E-2
6.809210944E1,6.391781569E-2,1.842963696E-1,-8.948494494E-2
6.809709538E1,-5.326484796E-3,2.119940966E-1,-8.841964602E-2
6.810180866E1,-9.587672353E-2,2.056023031E-1,-1.001379117E-1
6.810717460E1,-1.896228492E-1,1.821657717E-1,-1.214438528E-1
6.811223600E1,-2.854995728E-1,1.683169156E-1,-1.523374617E-1
6.811755371E1,-3.739192188E-1,1.651210189E-1,-1.960146427E-1
6.812249694E1,-4.538165033E-1,1.608598381E-1,-2.407571077E-1
6.812746309E1,-5.198649168E-1,1.565986425E-1,-2.929566503E-1
6.813255950E1,-5.699338317E-1,1.992105246E-1,-3.813762963E-1
6.813760450E1,-6.125457287E-1,2.652589381E-1,-4.367717505E-1
6.814267872E1,-6.423740387E-1,3.345032334E-1,-4.634041786E-1
6.814776642E1,-6.594188213E-1,4.133352041E-1,-4.548817873E-1
6.815284226E1,-6.658105850E-1,5.049507618E-1,-4.101393223E-1
6.815809028E1,-6.668758988E-1,6.029580832E-1,-3.611356616E-1
6.816300564E1,-6.604840755E-1,6.999000907E-1,-3.004137278E-1
6.816805684E1,-6.551576257E-1,7.915156484E-1,-2.301041335E-1
6.817311789E1,-6.615493894E-1,8.852617741E-1,-1.693822145E-1
6.817839955E1,-6.711370945E-1,9.928567410E-1,-1.150520667E-1
6.818330408E1,-6.849859357E-1,1.121757627E0,-5.646073818E-2
6.818833575E1,-7.094877362E-1,1.265572786E0,3.195890691E-3
6.819351013E1,-7.393160462E-1,1.407257199E0,5.752603337E-2
6.819848851E1,-7.702096701E-1,1.540419340E0,1.012032107E-1
6.820356867E1,-7.925809026E-1,1.670385599E0,1.331621110E-1
6.820865554E1,-7.925809026E-1,1.791829467E0,1.502068639E-1
6.821363523E1,-7.638179064E-1,1.894097924E0,1.470109820E-1
6.821876377E1,-7.094877362E-1,1.979321718E0,1.374233067E-1
6.822395878E1,-6.423740387E-1,2.043239594E0,1.299662292E-1
6.822902747E1,-5.752603412E-1,2.086916685E0,1.182479635E-1
6.823399680E1,-5.060160160E-1,2.123136759E0,9.694202244E-2
6.823907357E1,-4.378370345E-1,2.160422087E0,7.883197069E-2
6.824412722E1,-3.739192188E-1,2.196642399E0,5.859133229E-2
6.824922935E1,-3.131972849E-1,2.225405216E0,4.367717355E-2
6.825425925E1,-2.631283402E-1,2.237123489E0,3.089361079E-2
6.825939248E1,-2.269082516E-1,2.236058235E0,1.704475097E-2
6.826454680E1,-1.970799267E-1,2.226470709E0,5.326484796E-3
6.826947873E1,-1.736433953E-1,2.214752436E0,1.384885982E-2
6.827452821E1,-1.544680595E-1,2.200903416E0,3.515479714E-2
6.827966732E1,-1.448803842E-1,2.185989380E0,6.711370498E-2
6.828463659E1,-1.534027606E-1,2.167879343E0,1.033338010E-1
6.828995326E1,-1.842963696E-1,2.128463268E0,1.416844875E-1
6.829478107E1,-2.269082516E-1,2.079459667E0,1.779045910E-1
6.829991238E1,-2.684548199E-1,2.034717083E0,2.269082516E-1
6.830495878E1,-3.121320009E-1,1.985713482E0,2.876301706E-1
6.831003717E1,-3.611356616E-1,1.928187490E0,3.387644291E-1
6.831506472E1,-4.122699201E-1,1.882379651E0,3.813762963E-1
6.831991649E1,-4.655347466E-1,1.856812596E0,4.165311158E-1
6.832519993E1,-5.187996030E-1,1.846159577E0,4.399676323E-1
6.833052332E1,-5.699338317E-1,1.857877851E0,4.506205916E-1
6.833546993E1,-6.157416105E-1,1.896228552E0,4.591429830E-1
6.834047373E1,-6.594188213E-1,1.927122116E0,4.729918540E-1
6.834593056E1,-7.084224820E-1,1.937775135E0,4.879060090E-1
6.835066748E1,-7.680791020E-1,1.931383371E0,4.996242523E-1
6.835586915E1,-8.351927996E-1,1.898359179E0,4.932324886E-1
6.836096379E1,-9.033718109E-1,1.862138987E0,4.772530198E-1
6.836591462E1,-9.694201946E-1,1.830180168E0,4.655347466E-1
6.837099488E1,-1.033338070E0,1.796090603E0,4.655347466E-1
6.837618718E1,-1.082341671E0,1.764131784E0,4.644694626E-1
6.838110942E1,-1.118561745E0,1.725781083E0,4.655347466E-1
6.838605285E1,-1.138802409E0,1.675712109E0,4.697959423E-1
6.839129561E1,-1.139867663E0,1.623512506E0,4.634041786E-1
6.839639275E1,-1.129214764E0,1.540419340E0,4.335758388E-1
6.840135765E1,-1.101517081E0,1.421106100E0,3.952251673E-1
6.840639874E1,-1.068492770E0,1.275160432E0,3.590050638E-1
6.841158218E1,-1.041860461E0,1.102582335E0,3.281114697E-1
6.841651348E1,-1.018423915E0,9.108288884E-1,2.982831299E-1
6.842162650E1,-9.960526228E-1,7.307937145E-1,2.609977424E-1
6.842682499E1,-9.790078998E-1,5.869786143E-1,2.183858752E-1
6.843177926E1,-9.875302315E-1,4.815142155E-1,1.747086942E-1
6.843699531E1,-1.004575014E0,4.154658020E-1,1.438150853E-1
6.844195833E1,-1.023750305E0,3.749845326E-1,1.182479635E-1
6.844699474E1,-1.048252225E0,3.323726356E-1,9.055023640E-2
6.845212026E1,-1.059970498E0,2.972178459E-1,6.391781569E-2
6.845706927E1,-1.052513361E0,2.812383771E-1,3.835069016E-2
6.846221396E1,-1.026946187E0,2.684548199E-1,9.587672539E-3
6.846733224E1,-9.896608591E-1,2.428877056E-1,-1.171826664E-2
6.847244479E1,-9.438530803E-1,1.960146427E-1,-3.302420676E-2
6.847750458E1,-8.852617741E-1,1.470109820E-1,-7.030959427E-2
6.848255734E1,-8.192133307E-1,8.522375673E-2,-1.203785539E-1
6.848780312E1,-7.552955151E-1,3.195890691E-3,-1.693822145E-1
6.849278312E1,-6.903123856E-1,-9.055023640E-2,-2.226470560E-1
6.849769880E1,-6.263945699E-1,-1.885575503E-1,-2.673895359E-1
6.850244339E1,-5.592808723E-1,-2.950872481E-1,-3.057402074E-1
6.850784813E1,-5.028201342E-1,-3.962904513E-1,-3.376991153E-1
6.851296802E1,-4.623388648E-1,-4.868406951E-1,-3.685927391E-1
6.851806063E1,-4.229228795E-1,-5.688685775E-1,-3.973557651E-1
6.852309880E1,-3.824416101E-1,-6.519617438E-1,-4.122699201E-1
6.852828917E1,-3.387644291E-1,-7.457078695E-1,-4.154658020E-1
6.853320537E1,-2.780424953E-1,-8.383886814E-1,-4.144005179E-1
6.853822167E1,-2.141246796E-1,-9.108288884E-1,-4.048128426E-1
6.854351230E1,-1.534027606E-1,-9.587672353E-1,-3.877680898E-1
6.854841527E1,-1.043990999E-1,-9.811384678E-1,-3.707233369E-1
6.855318792E1,-8.522375673E-2,-9.800731540E-1,-3.558091819E-1
6.855848600E1,-9.800732136E-2,-9.502448440E-1,-3.376991153E-1
6.856373766E1,-1.299662292E-1,-9.001759291E-1,-3.153278828E-1
6.856865740E1,-1.725780964E-1,-8.405193090E-1,-2.972178459E-1
6.857376756E1,-2.141246796E-1,-7.893850207E-1,-2.908260524E-1
6.857880105E1,-2.428877056E-1,-7.670137882E-1,-2.897607684E-1
6.858386923E1,-2.737812996E-1,-7.670137882E-1,-3.025443256E-1
6.858895569E1,-3.185237944E-1,-7.680791020E-1,-3.174584806E-1
6.859403011E1,-3.739192188E-1,-7.499690652E-1,-3.227849603E-1
6.859910209E1,-4.314452708E-1,-7.009654045E-1,-3.238502741E-1
6.860421517E1,-4.815142155E-1,-6.125457287E-1,-3.238502741E-1
6.860922892E1,-5.230607986E-1,-5.060160160E-1,-3.270461559E-1
6.861431194E1,-5.571503043E-1,-3.984210491E-1,-3.430256248E-1
6.861939772E1,-5.805868506E-1,-2.972178459E-1,-3.504827023E-1
6.862447230E1,-5.859133005E-1,-2.162552774E-1,-3.398297131E-1
6.862951392E1,-5.805868506E-1,-1.502068639E-1,-3.259808719E-1
6.863460715E1,-5.678032637E-1,-1.075949892E-1,-3.227849603E-1
6.863975017E1,-5.656726956E-1,-8.628904819E-2,-3.238502741E-1
6.864476184E1,-5.720644593E-1,-7.563608140E-2,-3.206543922E-1
6.864994866E1,-5.773909688E-1,-6.924430281E-2,-3.025443256E-1
6.865490965E1,-5.805868506E-1,-7.244019210E-2,-2.631283402E-1
6.865996892E1,-5.859133005E-1,-1.086602882E-1,-1.992105246E-1
6.866513517E1,-6.061539650E-1,-2.077329010E-1,-1.107908785E-1
6.867011747E1,-6.136110425E-1,-2.961525619E-1,-2.769771963E-2
6.867542424E1,-6.104151607E-1,-3.419603109E-1,1.917534508E-2
6.868026768E1,-5.901744962E-1,-3.611356616E-1,2.556712553E-2
6.868549830E1,-5.326484442E-1,-3.643315434E-1,3.195890691E-3
6.869039127E1,-4.293146729E-1,-3.376991153E-1,-2.450183034E-2
6.869554799E1,-2.982831299E-1,-2.652589381E-1,-2.769771963E-2
6.870067752E1,-1.747086942E-1,-1.949493438E-1,1.384885982E-2
6.870562564E1,-7.350549102E-2,-1.747086942E-1,8.735434711E-2
6.871064325E1,1.491415687E-2,-2.013411224E-1,1.725780964E-1
6.871584414E1,8.202786744E-2,-2.333000302E-1,2.503447831E-1
6.872083747E1,1.129214764E-1,-2.322347313E-1,3.068055212E-1
6.872604523E1,1.235744432E-1,-1.725780964E-1,3.376991153E-1
6.873091247E1,1.289009303E-1,-1.033338010E-1,3.622009456E-1
6.873607487E1,1.416844875E-1,-6.924430281E-2,3.845722079E-1
6.874118982E1,1.683169156E-1,-7.457078248E-2,4.026822448E-1
6.874637310E1,2.098634988E-1,-1.161173657E-1,4.016169310E-1
6.875141706E1,2.631283402E-1,-1.917534471E-1,3.760498166E-1
6.875634784E1,3.206543922E-1,-3.089361191E-1,3.313073516E-1
6.876141305E1,3.813762963E-1,-4.495553076E-1,2.695201337E-1
6.876657055E1,4.378370345E-1,-5.880439281E-1,1.960146427E-1
6.877152399E1,5.038854480E-1,-7.180101275E-1,1.161173657E-1
6.877686696E1,5.709991455E-1,-8.426498771E-1,3.622009605E-2
6.878174878E1,6.242640018E-1,-9.566366673E-1,-3.728539124E-2
6.878675305E1,6.711370945E-1,-1.061035752E0,-9.907261282E-2
6.879149654E1,7.137489319E-1,-1.164369583E0,-1.576639414E-1
6.879689737E1,7.467731237E-1,-1.259181023E0,-2.098634988E-1
6.880195238E1,7.648832202E-1,-1.347600579E0,-2.439530045E-1
6.880708420E1,7.584913969E-1,-1.428563237E0,-2.695201337E-1
6.881211529E1,7.457078695E-1,-1.451999664E0,-2.876301706E-1
6.881724941E1,7.297284007E-1,-1.421106100E0,-3.078708053E-1
6.882221878E1,7.126836777E-1,-1.373167753E0,-3.227849603E-1
6.882735920E1,6.967042089E-1,-1.320968151E0,-3.302420378E-1
6.883248451E1,6.892471313E-1,-1.262376904E0,-3.302420378E-1
6.883742535E1,6.860512495E-1,-1.201654911E0,-3.323726356E-1
6.884249180E1,6.743329763E-1,-1.141998291E0,-3.281114697E-1
6.884766941E1,6.583535075E-1,-1.084472299E0,-3.195890784E-1
6.885267623E1,6.381128430E-1,-1.036533952E0,-3.036096394E-1
6.885788311E1,6.178722382E-1,-9.939220548E-1,-2.897607684E-1
6.886281207E1,6.008274555E-1,-9.523754716E-1,-2.791078091E-1
6.886800493E1,5.763256550E-1,-9.236124158E-1,-2.737812996E-1
6.887312462E1,5.571503043E-1,-9.033718109E-1,-2.759118974E-1
6.887825738E1,5.411708355E-1,-8.767393827E-1,-2.780424953E-1
6.888310962E1,5.315831900E-1,-8.405193090E-1,-2.854995728E-1
6.888821228E1,5.326484442E-1,-8.074950576E-1,-2.897607684E-1
6.889324843E1,5.337137580E-1,-7.851238251E-1,-2.929566503E-1
6.889850723E1,5.422361493E-1,-7.723402977E-1,-2.982831299E-1
6.890345879E1,5.582156181E-1,-7.574261427E-1,-3.036096394E-1
6.890854764E1,5.859133005E-1,-7.318589687E-1,-3.110667169E-1
6.891353832E1,6.285251975E-1,-7.009654045E-1,-3.185237944E-1
6.891866983E1,6.775288582E-1,-6.679411530E-1,-3.227849603E-1
6.892371853E1,7.265325189E-1,-6.413087845E-1,-3.121320009E-1
6.892889426E1,7.776667476E-1,-6.168069243E-1,-2.972178459E-1
6.893390249E1,8.288010359E-1,-5.816521049E-1,-2.833689749E-1
6.893891546E1,8.746087551E-1,-5.550196767E-1,-2.631283402E-1
6.894392171E1,9.172206521E-1,-5.305178761E-1,-2.407571077E-1
6.894923895E1,9.523754716E-1,-5.070813298E-1,-2.183858752E-1
6.895408541E1,9.736813903E-1,-4.879060090E-1,-1.960146427E-1
6.895919239E1,9.715508223E-1,-4.921671748E-1,-1.768392920E-1
6.896421062E1,9.481142759E-1,-5.113425255E-1,-1.576639414E-1
6.896931510E1,9.172206521E-1,-5.241261125E-1,-1.384886056E-1
6.897441239E1,8.788699508E-1,-5.294525623E-1,-1.203785539E-1
6.897967807E1,8.277357221E-1,-5.337137580E-1,-1.012032107E-1
6.898449713E1,7.744708657E-1,-5.230607986E-1,-8.948494494E-2
6.898962462E1,7.244018912E-1,-4.964283705E-1,-9.587672353E-2
6.899465573E1,6.732676625E-1,-4.729918540E-1,-1.182479635E-1
6.899978031E1,6.200028062E-1,-4.602082670E-1,-1.448803842E-1
6.900479713E1,5.699338317E-1,-4.463594258E-1,-1.661863178E-1
6.900990771E1,5.251913667E-1,-4.293146729E-1,-1.779045910E-1
6.901487594E1,4.825794995E-1,-4.133352041E-1,-1.832310706E-1
6.902013104E1,4.452941120E-1,-3.962904513E-1,-1.885575503E-1
6.902504740E1,4.048128426E-1,-3.803110123E-1,-1.906881481E-1
6.903018521E1,3.675274551E-1,-3.675274551E-1,-1.928187460E-1
6.903519094E1,3.313073516E-1,-3.611356616E-1,-1.938840449E-1
6.904035615E1,2.982831299E-1,-3.547438681E-1,-1.928187460E-1
6.904534026E1,2.673895359E-1,-3.515479863E-1,-1.938840449E-1
6.905042771E1,2.396918088E-1,-3.515479863E-1,-1.960146427E-1
6.905554037E1,2.098634988E-1,-3.653968573E-1,-1.992105246E-1
6.906063901E1,1.768392920E-1,-3.898986876E-1,-2.024064213E-1
6.906567459E1,1.470109820E-1,-4.069434404E-1,-2.034717202E-1
6.907073740E1,1.225091442E-1,-4.154658020E-1,-2.130593807E-1
6.907590917E1,9.268083423E-2,-4.346411526E-1,-2.141246796E-1
6.908088396E1,4.900366068E-2,-4.719265401E-1,-2.130593807E-1
6.908602089E1,1.065296936E-3,-5.273219943E-1,-2.109287977E-1
6.909117298E1,-4.687306657E-2,-5.741950274E-1,-2.045370042E-1
6.909629600E1,-8.628904819E-2,-6.072192788E-1,-2.045370042E-1
6.910127792E1,-1.139867753E-1,-6.359822750E-1,-2.077329010E-1
6.910626204E1,-1.352927089E-1,-6.679411530E-1,-2.045370042E-1
6.911153329E1,-1.491415650E-1,-6.945735812E-1,-1.928187460E-1
6.911635121E1,-1.619251370E-1,-7.137489319E-1,-1.789698899E-1
6.912148241E1,-1.842963696E-1,-7.286630869E-1,-1.640557349E-1
6.912619043E1,-2.056023031E-1,-7.275978327E-1,-1.470109820E-1
6.913163584E1,-2.226470560E-1,-7.116183639E-1,-1.310315281E-1
6.913668658E1,-2.386265099E-1,-6.924430132E-1,-1.203785539E-1
6.914182397E1,-2.492794842E-1,-6.796594262E-1,-1.086602882E-1
6.914675340E1,-2.492794842E-1,-6.796594262E-1,-9.481142461E-2
6.915194272E1,-2.333000302E-1,-6.849859357E-1,-8.202786744E-2
6.915687762E1,-2.013411224E-1,-6.860512495E-1,-6.924430281E-2
6.916208022E1,-1.608598381E-1,-6.945735812E-1,-5.539543927E-2
6.916716705E1,-1.150520667E-1,-7.105530500E-1,-4.154657945E-2
6.917235569E1,-6.924430281E-2,-7.148142457E-1,-3.515479714E-2
6.917723371E1,-2.024064213E-2,-7.137489319E-1,-2.769771963E-2
6.918231450E1,2.237123623E-2,-7.137489319E-1,-2.024064213E-2
6.918741627E1,6.178722158E-2,-7.073571682E-1,-1.065296959E-2
6.919273174E1,1.001379117E-1,-6.988347769E-1,0.000000000E0
6.919756924E1,1.352927089E-1,-6.828553081E-1,1.384885982E-2
6.920261846E1,1.725780964E-1,-6.615493894E-1,2.556712553E-2
6.920767549E1,2.173205763E-1,-6.338516474E-1,3.089361079E-2
6.921297627E1,2.599324584E-1,-6.178722382E-1,4.474247247E-2
6.921782184E1,3.036096394E-1,-6.093498468E-1,5.859133229E-2
6.922289450E1,3.451561928E-1,-6.104151607E-1,7.137489319E-2
6.922793091E1,3.856374919E-1,-6.136110425E-1,8.309315890E-2
6.923308940E1,4.175963998E-1,-6.274598837E-1,8.841964602E-2
6.923808872E1,4.218575954E-1,-6.722023487E-1,9.161553532E-2
6.924318424E1,4.261187613E-1,-6.999000907E-1,9.694202244E-2
6.924819633E1,4.303799570E-1,-6.935083270E-1,9.694202244E-2
6.925340049E1,4.282493591E-1,-6.775288582E-1,9.481142461E-2
6.925834654E1,4.197269976E-1,-6.498311162E-1,9.161553532E-2
6.926361945E1,4.122699201E-1,-6.018927693E-1,8.628904819E-2
6.926848982E1,4.069434404E-1,-5.528891087E-1,7.989726961E-2
6.927371794E1,3.962904513E-1,-5.070813298E-1,6.604841352E-2
6.927867326E1,3.824416101E-1,-4.644694626E-1,5.326484516E-2
6.928382966E1,3.675274551E-1,-4.346411526E-1,4.154657945E-2
6.928882498E1,3.536785841E-1,-4.239881933E-1,2.450183034E-2
6.929410758E1,3.430256248E-1,-4.133352041E-1,7.457078435E-3
6.929897399E1,3.387644291E-1,-4.058781266E-1,-1.171826664E-2
6.930405315E1,3.408950269E-1,-4.101393223E-1,-3.089361079E-2
6.930907206E1,3.440909088E-1,-4.165311158E-1,-4.793836176E-2
6.931437972E1,3.504827023E-1,-4.144005179E-1,-6.604841352E-2
6.931943977E1,3.579397798E-1,-4.048128426E-1,-8.202786744E-2
6.932436013E1,3.685927391E-1,-3.856374919E-1,-9.481142461E-2
6.932941962E1,3.856374919E-1,-3.504827023E-1,-1.033338010E-1
6.933453956E1,4.069434404E-1,-3.142625988E-1,-1.139867753E-1
6.933949253E1,4.293146729E-1,-2.844342887E-1,-1.225091442E-1
6.934459456E1,4.570123851E-1,-2.663242221E-1,-1.246397421E-1
6.934959456E1,4.889712930E-1,-2.514100671E-1,-1.214438528E-1
6.935483061E1,5.305178761E-1,-2.333000302E-1,-1.214438528E-1
6.935998707E1,5.741950274E-1,-2.237123549E-1,-1.182479635E-1
6.936492373E1,6.189374924E-1,-2.205164731E-1,-1.097255871E-1
6.936994019E1,6.604840755E-1,-2.183858752E-1,-9.800732136E-2
6.937503472E1,6.892471313E-1,-2.162552774E-1,-9.055023640E-2
6.938008926E1,7.041612864E-1,-2.141246796E-1,-8.628904819E-2
6.938535441E1,6.977695227E-1,-2.056023031E-1,-9.161553532E-2
6.939035197E1,6.743329763E-1,-1.874922663E-1,-1.012032107E-1
6.939535910E1,6.381128430E-1,-1.661863178E-1,-1.193132550E-1
6.940034342E1,5.901744962E-1,-1.427497864E-1,-1.384886056E-1
6.940554035E1,5.401055217E-1,-1.139867753E-1,-1.534027606E-1
6.941062790E1,4.847100973E-1,-7.776667923E-2,-1.651210189E-1
6.941557238E1,4.239881933E-1,-5.113425106E-2,-1.747086942E-1
6.942072322E1,3.611356616E-1,-3.195890784E-2,-1.853616685E-1
6.942585369E1,3.068055212E-1,-2.556712553E-2,-2.024064213E-1
6.943076072E1,2.588671446E-1,-1.917534508E-2,-2.162552774E-1
6.943609035E1,2.119940966E-1,-1.597945392E-2,-2.215817571E-1
6.944090942E1,1.789698899E-1,1.171826664E-2,-2.343653291E-1
6.944617957E1,1.480762810E-1,5.433014408E-2,-2.567365468E-1
6.945124369E1,1.203785539E-1,1.033338010E-1,-2.673895359E-1
6.945614390E1,9.800732136E-2,1.544680595E-1,-2.823036909E-1
6.946087098E1,8.735434711E-2,2.098634988E-1,-2.950872481E-1
6.946631312E1,8.202786744E-2,2.684548199E-1,-3.004137278E-1
6.947145749E1,8.309315890E-2,3.163931966E-1,-3.014790416E-1
6.947652395E1,8.841964602E-2,3.590050638E-1,-2.908260524E-1
6.948146020E1,1.001379117E-1,4.048128426E-1,-2.663242221E-1
6.948670317E1,1.193132550E-1,4.474247098E-1,-2.258429527E-1
6.949163448E1,1.352927089E-1,4.942977726E-1,-1.747086942E-1
6.949689354E1,1.438150853E-1,5.624767542E-1,-1.278356314E-1
6.950177948E1,1.363580078E-1,6.594188213E-1,-8.735434711E-2
6.950689984E1,1.086602882E-1,7.904503345E-1,-5.433014408E-2
6.951194786E1,6.178722158E-2,9.406571984E-1,-2.237123623E-2
6.951704333E1,-1.065296936E-3,1.090864062E0,3.195890691E-3
6.952215776E1,-6.285251677E-2,1.243201494E0,2.343653329E-2
6.952734047E1,-1.278356314E-1,1.387016654E0,3.515479714E-2
6.953217917E1,-1.906881481E-1,1.523374677E0,3.622009605E-2
6.953761786E1,-2.546059787E-1,1.641622543E0,3.089361079E-2
6.954234932E1,-3.259808719E-1,1.738564610E0,1.491415687E-2
6.954758375E1,-4.005516469E-1,1.839767814E0,-1.491415687E-2
6.955266709E1,-4.687306583E-1,1.945232153E0,-5.113425106E-2
6.955786703E1,-5.347790718E-1,2.047500610E0,-9.587672353E-2
6.956273370E1,-5.859133005E-1,2.143377542E0,-1.427497864E-1
6.956808177E1,-6.168069243E-1,2.224339962E0,-2.002758235E-1
6.957282589E1,-6.104151607E-1,2.293584347E0,-2.609977424E-1
6.957797141E1,-5.805868506E-1,2.362828493E0,-3.121320009E-1
6.958299297E1,-5.369096398E-1,2.422485113E0,-3.504827023E-1
6.958817433E1,-4.783183336E-1,2.458705425E0,-3.749845326E-1
6.959304672E1,-4.026822448E-1,2.469358206E0,-3.781804144E-1
6.959835881E1,-3.291767538E-1,2.457639933E0,-3.685927391E-1
6.960330068E1,-2.684548199E-1,2.437399387E0,-3.483521044E-1
6.960838787E1,-2.162552774E-1,2.421419859E0,-3.163931966E-1
6.961345615E1,-1.768392920E-1,2.396918058E0,-2.780424953E-1
6.961864641E1,-1.587292403E-1,2.355371475E0,-2.279735506E-1
6.962314668E1,-1.629904360E-1,2.306367874E0,-1.544680595E-1
6.962890256E1,-1.885575503E-1,2.254168272E0,-5.113425106E-2
6.963365392E1,-2.290388346E-1,2.200903416E0,6.711370498E-2
6.963878616E1,-2.833689749E-1,2.141246796E0,1.747086942E-1
6.964377605E1,-3.462215066E-1,2.099700212E0,2.705854177E-1
6.964892256E1,-3.909639716E-1,2.136985540E0,3.536785841E-1
6.965392840E1,-4.186616838E-1,2.232862473E0,4.250534773E-1
6.965903913E1,-4.484900236E-1,2.323412657E0,5.134730935E-1
6.966409043E1,-4.825794995E-1,2.387330532E0,6.168069243E-1
6.966916501E1,-5.038854480E-1,2.457639933E0,7.052266002E-1
6.967420652E1,-5.081466436E-1,2.522623062E0,7.723402977E-1
6.967933548E1,-5.230607986E-1,2.562039137E0,8.224092126E-1
6.968431132E1,-5.550196767E-1,2.560973883E0,8.682169914E-1
6.968947028E1,-5.923051238E-1,2.507709026E0,9.023064971E-1
6.969469913E1,-6.295905113E-1,2.427811623E0,9.246777296E-1
6.969960850E1,-6.530269980E-1,2.341522694E0,9.289389253E-1
6.970470700E1,-6.434393525E-1,2.255233526E0,9.044371247E-1
6.970979340E1,-6.125457287E-1,2.144442797E0,8.586293459E-1
6.971491950E1,-5.827174187E-1,2.004888773E0,8.426498771E-1
6.972009705E1,-5.550196767E-1,1.870661378E0,8.511722684E-1
6.972490622E1,-5.113425255E-1,1.756674647E0,8.522375226E-1
6.973005163E1,-4.729918540E-1,1.644818425E0,8.341274858E-1
6.973503190E1,-4.655347466E-1,1.555333495E0,7.947115302E-1
6.974024221E1,-4.879060090E-1,1.489285111E0,7.403813601E-1
6.974530096E1,-5.326484442E-1,1.433889627E0,6.945735812E-1
6.975041169E1,-5.955010056E-1,1.390212536E0,6.594188213E-1
6.975548955E1,-6.551576257E-1,1.302858114E0,6.274598837E-1
6.976046497E1,-7.020306587E-1,1.192067266E0,5.976315737E-1
6.976547784E1,-7.425119877E-1,1.096190572E0,5.603461862E-1
6.977072455E1,-7.787320614E-1,1.007770896E0,5.156037211E-1
6.977565320E1,-8.117562532E-1,9.108288884E-1,4.623388648E-1
6.978090799E1,-8.394539952E-1,8.138868809E-1,4.058781266E-1
6.978589680E1,-8.650211096E-1,7.137489319E-1,3.483521044E-1
6.979098487E1,-8.852617741E-1,5.997622013E-1,2.908260524E-1
6.979594648E1,-8.905882239E-1,4.836448133E-1,2.333000302E-1
6.980125440E1,-8.831311464E-1,3.835068941E-1,1.736433953E-1
6.980608763E1,-8.650211096E-1,2.886954844E-1,1.171826646E-1
6.981117737E1,-8.426498771E-1,1.885575503E-1,6.711370498E-2
6.981622341E1,-8.245398402E-1,8.522375673E-2,2.130593918E-2
6.982134836E1,-7.979074121E-1,-1.917534508E-2,-1.704475097E-2
6.982636821E1,-7.552955151E-1,-1.257050335E-1,-4.261187837E-2
6.983151451E1,-6.956388950E-1,-2.386265099E-1,-5.539543927E-2
6.983654019E1,-6.125457287E-1,-3.622009456E-1,-6.391781569E-2
6.984157185E1,-5.166690350E-1,-4.964283705E-1,-6.391781569E-2
6.984662362E1,-4.069434404E-1,-6.210681200E-1,-6.924430281E-2
6.985174336E1,-2.972178459E-1,-7.233366370E-1,-8.522375673E-2
6.985682873E1,-2.002758235E-1,-7.968420982E-1,-1.182479635E-1
6.986189040E1,-9.694202244E-2,-8.501069546E-1,-1.512721628E-1
6.986693623E1,1.065296959E-2,-8.969800472E-1,-1.757739931E-1
6.987199717E1,1.331621110E-1,-9.268083572E-1,-1.896228492E-1
6.987705217E1,2.492794842E-1,-9.310694933E-1,-2.045370042E-1
6.988214092E1,3.472867906E-1,-9.023064971E-1,-2.119940966E-1
6.988730477E1,4.410329461E-1,-8.447804451E-1,-2.205164731E-1
6.989234608E1,5.283873081E-1,-7.734055519E-1,-2.301041335E-1
6.989736728E1,5.944356918E-1,-7.041612864E-1,-2.333000302E-1
6.990262134E1,6.072192788E-1,-6.487658620E-1,-2.428877056E-1
6.990746884E1,5.539544225E-1,-5.933703780E-1,-2.450182885E-1
6.991264550E1,4.335758388E-1,-5.198649168E-1,-2.279735506E-1
6.991764046E1,2.524753809E-1,-4.133352041E-1,-1.853616685E-1
6.992280061E1,4.793836176E-2,-2.727160156E-1,-1.427497864E-1
6.992774363E1,-1.725780964E-1,-1.203785539E-1,-1.129214764E-1
6.993304447E1,-4.250534773E-1,5.113425106E-2,-8.522375673E-2
6.993788322E1,-6.924430132E-1,2.492794842E-1,-3.622009605E-2
6.994309603E1,-9.470489621E-1,4.197269976E-1,3.622009605E-2
6.994830921E1,-1.178218365E0,4.548817873E-1,1.470109820E-1
6.995322546E1,-1.360384226E0,2.918913662E-1,2.631283402E-1
6.995819520E1,-1.472240329E0,1.491415687E-2,3.366338313E-1
6.996343431E1,-1.508460402E0,-2.588671446E-1,3.643315434E-1
6.996831207E1,-1.455195665E0,-4.868406951E-1,3.653968573E-1
6.997342588E1,-1.308184624E0,-6.018927693E-1,3.345032334E-1
6.997852228E1,-1.112169981E0,-6.221334338E-1,2.801730931E-1
6.998365010E1,-9.193512797E-1,-5.422361493E-1,2.013411224E-1
6.998902718E1,-7.574261427E-1,-3.856374919E-1,1.161173657E-1
6.999381973E1,-6.050886512E-1,-2.652589381E-1,5.113425106E-2
6.999888098E1,-4.282493591E-1,-2.439530045E-1,-7.457078435E-3
7.000391260E1,-2.354306281E-1,-3.153278828E-1,-8.202786744E-2
7.000889624E1,-5.006895587E-2,-4.484900236E-1,-1.523374617E-1
7.001422067E1,9.800732136E-2,-6.178722382E-1,-1.970799267E-1
7.001920718E1,2.130593807E-1,-7.989727259E-1,-2.034717202E-1
7.002426156E1,3.004137278E-1,-9.513101578E-1,-1.917534471E-1
7.002920026E1,3.483521044E-1,-1.052513361E0,-1.640557349E-1
7.003434541E1,3.579397798E-1,-1.096190572E0,-1.310315281E-1
7.003930344E1,3.536785841E-1,-1.104712963E0,-1.139867753E-1
7.004445031E1,3.451561928E-1,-1.103647590E0,-1.161173657E-1
7.004947625E1,3.259808719E-1,-1.103647590E0,-1.171826646E-1
7.005460036E1,3.068055212E-1,-1.104712963E0,-1.139867753E-1
7.005988521E1,2.950872481E-1,-1.126018882E0,-1.139867753E-1
7.006469375E1,2.929566503E-1,-1.168630719E0,-1.182479635E-1
7.006974948E1,3.057402074E-1,-1.218699694E0,-1.278356314E-1
7.007488266E1,3.259808719E-1,-1.265572786E0,-1.502068639E-1
7.007993886E1,3.440909088E-1,-1.306053996E0,-1.864269674E-1
7.008522255E1,3.622009456E-1,-1.331621170E0,-2.343653291E-1
7.008993656E1,3.749845326E-1,-1.345470071E0,-2.918913662E-1
7.009508146E1,3.803110123E-1,-1.347600579E0,-3.536785841E-1
7.010017813E1,3.749845326E-1,-1.349731207E0,-4.122699201E-1
7.010532073E1,3.611356616E-1,-1.345470071E0,-4.570123851E-1
7.011001339E1,3.376991153E-1,-1.333751798E0,-4.847100973E-1
7.011545443E1,3.078708053E-1,-1.319902897E0,-4.889712930E-1
7.012079782E1,2.759118974E-1,-1.286878705E0,-4.729918540E-1
7.012564329E1,2.460835874E-1,-1.234679103E0,-4.570123851E-1
7.013064720E1,2.279735506E-1,-1.161173701E0,-4.452941120E-1
7.013574094E1,2.258429527E-1,-1.059970498E0,-4.420982301E-1
7.014041381E1,2.375612110E-1,-9.502448440E-1,-4.314452708E-1
7.014593652E1,2.631283402E-1,-8.469110727E-1,-4.037475288E-1
7.015094282E1,3.046749234E-1,-7.670137882E-1,-3.653968573E-1
7.015644537E1,3.643315434E-1,-7.371854782E-1,-3.185237944E-1
7.016102449E1,4.282493591E-1,-7.457078695E-1,-2.833689749E-1
7.016619371E1,4.879060090E-1,-7.723402977E-1,-2.524753809E-1
7.017115350E1,5.369096398E-1,-7.904503345E-1,-2.269082516E-1
7.017636741E1,5.741950274E-1,-7.979074121E-1,-2.056023031E-1
7.018142345E1,5.986968875E-1,-7.936462164E-1,-1.917534471E-1
7.018644084E1,6.221334338E-1,-7.808626294E-1,-1.917534471E-1
7.019113569E1,6.477005482E-1,-7.606220245E-1,-2.034717202E-1
7.019662725E1,6.817900538E-1,-7.361201644E-1,-2.215817571E-1
7.020176861E1,7.265325189E-1,-7.126836777E-1,-2.364959270E-1
7.020675882E1,7.819279432E-1,-6.935083270E-1,-2.471488863E-1
7.021176658E1,8.394539952E-1,-6.892471313E-1,-2.578018606E-1
7.021688007E1,8.927188516E-1,-6.956388950E-1,-2.705854177E-1
7.022187028E1,9.406571984E-1,-7.041612864E-1,-2.791078091E-1
7.022701043E1,9.790078998E-1,-7.062918544E-1,-2.737812996E-1
7.023205210E1,1.001379132E0,-7.009654045E-1,-2.673895359E-1
7.023721872E1,1.008836150E0,-6.945735812E-1,-2.599324584E-1
7.024228611E1,9.992485046E-1,-6.924430132E-1,-2.524753809E-1
7.024743476E1,9.715508223E-1,-6.892471313E-1,-2.396918088E-1
7.025235252E1,9.300042391E-1,-6.849859357E-1,-2.290388346E-1
7.025728080E1,8.831311464E-1,-6.849859357E-1,-2.215817571E-1
7.026260455E1,8.256051540E-1,-6.881818175E-1,-2.141246796E-1
7.026775018E1,7.659484744E-1,-6.796594262E-1,-2.109287977E-1
7.027276294E1,7.062918544E-1,-6.615493894E-1,-2.098634988E-1
7.027792445E1,6.455699205E-1,-6.413087845E-1,-2.119940966E-1
7.028287987E1,5.880439281E-1,-6.295905113E-1,-2.183858752E-1
7.028792086E1,5.326484442E-1,-6.327863932E-1,-2.279735506E-1
7.029288091E1,4.847100973E-1,-6.423740387E-1,-2.354306281E-1
7.029802664E1,4.378370345E-1,-6.572881937E-1,-2.364959270E-1
7.030303685E1,3.867027760E-1,-6.743329763E-1,-2.311694324E-1
7.030784101E1,3.302420378E-1,-6.956388950E-1,-2.226470560E-1
7.031319857E1,2.748466134E-1,-7.094877362E-1,-2.151899785E-1
7.031825909E1,2.215817571E-1,-7.244018912E-1,-2.034717202E-1
7.032332497E1,1.768392920E-1,-7.265325189E-1,-1.970799267E-1
7.032842747E1,1.491415650E-1,-7.158795595E-1,-1.917534471E-1
7.033347461E1,1.235744432E-1,-7.030959725E-1,-1.885575503E-1
7.033857534E1,9.481142461E-2,-6.849859357E-1,-1.821657717E-1
7.034357727E1,6.391781569E-2,-6.690064669E-1,-1.779045910E-1
7.034869112E1,3.728539124E-2,-6.572881937E-1,-1.704475135E-1
7.035372873E1,2.024064213E-2,-6.445046663E-1,-1.651210189E-1
7.035890310E1,1.384885982E-2,-6.349169612E-1,-1.619251370E-1
7.036394336E1,1.704475097E-2,-6.210681200E-1,-1.597945392E-1
7.036917888E1,3.622009605E-2,-5.965662599E-1,-1.576639414E-1
7.037405222E1,6.817900389E-2,-5.624767542E-1,-1.587292403E-1
7.037914373E1,1.033338010E-1,-5.379749537E-1,-1.534027606E-1
7.038431810E1,1.374233067E-1,-5.443667173E-1,-1.502068639E-1
7.038946149E1,1.629904360E-1,-5.624767542E-1,-1.459456831E-1
7.039451040E1,1.821657717E-1,-5.699338317E-1,-1.427497864E-1
7.039942706E1,1.949493438E-1,-5.614115000E-1,-1.438150853E-1
7.040460373E1,2.034717202E-1,-5.496932268E-1,-1.395539045E-1
7.040980233E1,2.066676021E-1,-5.390402675E-1,-1.310315281E-1
7.041478613E1,2.098634988E-1,-5.283873081E-1,-1.225091442E-1
7.041983978E1,2.151899785E-1,-5.166690350E-1,-1.171826646E-1
7.042475858E1,2.290388346E-1,-5.006895661E-1,-1.107908785E-1
7.042996608E1,2.471488863E-1,-4.868406951E-1,-1.033338010E-1
7.043499446E1,2.684548199E-1,-4.740571380E-1,-9.481142461E-2
7.044006561E1,2.961525619E-1,-4.559471011E-1,-8.628904819E-2
7.044503910E1,3.313073516E-1,-4.325105548E-1,-8.096256852E-2
7.045018973E1,3.696580231E-1,-4.186616838E-1,-6.711370498E-2
7.045534868E1,3.973557651E-1,-4.186616838E-1,-4.687306657E-2
7.046034191E1,4.229228795E-1,-4.154658020E-1,-2.343653329E-2
7.046540181E1,4.420982301E-1,-4.037475288E-1,-3.195890691E-3
7.047050280E1,4.495553076E-1,-3.898986876E-1,1.811004803E-2
7.047551858E1,4.591429830E-1,-3.696580231E-1,4.261187837E-2
7.048069436E1,4.623388648E-1,-3.472867906E-1,7.244019210E-2
7.048559926E1,4.634041786E-1,-3.281114697E-1,9.694202244E-2
7.049079176E1,4.634041786E-1,-3.110667169E-1,1.193132550E-1
7.049571765E1,4.623388648E-1,-2.993484437E-1,1.406191885E-1
7.050096510E1,4.591429830E-1,-2.918913662E-1,1.555333585E-1
7.050585682E1,4.623388648E-1,-2.823036909E-1,1.683169156E-1
7.051100280E1,4.623388648E-1,-2.759118974E-1,1.747086942E-1
7.051617072E1,4.580776691E-1,-2.684548199E-1,1.789698899E-1
7.052128796E1,4.559471011E-1,-2.641936541E-1,1.779045910E-1
7.052622854E1,4.506205916E-1,-2.652589381E-1,1.715128124E-1
7.053129307E1,4.357064366E-1,-2.705854177E-1,1.544680595E-1
7.053640052E1,4.186616838E-1,-2.705854177E-1,1.331621110E-1
7.054150510E1,3.984210491E-1,-2.737812996E-1,1.086602882E-1
7.054643713E1,3.867027760E-1,-2.833689749E-1,8.202786744E-2
7.055160734E1,3.771151006E-1,-2.961525619E-1,5.326484516E-2
7.055661906E1,3.696580231E-1,-3.195890784E-1,2.556712553E-2
7.056177937E1,3.611356616E-1,-3.462215066E-1,3.195890691E-3
7.056677812E1,3.579397798E-1,-3.728539348E-1,-1.384885982E-2
7.057212062E1,3.590050638E-1,-3.941598535E-1,-2.769771963E-2
7.057692740E1,3.590050638E-1,-4.069434404E-1,-4.474247247E-2
7.058201797E1,3.643315434E-1,-4.165311158E-1,-6.285251677E-2
7.058706484E1,3.803110123E-1,-4.186616838E-1,-6.391781569E-2
7.059215490E1,3.941598535E-1,-4.080087245E-1,-7.137489319E-2
7.059717672E1,4.101393223E-1,-3.930945694E-1,-8.735434711E-2
7.060227651E1,4.314452708E-1,-3.739192188E-1,-9.800732136E-2
7.060732563E1,4.580776691E-1,-3.568744659E-1,-9.800732136E-2
7.061275151E1,4.900365770E-1,-3.462215066E-1,-9.587672353E-2
7.061752000E1,5.177342892E-1,-3.313073516E-1,-9.374613315E-2
7.062269177E1,5.379749537E-1,-3.142625988E-1,-8.735434711E-2
7.062764443E1,5.337137580E-1,-3.025443256E-1,-8.522375673E-2
7.063275860E1,5.092119575E-1,-3.004137278E-1,-8.735434711E-2
7.063775657E1,4.687306583E-1,-3.142625988E-1,-1.033338010E-1
7.064286683E1,4.133352041E-1,-3.291767538E-1,-1.161173657E-1
7.064805980E1,3.323726356E-1,-3.345032334E-1,-1.331621110E-1
7.065297735E1,2.364959270E-1,-3.217196763E-1,-1.555333585E-1
7.065821933E1,1.480762810E-1,-2.812383771E-1,-1.757739931E-1
7.066330214E1,6.604841352E-2,-2.237123549E-1,-1.949493438E-1
7.066817490E1,-5.326484796E-3,-1.672516167E-1,-2.119940966E-1
7.067331381E1,-6.285251677E-2,-1.214438528E-1,-2.311694324E-1
7.067835600E1,-9.800732136E-2,-9.055023640E-2,-2.535406649E-1
7.068345777E1,-1.065296903E-1,-6.711370498E-2,-2.705854177E-1
7.068852069E1,-1.054643989E-1,-5.646073818E-2,-2.854995728E-1
7.069354683E1,-9.694202244E-2,-6.178722158E-2,-2.940219641E-1
7.069857741E1,-7.137489319E-2,-6.711370498E-2,-2.918913662E-1
7.070371949E1,-3.408950195E-2,-6.391781569E-2,-2.801730931E-1
7.070851928E1,7.457078435E-3,-3.728539124E-2,-2.460835874E-1
7.071352142E1,5.433014408E-2,1.597945392E-2,-2.034717202E-1
7.071885866E1,9.374613315E-2,9.161553532E-2,-1.555333585E-1
7.072403361E1,1.257050335E-1,1.938840449E-1,-1.065296903E-1
7.072925439E1,1.406191885E-1,3.057402074E-1,-5.326484516E-2
7.073417210E1,1.395539045E-1,4.218575954E-1,7.457078435E-3
7.073916100E1,1.235744432E-1,5.443667173E-1,6.391781569E-2
7.074430340E1,1.001379117E-1,6.615493894E-1,1.171826646E-1
7.074951523E1,6.924430281E-2,7.723402977E-1,1.683169156E-1
7.075444903E1,3.302420676E-2,8.746087551E-1,2.024064213E-1
7.075942372E1,-2.130593872E-3,9.630284309E-1,2.290388346E-1
7.076456028E1,-4.048128426E-2,1.041860461E0,2.460835874E-1
7.076983715E1,-8.841964602E-2,1.114300609E0,2.567365468E-1
7.077480809E1,-1.384886056E-1,1.180348992E0,2.599324584E-1
7.077975216E1,-1.949493438E-1,1.245332122E0,2.578018606E-1
7.078490866E1,-2.599324584E-1,1.295401096E0,2.503447831E-1
7.078990966E1,-3.270461559E-1,1.339078307E0,2.407571077E-1
7.079501632E1,-3.973557651E-1,1.374233007E0,2.237123549E-1
7.080023195E1,-4.676653445E-1,1.402996063E0,2.024064213E-1
7.080516304E1,-5.422361493E-1,1.426432610E0,1.800351888E-1
7.080983987E1,-6.231986880E-1,1.447738528E0,1.523374617E-1
7.081523544E1,-7.020306587E-1,1.485023975E0,1.225091442E-1
7.082033758E1,-7.744708657E-1,1.526570559E0,9.587672353E-2
7.082512643E1,-8.394539952E-1,1.576639414E0,7.457078248E-2
7.083043950E1,-8.895229697E-1,1.660797954E0,5.326484516E-2
7.083555711E1,-9.225471616E-1,1.771588802E0,2.769771963E-2
7.084074810E1,-9.459837079E-1,1.885575533E0,1.278356276E-2
7.084579190E1,-9.619631171E-1,1.983582854E0,9.587672539E-3
7.085072310E1,-9.672896266E-1,2.064545393E0,1.704475097E-2
7.085603867E1,-9.768772721E-1,2.118875504E0,3.089361079E-2
7.086086461E1,-9.981832504E-1,2.138051033E0,4.900366068E-2
7.086624815E1,-1.024815679E0,2.125267506E0,7.137489319E-2
7.087108347E1,-1.053578615E0,2.084786177E0,9.587672353E-2
7.087620722E1,-1.078080535E0,2.025129557E0,1.225091442E-1
7.088119691E1,-1.096190572E0,1.936709881E0,1.587292403E-1
7.088627774E1,-1.122823000E0,1.815266013E0,2.056023031E-1
7.089128779E1,-1.149455428E0,1.685299754E0,2.599324584E-1
7.089641149E1,-1.153716564E0,1.590488315E0,2.982831299E-1
7.090147123E1,-1.135606527E0,1.543615222E0,3.100014031E-1
7.090660701E1,-1.108974099E0,1.551072359E0,3.195890784E-1
7.091168451E1,-1.074884653E0,1.601141334E0,3.430256248E-1
7.091684284E1,-1.043990970E0,1.671450853E0,3.643315434E-1
7.092175727E1,-1.022685051E0,1.752413511E0,3.781804144E-1
7.092689967E1,-9.971179366E-1,1.833376050E0,3.771151006E-1
7.093191436E1,-9.417225122E-1,1.917534471E0,3.568744659E-1
7.093700076E1,-8.810005784E-1,1.977191091E0,3.643315434E-1
7.094200457E1,-8.447804451E-1,1.969734073E0,3.877680898E-1
7.094712899E1,-8.234745264E-1,1.926056862E0,4.005516469E-1
7.095218207E1,-8.160174489E-1,1.867465496E0,4.037475288E-1
7.095723113E1,-8.351927996E-1,1.797155976E0,4.112046063E-1
7.096242681E1,-8.607599139E-1,1.739629865E0,4.175963998E-1
7.096753311E1,-8.788699508E-1,1.681038618E0,3.973557651E-1
7.097252967E1,-8.841964602E-1,1.619251370E0,3.547438681E-1
7.097759306E1,-8.810005784E-1,1.567051768E0,3.100014031E-1
7.098260744E1,-8.884576559E-1,1.487154484E0,2.791078091E-1
7.098773785E1,-9.140247703E-1,1.389147162E0,2.748466134E-1
7.099297202E1,-9.502448440E-1,1.285813451E0,2.812383771E-1
7.099788452E1,-9.768772721E-1,1.194197893E0,2.769772112E-1
7.100283181E1,-9.896608591E-1,1.127084136E0,2.716507316E-1
7.100806848E1,-1.005640268E0,1.078080535E0,2.599324584E-1
7.101302348E1,-1.036533952E0,1.036533952E0,2.407571077E-1
7.101821489E1,-1.063166380E0,9.875302315E-1,2.162552774E-1
7.102325536E1,-1.075949907E0,9.193512797E-1,1.928187460E-1
7.102850603E1,-1.080211043E0,8.426498771E-1,1.640557349E-1
7.103333406E1,-1.075949907E0,7.755361795E-1,1.310315281E-1
7.103851692E1,-1.061035752E0,7.009654045E-1,9.800732136E-2
7.104365161E1,-1.045056343E0,6.178722382E-1,5.859133229E-2
7.104849937E1,-1.032272696E0,5.369096398E-1,2.343653329E-2
7.105359645E1,-1.010966778E0,4.570123851E-1,-4.261187743E-3
7.105872708E1,-9.800731540E-1,3.920292854E-1,-3.089361079E-2
7.106374385E1,-9.491795897E-1,3.323726356E-1,-5.219954997E-2
7.106895651E1,-9.140247703E-1,2.631283402E-1,-6.711370498E-2
7.107389698E1,-8.767393827E-1,1.928187460E-1,-7.776667923E-2
7.107901906E1,-8.373233676E-1,1.225091442E-1,-8.948494494E-2
7.108401765E1,-7.915156484E-1,5.752603337E-2,-1.075949892E-1
7.108942755E1,-7.414466739E-1,-9.587672539E-3,-1.267703325E-1
7.109416255E1,-6.903123856E-1,-8.628904819E-2,-1.416844875E-1
7.109969276E1,-6.402434707E-1,-1.747086942E-1,-1.512721628E-1
7.110442964E1,-5.869786143E-1,-2.620630562E-1,-1.587292403E-1
7.110956135E1,-5.347790718E-1,-3.526133001E-1,-1.576639414E-1
7.111450245E1,-4.772530198E-1,-4.399676323E-1,-1.555333585E-1
7.111954286E1,-4.112046063E-1,-5.209302306E-1,-1.470109820E-1
7.112458781E1,-3.302420378E-1,-6.008274555E-1,-1.374233067E-1
7.112972276E1,-2.492794842E-1,-6.807247400E-1,-1.278356314E-1
7.113474953E1,-1.725780964E-1,-7.627525926E-1,-1.193132550E-1
7.114006073E1,-9.481142461E-2,-8.362581134E-1,-1.107908785E-1
7.114498714E1,-2.024064213E-2,-8.991106153E-1,-1.033338010E-1
7.115019855E1,4.687306657E-2,-9.385265708E-1,-1.097255871E-1
7.115511500E1,9.907261282E-2,-9.534407854E-1,-1.257050335E-1
7.115981146E1,1.480762810E-1,-9.491795897E-1,-1.352927089E-1
7.116515214E1,1.906881481E-1,-9.214818478E-1,-1.427497864E-1
7.117048365E1,2.290388346E-1,-8.831311464E-1,-1.565986425E-1
7.117543126E1,2.641936541E-1,-8.373233676E-1,-1.768392920E-1
7.118044730E1,2.993484437E-1,-7.797973752E-1,-1.992105246E-1
7.118572433E1,3.302420378E-1,-7.329242826E-1,-2.290388346E-1
7.119067157E1,3.366338313E-1,-7.030959725E-1,-2.599324584E-1
7.119559699E1,3.195890784E-1,-6.775288582E-1,-2.865648866E-1
7.120077428E1,2.759118974E-1,-6.317210793E-1,-3.004137278E-1
7.120589626E1,2.045370042E-1,-5.571503043E-1,-3.057402074E-1
7.121095840E1,1.225091442E-1,-4.655347466E-1,-3.014790416E-1
7.121589225E1,4.048128426E-2,-3.696580231E-1,-2.950872481E-1
7.122110209E1,-2.769771963E-2,-2.556712627E-1,-2.833689749E-1
7.122608293E1,-9.694202244E-2,-1.448803842E-1,-2.663242221E-1
7.123120762E1,-1.629904360E-1,-4.687306657E-2,-2.418224066E-1
7.123647324E1,-2.162552774E-1,3.408950195E-2,-2.205164731E-1
7.124129272E1,-2.588671446E-1,9.587672353E-2,-2.024064213E-1
7.124635043E1,-2.854995728E-1,1.512721628E-1,-1.885575503E-1
7.125164954E1,-3.057402074E-1,1.885575503E-1,-1.683169156E-1
7.125642121E1,-3.238502741E-1,1.928187460E-1,-1.384886056E-1
7.126155611E1,-3.398297131E-1,1.640557349E-1,-9.587672353E-2
7.126661726E1,-3.685927391E-1,9.587672353E-2,-3.941598535E-2
7.127169939E1,-3.803110123E-1,5.752603337E-2,2.663242258E-2
7.127670997E1,-3.611356616E-1,8.096256852E-2,9.694202244E-2
7.128195668E1,-3.078708053E-1,1.331621110E-1,1.704475135E-1
7.128686814E1,-2.194511741E-1,1.757739931E-1,2.450182885E-1
7.129205965E1,-1.193132550E-1,1.448803842E-1,3.195890784E-1
7.129705788E1,-3.941598535E-2,-9.587672539E-3,3.824416101E-1
7.130223528E1,5.965662748E-2,-2.364959270E-1,4.378370345E-1
7.130728226E1,1.800351888E-1,-4.580776691E-1,4.623388648E-1
7.131231747E1,2.727160156E-1,-6.093498468E-1,4.420982301E-1
7.131731247E1,3.153278828E-1,-6.189374924E-1,3.888333738E-1
7.132238518E1,3.036096394E-1,-4.836448133E-1,3.387644291E-1
7.132746929E1,2.343653291E-1,-2.918913662E-1,3.163931966E-1
7.133276403E1,1.587292403E-1,-1.523374617E-1,3.089361191E-1
7.133777653E1,1.193132550E-1,-1.171826646E-1,2.993484437E-1
7.134291867E1,1.267703325E-1,-1.651210189E-1,2.780424953E-1
7.134783388E1,1.832310706E-1,-2.631283402E-1,2.418224066E-1
7.135286909E1,2.727160156E-1,-3.877680898E-1,1.896228492E-1
7.135791279E1,3.898986876E-1,-5.219954848E-1,1.278356314E-1
7.136309430E1,4.996242523E-1,-6.594188213E-1,6.498311460E-2
7.136823982E1,5.869786143E-1,-7.947115302E-1,9.587672539E-3
7.137334013E1,6.636800170E-1,-9.086982608E-1,-3.622009605E-2
7.137821513E1,7.041612864E-1,-1.005640268E0,-6.498311460E-2
7.138333310E1,7.169448137E-1,-1.064231634E0,-8.202786744E-2
7.138826076E1,7.180101275E-1,-1.101517081E0,-1.139867753E-1
7.139366956E1,7.233366370E-1,-1.149455428E0,-1.651210189E-1
7.139847013E1,7.297284007E-1,-1.203785539E0,-2.098634988E-1
7.140358149E1,7.169448137E-1,-1.268768668E0,-2.386265099E-1
7.140873612E1,6.977695227E-1,-1.335882306E0,-2.599324584E-1
7.141374316E1,6.924430132E-1,-1.358253598E0,-2.812383771E-1
7.141873748E1,6.892471313E-1,-1.343339443E0,-2.918913662E-1
7.142411232E1,6.764635444E-1,-1.302858114E0,-2.865648866E-1
7.142891394E1,6.572881937E-1,-1.247462749E0,-2.716507316E-1
7.143399623E1,6.274598837E-1,-1.169696093E0,-2.503447831E-1
7.143895404E1,5.965662599E-1,-1.073819280E0,-2.322347313E-1
7.144400665E1,5.678032637E-1,-9.768772721E-1,-2.183858752E-1
7.144916082E1,5.550196767E-1,-8.852617741E-1,-2.098634988E-1
7.145448212E1,5.539544225E-1,-8.074950576E-1,-2.056023031E-1
7.145930540E1,5.560849905E-1,-7.520996332E-1,-2.024064213E-1
7.146444509E1,5.614115000E-1,-7.244018912E-1,-2.045370042E-1
7.146940035E1,5.667379498E-1,-7.190754414E-1,-2.119940966E-1
7.147589181E1,5.752603412E-1,-7.212060094E-1,-2.237123549E-1
7.147955176E1,5.773909688E-1,-7.265325189E-1,-2.418224066E-1
7.148483014E1,5.656726956E-1,-7.339895964E-1,-2.705854177E-1
7.148977920E1,5.422361493E-1,-7.414466739E-1,-2.950872481E-1
7.149485129E1,5.166690350E-1,-7.467731237E-1,-3.185237944E-1
7.150010046E1,4.932324886E-1,-7.393160462E-1,-3.462215066E-1
7.150494665E1,4.793836176E-1,-7.233366370E-1,-3.739192188E-1
7.151006426E1,4.729918540E-1,-7.180101275E-1,-4.026822448E-1
7.151536113E1,4.761877358E-1,-7.158795595E-1,-4.271840751E-1
7.152016973E1,4.911018908E-1,-7.041612864E-1,-4.474247098E-1
7.152540327E1,5.262566805E-1,-6.764635444E-1,-4.612735808E-1
7.153029530E1,5.720644593E-1,-6.402434707E-1,-4.740571380E-1
7.153544009E1,6.242640018E-1,-6.040233374E-1,-4.804489315E-1
7.154064390E1,6.764635444E-1,-5.773909688E-1,-4.793836176E-1
7.154558629E1,7.169448137E-1,-5.624767542E-1,-4.655347466E-1
7.155061244E1,7.467731237E-1,-5.475625992E-1,-4.463594258E-1
7.155566947E1,7.861891389E-1,-5.390402675E-1,-4.399676323E-1
7.156095004E1,8.149521351E-1,-5.614115000E-1,-4.314452708E-1
7.156582572E1,8.202786446E-1,-5.901744962E-1,-4.133352041E-1
7.157083843E1,8.042991757E-1,-6.104151607E-1,-3.888333738E-1
7.157605364E1,7.797973752E-1,-6.242640018E-1,-3.611356616E-1
7.158102786E1,7.361201644E-1,-6.402434707E-1,-3.313073516E-1
7.158618348E1,6.722023487E-1,-6.445046663E-1,-2.972178459E-1
7.159117864E1,6.008274555E-1,-6.231986880E-1,-2.695201337E-1
7.159631682E1,5.262566805E-1,-5.965662599E-1,-2.460835874E-1
7.160128036E1,4.484900236E-1,-5.923051238E-1,-2.194511741E-1
7.160641604E1,3.803110123E-1,-5.986968875E-1,-1.896228492E-1
7.161146140E1,3.206543922E-1,-5.944356918E-1,-1.661863178E-1
7.161652120E1,2.663242221E-1,-5.816521049E-1,-1.448803842E-1
7.162157995E1,2.098634988E-1,-5.667379498E-1,-1.278356314E-1
7.162678422E1,1.534027606E-1,-5.475625992E-1,-1.139867753E-1
7.163170885E1,1.065296903E-1,-5.273219943E-1,-1.022685021E-1
7.163681807E1,6.285251677E-2,-5.060160160E-1,-9.800732136E-2
7.164187719E1,2.343653329E-2,-4.857754111E-1,-9.161553532E-2
7.164696208E1,-1.171826664E-2,-4.697959423E-1,-7.563608140E-2
7.165198089E1,-5.219954997E-2,-4.719265401E-1,-5.219954997E-2
7.165716255E1,-9.374613315E-2,-4.974936545E-1,-3.515479714E-2
7.166217578E1,-1.352927089E-1,-5.251913667E-1,-2.024064213E-2
7.166727453E1,-1.661863178E-1,-5.475625992E-1,-8.522375487E-3
7.167234610E1,-1.811004728E-1,-5.635420680E-1,0.000000000E0
7.167738526E1,-1.800351888E-1,-5.720644593E-1,1.278356276E-2
7.168222589E1,-1.661863178E-1,-5.784562230E-1,2.343653329E-2
7.168757256E1,-1.502068639E-1,-5.859133005E-1,3.515479714E-2
7.169254084E1,-1.331621110E-1,-5.944356918E-1,4.687306657E-2
7.169776261E1,-1.161173657E-1,-5.965662599E-1,5.646073818E-2
7.170284376E1,-9.907261282E-2,-5.976315737E-1,6.604841352E-2
7.170781001E1,-7.883197069E-2,-5.997622013E-1,7.989726961E-2
7.171296537E1,-5.433014408E-2,-6.050886512E-1,9.587672353E-2
7.171794397E1,-3.089361079E-2,-6.200028062E-1,1.097255871E-1
7.172300527E1,-2.130593872E-3,-6.285251975E-1,1.150520667E-1
7.172837819E1,3.515479714E-2,-6.178722382E-1,1.225091442E-1
7.173323183E1,6.924430281E-2,-6.040233374E-1,1.299662292E-1
7.173835741E1,9.907261282E-2,-5.965662599E-1,1.342274100E-1
7.174329126E1,1.214438528E-1,-5.944356918E-1,1.342274100E-1
7.174845110E1,1.395539045E-1,-5.933703780E-1,1.352927089E-1
7.175373277E1,1.597945392E-1,-5.944356918E-1,1.320968270E-1
7.175860611E1,1.832310706E-1,-5.986968875E-1,1.246397421E-1
7.176355163E1,2.098634988E-1,-6.136110425E-1,1.267703325E-1
7.176867001E1,2.364959270E-1,-6.370475888E-1,1.257050335E-1
7.177375376E1,2.546059787E-1,-6.743329763E-1,1.299662292E-1
7.177882173E1,2.716507316E-1,-7.116183639E-1,1.310315281E-1
7.178387944E1,2.844342887E-1,-7.446425557E-1,1.310315281E-1
7.178897965E1,2.950872481E-1,-7.744708657E-1,1.320968270E-1
7.179397757E1,3.046749234E-1,-7.797973752E-1,1.310315281E-1
7.179878272E1,3.046749234E-1,-7.595567107E-1,1.320968270E-1
7.180416955E1,3.004137278E-1,-7.201407552E-1,1.342274100E-1
7.180958986E1,2.940219641E-1,-6.647452712E-1,1.320968270E-1
7.181426997E1,2.876301706E-1,-6.029580832E-1,1.257050335E-1
7.181964918E1,2.791078091E-1,-5.486279130E-1,1.171826646E-1
7.182448950E1,2.759118974E-1,-5.049507618E-1,1.054643989E-1
7.182959231E1,2.769772112E-1,-4.815142155E-1,8.948494494E-2
7.183454335E1,2.823036909E-1,-4.804489315E-1,7.244019210E-2
7.183981351E1,2.918913662E-1,-4.942977726E-1,6.072192639E-2
7.184468554E1,2.993484437E-1,-5.177342892E-1,5.113425106E-2
7.184993622E1,3.004137278E-1,-5.464973450E-1,4.580776766E-2
7.185487565E1,2.972178459E-1,-5.741950274E-1,4.474247247E-2
7.185995112E1,2.950872481E-1,-5.912398100E-1,4.261187837E-2
7.186506914E1,2.982831299E-1,-5.955010056E-1,4.367717355E-2
7.187024304E1,3.078708053E-1,-5.837827325E-1,4.367717355E-2
7.187518857E1,3.238502741E-1,-5.592808723E-1,4.048128426E-2
7.188026904E1,3.440909088E-1,-5.305178761E-1,3.728539124E-2
7.188545476E1,3.696580231E-1,-5.049507618E-1,3.195890784E-2
7.189050966E1,3.941598535E-1,-4.868406951E-1,3.302420676E-2
7.189558492E1,4.186616838E-1,-4.719265401E-1,3.408950195E-2
7.190069898E1,4.452941120E-1,-4.612735808E-1,3.408950195E-2
7.190565242E1,4.687306583E-1,-4.538165033E-1,4.048128426E-2
7.191073659E1,4.932324886E-1,-4.495553076E-1,4.793836176E-2
7.191569920E1,5.209302306E-1,-4.410329461E-1,5.433014408E-2
7.192084706E1,5.464973450E-1,-4.229228795E-1,6.391781569E-2
7.192582597E1,5.699338317E-1,-4.037475288E-1,7.670138031E-2
7.193097451E1,5.880439281E-1,-3.898986876E-1,7.670138031E-2
7.193603920E1,5.986968875E-1,-3.792456985E-1,7.989726961E-2
7.194113404E1,6.018927693E-1,-3.717886209E-1,8.309315890E-2
7.194614889E1,5.901744962E-1,-3.643315434E-1,8.096256852E-2
7.195130097E1,5.624767542E-1,-3.494173884E-1,7.137489319E-2
7.195630274E1,5.177342892E-1,-3.217196763E-1,5.965662748E-2
7.196143618E1,4.602082670E-1,-2.844342887E-1,4.154657945E-2
7.196645571E1,3.952251673E-1,-2.311694324E-1,2.237123623E-2
7.197168493E1,3.302420378E-1,-1.811004728E-1,5.326484796E-3
7.197652983E1,2.673895359E-1,-1.406191885E-1,-1.384885982E-2
7.198174983E1,2.098634988E-1,-1.193132550E-1,-3.408950195E-2
7.198671738E1,1.534027606E-1,-1.171826646E-1,-5.219954997E-2
7.199189467E1,1.118561774E-1,-1.097255871E-1,-7.457078248E-2
7.199690316E1,7.989726961E-2,-1.065296903E-1,-1.022685021E-1
7.200210144E1,3.195890784E-2,-1.299662292E-1,-1.257050335E-1
7.200699488E1,-2.663242258E-2,-1.534027606E-1,-1.587292403E-1
7.201218441E1,-1.001379117E-1,-2.087981999E-1,-2.183858752E-1
7.201721811E1,-1.672516167E-1,-2.354306281E-1,-2.492794842E-1
7.202247592E1,-2.418224066E-1,-2.343653291E-1,-2.705854177E-1
7.202734405E1,-3.227849603E-1,-2.311694324E-1,-3.057402074E-1
7.203253889E1,-3.952251673E-1,-2.109287977E-1,-3.472867906E-1
7.203757509E1,-4.527511895E-1,-1.800351888E-1,-3.867027760E-1
7.204271238E1,-4.985589683E-1,-1.438150853E-1,-4.229228795E-1
7.204755285E1,-5.145384073E-1,-1.001379117E-1,-4.697959423E-1
7.205274379E1,-5.038854480E-1,-6.391781569E-2,-5.102772117E-1
7.205768676E1,-4.623388648E-1,-3.302420676E-2,-5.390402675E-1
7.206280510E1,-3.941598535E-1,-3.195890691E-3,-5.486279130E-1
7.206795286E1,-3.046749234E-1,4.048128426E-2,-5.422361493E-1
7.207295697E1,-2.077329010E-1,1.022685021E-1,-5.145384073E-1
7.207795551E1,-1.097255871E-1,1.725780964E-1,-4.676653445E-1
7.208323129E1,-1.917534508E-2,2.514100671E-1,-4.154658020E-1
7.208814473E1,5.539543927E-2,3.472867906E-1,-3.632662594E-1
7.209326666E1,1.182479635E-1,4.612735808E-1,-3.142625988E-1
7.209833067E1,1.576639414E-1,5.795215368E-1,-2.684548199E-1
7.210337838E1,1.715128124E-1,7.169448137E-1,-2.194511741E-1
7.210837828E1,1.597945392E-1,8.564987183E-1,-1.715128124E-1
7.211358374E1,1.214438528E-1,9.960526228E-1,-1.267703325E-1
7.211852942E1,7.457078248E-2,1.134541273E0,-8.202786744E-2
7.212372546E1,3.089361079E-2,1.271964550E0,-4.367717355E-2
7.212872599E1,-7.457078435E-3,1.401930809E0,-1.171826664E-2
7.213405932E1,-4.154657945E-2,1.519113421E0,1.704475097E-2
7.213885792E1,-7.883197069E-2,1.612859607E0,4.048128426E-2
7.214393870E1,-1.214438528E-1,1.681038618E0,5.646073818E-2
7.214915911E1,-1.587292403E-1,1.730042219E0,5.859133229E-2
7.215413990E1,-1.821657717E-1,1.772654057E0,4.687306657E-2
7.215925714E1,-2.024064213E-1,1.815266013E0,1.278356276E-2
7.216435411E1,-2.077329010E-1,1.855747223E0,-3.089361079E-2
7.216926172E1,-1.992105246E-1,1.901555061E0,-8.096256852E-2
7.217444229E1,-1.832310706E-1,1.961211681E0,-1.246397421E-1
7.217941683E1,-1.555333585E-1,2.031521320E0,-1.608598381E-1
7.218479953E1,-1.289009303E-1,2.100765467E0,-1.821657717E-1
7.218954459E1,-1.107908785E-1,2.150834560E0,-1.768392920E-1
7.219481334E1,-1.001379117E-1,2.191315889E0,-1.619251370E-1
7.219991469E1,-1.022685021E-1,2.224339962E0,-1.480762810E-1
7.220489761E1,-1.139867753E-1,2.238188744E0,-1.320968270E-1
7.221004001E1,-1.299662292E-1,2.227535963E0,-1.161173657E-1
7.221508735E1,-1.502068639E-1,2.198772907E0,-9.161553532E-2
7.222002199E1,-1.672516167E-1,2.177466869E0,-6.285251677E-2
7.222514803E1,-1.693822145E-1,2.170009851E0,-2.663242258E-2
7.223017246E1,-1.661863178E-1,2.156161070E0,1.491415687E-2
7.223526173E1,-1.853616685E-1,2.112483740E0,7.883197069E-2
7.224049980E1,-2.311694324E-1,2.045370102E0,1.597945392E-1
7.224541365E1,-2.940219641E-1,1.978256464E0,2.396918088E-1
7.225041574E1,-3.600703776E-1,1.917534471E0,3.163931966E-1
7.225568267E1,-4.410329461E-1,1.871726751E0,3.771151006E-1
7.226056548E1,-5.305178761E-1,1.877053142E0,4.133352041E-1
7.226599959E1,-5.891091824E-1,1.972929955E0,4.325105548E-1
7.227111751E1,-6.572881937E-1,2.070937157E0,4.783183336E-1
7.227580256E1,-7.457078695E-1,2.106091976E0,5.475625992E-1
7.228086204E1,-8.234745264E-1,2.072002649E0,5.795215368E-1
7.228595444E1,-8.863270283E-1,2.001693010E0,5.603461862E-1
7.229103960E1,-9.321348071E-1,1.952689290E0,5.156037211E-1
7.229610830E1,-9.438530803E-1,1.917534471E0,4.420982301E-1
7.230111121E1,-9.257430434E-1,1.871726751E0,3.622009456E-1
7.230628465E1,-9.342654347E-1,1.831245422E0,3.078708053E-1
7.231126804E1,-9.619631171E-1,1.774784684E0,2.599324584E-1
7.231640137E1,-9.811384678E-1,1.719389200E0,2.130593807E-1
7.232140465E1,-9.885955453E-1,1.644818425E0,1.779045910E-1
7.232655262E1,-9.885955453E-1,1.547876477E0,1.683169156E-1
7.233154012E1,-9.960526228E-1,1.434955001E0,1.640557349E-1
7.233672554E1,-9.981832504E-1,1.323098779E0,1.587292403E-1
7.234169955E1,-9.907261729E-1,1.203785539E0,1.534027606E-1
7.234693231E1,-9.864649773E-1,1.068492770E0,1.459456831E-1
7.235185216E1,-1.004575014E0,9.459837079E-1,1.352927089E-1
7.235702148E1,-1.037599206E0,8.469110727E-1,1.299662292E-1
7.236203335E1,-1.077015162E0,7.606220245E-1,1.310315281E-1
7.236715153E1,-1.114300609E0,6.839206219E-1,1.320968270E-1
7.237221367E1,-1.151585937E0,6.136110425E-1,1.278356314E-1
7.237724987E1,-1.187806129E0,5.550196767E-1,1.139867753E-1
7.238234138E1,-1.220830321E0,4.985589683E-1,9.800732136E-2
7.238762138E1,-1.238940358E0,4.538165033E-1,8.415845782E-2
7.239243903E1,-1.247462749E0,4.016169310E-1,6.924430281E-2
7.239759393E1,-1.250658631E0,3.547438681E-1,5.219954997E-2
7.240260966E1,-1.246397376E0,3.089361191E-1,3.302420676E-2
7.240771492E1,-1.222960830E0,2.663242221E-1,1.491415687E-2
7.241272612E1,-1.189936638E0,2.087981999E-1,-1.065296936E-3
7.241790336E1,-1.147324800E0,1.459456831E-1,-2.024064213E-2
7.242286904E1,-1.095125198E0,9.374613315E-2,-4.261187837E-2
7.242808279E1,-1.026946187E0,4.474247247E-2,-6.817900389E-2
7.243319696E1,-9.459837079E-1,-1.384885982E-2,-9.055023640E-2
7.243828722E1,-8.554334641E-1,-7.883197069E-2,-1.193132550E-1
7.244319336E1,-7.499690652E-1,-1.534027606E-1,-1.427497864E-1
7.244826175E1,-6.466352344E-1,-2.396918088E-1,-1.629904360E-1
7.245339154E1,-5.486279130E-1,-3.270461559E-1,-1.779045910E-1
7.245849966E1,-4.591429830E-1,-4.090740085E-1,-1.938840449E-1
7.246311123E1,-3.685927391E-1,-4.932324886E-1,-2.045370042E-1
7.246858727E1,-2.791078091E-1,-5.891091824E-1,-2.056023031E-1
7.247356154E1,-1.928187460E-1,-6.775288582E-1,-2.109287977E-1
7.247870123E1,-1.161173657E-1,-7.542302012E-1,-2.226470560E-1
7.248374352E1,-5.113425106E-2,-8.202786446E-1,-2.343653291E-1
7.248881201E1,5.326484796E-3,-8.841964602E-1,-2.428877056E-1
7.249384743E1,6.072192639E-2,-9.438530803E-1,-2.482141852E-1
7.249895535E1,1.139867753E-1,-9.928567410E-1,-2.514100671E-1
7.250397941E1,1.587292403E-1,-1.029076815E0,-2.524753809E-1
7.250911337E1,1.928187460E-1,-1.051448107E0,-2.578018606E-1
7.251411176E1,2.077329010E-1,-1.054643989E0,-2.578018606E-1
7.251928639E1,1.928187460E-1,-1.037599206E0,-2.609977424E-1
7.252426155E1,1.651210189E-1,-9.981832504E-1,-2.695201337E-1
7.252956040E1,1.278356314E-1,-9.438530803E-1,-2.801730931E-1
7.253442139E1,8.735434711E-2,-8.873923421E-1,-2.918913662E-1
7.253962129E1,2.876301669E-2,-8.298662901E-1,-3.195890784E-1
7.254459025E1,-3.835069016E-2,-7.712749839E-1,-3.526133001E-1
7.254984931E1,-9.268083423E-2,-7.254672050E-1,-3.749845326E-1
7.255470827E1,-1.363580078E-1,-6.753982306E-1,-3.760498166E-1
7.255981442E1,-1.789698899E-1,-6.018927693E-1,-3.707233369E-1
7.256484457E1,-2.247776538E-1,-5.113425255E-1,-3.632662594E-1
7.256997796E1,-2.695201337E-1,-4.069434404E-1,-3.536785841E-1
7.257496942E1,-3.078708053E-1,-3.036096394E-1,-3.472867906E-1
7.258014884E1,-3.430256248E-1,-2.205164731E-1,-3.419603109E-1
7.258510702E1,-3.664621413E-1,-1.555333585E-1,-3.313073516E-1
7.259038332E1,-3.824416101E-1,-9.694202244E-2,-3.121320009E-1
7.259543499E1,-3.898986876E-1,-3.728539124E-2,-2.918913662E-1
7.260042010E1,-3.952251673E-1,2.237123623E-2,-2.705854177E-1
7.260548135E1,-4.112046063E-1,7.883197069E-2,-2.386265099E-1
7.261051676E1,-4.346411526E-1,1.139867753E-1,-1.981452256E-1
7.261555776E1,-4.527511895E-1,1.171826646E-1,-1.502068639E-1
7.262082364E1,-4.602082670E-1,8.096256852E-2,-1.001379117E-1
7.262573374E1,-4.602082670E-1,5.326484796E-3,-5.539543927E-2
7.263070114E1,-4.410329461E-1,-6.285251677E-2,0.000000000E0
7.263582208E1,-3.898986876E-1,-8.309315890E-2,6.711370498E-2
7.264096265E1,-3.281114697E-1,-7.670138031E-2,1.480762810E-1
7.264601291E1,-2.801730931E-1,-6.285251677E-2,2.407571077E-1
7.265109864E1,-2.482141852E-1,-3.195890784E-2,3.387644291E-1
7.265622187E1,-2.311694324E-1,2.343653329E-2,4.346411526E-1
7.266122239E1,-2.098634988E-1,1.001379117E-1,5.347790718E-1
7.266643766E1,-1.715128124E-1,1.587292403E-1,6.402434707E-1
7.267138390E1,-1.075949892E-1,1.597945392E-1,7.467731237E-1
7.267648693E1,-2.876301669E-2,1.033338010E-1,8.351927996E-1
7.268167943E1,3.302420676E-2,5.965662748E-2,8.799352646E-1
7.268653813E1,6.924430281E-2,8.522375673E-2,8.799352646E-1
7.269168729E1,7.350549102E-2,1.842963696E-1,8.298662901E-1
7.269683625E1,6.817900389E-2,3.249155581E-1,7.403813601E-1
7.270180328E1,7.989726961E-2,4.016169310E-1,6.572881937E-1
7.270702766E1,1.182479635E-1,3.600703776E-1,5.955010056E-1
7.271195058E1,1.704475135E-1,2.354306281E-1,5.369096398E-1
7.271697141E1,2.258429527E-1,7.030959427E-2,4.729918540E-1
7.272213610E1,2.780424953E-1,-1.043990999E-1,4.048128426E-1
7.272711318E1,3.302420378E-1,-2.854995728E-1,3.281114697E-1
7.273227261E1,3.835068941E-1,-4.580776691E-1,2.524753809E-1
7.273725652E1,4.303799570E-1,-6.050886512E-1,1.757739931E-1
7.274255558E1,4.697959423E-1,-7.148142457E-1,1.033338010E-1
7.274739850E1,4.879060090E-1,-7.872544527E-1,4.367717355E-2
7.275273126E1,4.921671748E-1,-8.607599139E-1,-1.065296959E-2
7.275762902E1,5.006895661E-1,-9.417225122E-1,-6.178722158E-2
7.276268610E1,5.198649168E-1,-1.015228033E0,-1.097255871E-1
7.276797084E1,5.411708355E-1,-1.087668180E0,-1.555333585E-1
7.277282037E1,5.571503043E-1,-1.157977819E0,-2.002758235E-1
7.277779699E1,5.837827325E-1,-1.219764948E0,-2.407571077E-1
7.278296642E1,6.146763563E-1,-1.262376904E0,-2.844342887E-1
7.278806652E1,6.381128430E-1,-1.261311531E0,-3.195890784E-1
7.279312746E1,6.540923119E-1,-1.235744476E0,-3.323726356E-1
7.279973689E1,6.615493894E-1,-1.191002011E0,-3.323726356E-1
7.280325861E1,6.615493894E-1,-1.119627118E0,-3.291767538E-1
7.280841267E1,6.551576257E-1,-1.029076815E0,-3.195890784E-1
7.281345876E1,6.487658620E-1,-9.353306890E-1,-3.046749234E-1
7.281847022E1,6.455699205E-1,-8.469110727E-1,-2.823036909E-1
7.282348194E1,6.455699205E-1,-7.691444159E-1,-2.503447831E-1
7.282854861E1,6.477005482E-1,-7.148142457E-1,-2.215817571E-1
7.283363205E1,6.530269980E-1,-6.807247400E-1,-1.981452256E-1
7.283873502E1,6.658105850E-1,-6.551576257E-1,-1.853616685E-1
7.284373700E1,6.828553081E-1,-6.391781569E-1,-1.853616685E-1
7.284896137E1,6.945735812E-1,-6.434393525E-1,-1.864269674E-1
7.285387590E1,7.084224820E-1,-6.594188213E-1,-1.928187460E-1
7.285898116E1,7.137489319E-1,-6.892471313E-1,-2.034717202E-1
7.286376669E1,7.137489319E-1,-7.275978327E-1,-2.087981999E-1
7.286932221E1,7.062918544E-1,-7.691444159E-1,-2.162552774E-1
7.287421028E1,7.020306587E-1,-7.957767844E-1,-2.237123549E-1
7.287961606E1,7.062918544E-1,-8.042991757E-1,-2.322347313E-1
7.288445747E1,7.137489319E-1,-8.192133307E-1,-2.354306281E-1
7.288946653E1,7.180101275E-1,-8.405193090E-1,-2.333000302E-1
7.289454679E1,7.244018912E-1,-8.554334641E-1,-2.247776538E-1
7.289971408E1,7.361201644E-1,-8.596946001E-1,-2.151899785E-1
7.290461086E1,7.446425557E-1,-8.618252277E-1,-2.045370042E-1
7.290972731E1,7.489037514E-1,-8.692823052E-1,-1.917534471E-1
7.291480289E1,7.520996332E-1,-8.650211096E-1,-1.811004728E-1
7.291961580E1,7.627525926E-1,-8.596946001E-1,-1.768392920E-1
7.292485872E1,7.691444159E-1,-8.543681502E-1,-1.683169156E-1
7.293019544E1,7.584913969E-1,-8.426498771E-1,-1.619251370E-1
7.293520081E1,7.393160462E-1,-8.181480169E-1,-1.555333585E-1
7.294027893E1,7.084224820E-1,-7.766014934E-1,-1.534027606E-1
7.294544081E1,6.540923119E-1,-7.265325189E-1,-1.438150853E-1
7.295042649E1,5.869786143E-1,-6.647452712E-1,-1.203785539E-1
7.295531149E1,5.124078393E-1,-6.050886512E-1,-9.055023640E-2
7.296043966E1,4.335758388E-1,-5.401055217E-1,-6.498311460E-2
7.296545394E1,3.558091819E-1,-4.697959423E-1,-3.728539124E-2
7.297071993E1,2.812383771E-1,-3.984210491E-1,-7.457078435E-3
7.297556935E1,2.247776538E-1,-3.249155581E-1,2.343653329E-2
7.298070092E1,1.821657717E-1,-2.609977424E-1,4.687306657E-2
7.298576894E1,1.438150853E-1,-2.183858752E-1,6.817900389E-2
7.299099665E1,1.097255871E-1,-1.885575503E-1,8.628904819E-2
7.299586686E1,8.309315890E-2,-1.640557349E-1,1.043990999E-1
7.300117451E1,6.178722158E-2,-1.448803842E-1,1.171826646E-1
7.300610941E1,4.154657945E-2,-1.289009303E-1,1.267703325E-1
7.301120691E1,3.622009605E-2,-1.161173657E-1,1.299662292E-1
7.301622951E1,3.728539124E-2,-1.033338010E-1,1.257050335E-1
7.302130889E1,4.048128426E-2,-9.907261282E-2,1.161173657E-1
7.302637988E1,5.752603337E-2,-9.907261282E-2,1.012032107E-1
7.303145686E1,8.202786744E-2,-1.097255871E-1,8.202786744E-2
7.303630129E1,1.150520667E-1,-1.331621110E-1,6.072192639E-2
7.304176967E1,1.491415650E-1,-1.555333585E-1,4.154657945E-2
7.304676874E1,1.853616685E-1,-1.757739931E-1,2.450183034E-2
7.305173634E1,2.194511741E-1,-2.013411224E-1,9.587672539E-3
7.305682233E1,2.503447831E-1,-2.269082516E-1,-5.326484796E-3
7.306194238E1,2.769772112E-1,-2.492794842E-1,-2.237123623E-2
7.306692514E1,3.068055212E-1,-2.620630562E-1,-3.622009605E-2
7.307237796E1,3.366338313E-1,-2.737812996E-1,-5.006895587E-2
7.307713796E1,3.622009456E-1,-2.950872481E-1,-6.391781569E-2
7.308227598E1,3.888333738E-1,-3.206543922E-1,-6.924430281E-2
7.308727395E1,4.165311158E-1,-3.302420378E-1,-6.817900389E-2
7.309229692E1,4.474247098E-1,-3.334379494E-1,-7.137489319E-2
7.309734603E1,4.793836176E-1,-3.376991153E-1,-7.563608140E-2
7.310255660E1,5.113425255E-1,-3.462215066E-1,-7.670138031E-2
7.310768760E1,5.454320312E-1,-3.504827023E-1,-7.670138031E-2
7.311256457E1,5.795215368E-1,-3.483521044E-1,-7.670138031E-2
7.311769020E1,6.136110425E-1,-3.504827023E-1,-7.883197069E-2
7.312270124E1,6.530269980E-1,-3.515479863E-1,-8.309315890E-2
7.312780567E1,6.967042089E-1,-3.494173884E-1,-9.374613315E-2
7.313294890E1,7.489037514E-1,-3.398297131E-1,-1.075949892E-1
7.313788057E1,8.053644896E-1,-3.419603109E-1,-1.054643989E-1
7.314304692E1,8.256051540E-1,-3.909639716E-1,-8.309315890E-2
7.314801651E1,8.128215671E-1,-4.655347466E-1,-4.048128426E-2
7.315316703E1,7.904503345E-1,-5.209302306E-1,4.261187743E-3
7.315817932E1,7.840585709E-1,-5.379749537E-1,1.811004803E-2
7.316349265E1,7.979074121E-1,-5.518237948E-1,7.457078435E-3
7.316829984E1,8.266704082E-1,-5.592808723E-1,7.457078435E-3
7.317354448E1,8.543681502E-1,-5.475625992E-1,1.704475097E-2
7.317845130E1,8.692823052E-1,-5.262566805E-1,2.769771963E-2
7.318363682E1,8.735435009E-1,-5.006895661E-1,3.515479714E-2
7.318862661E1,8.671516776E-1,-4.538165033E-1,4.048128426E-2
7.319377870E1,8.511722684E-1,-3.973557651E-1,4.900366068E-2
7.319874208E1,8.319969177E-1,-3.440909088E-1,5.539543927E-2
7.320387844E1,8.053644896E-1,-3.153278828E-1,5.859133229E-2
7.320890276E1,7.755361795E-1,-3.100014031E-1,5.965662748E-2
7.321398005E1,7.467731237E-1,-3.206543922E-1,5.965662748E-2
7.321901417E1,7.137489319E-1,-3.366338313E-1,5.646073818E-2
7.322415375E1,6.807247400E-1,-3.547438681E-1,5.433014408E-2
7.322936422E1,6.466352344E-1,-3.568744659E-1,4.793836176E-2
7.323456573E1,6.104151607E-1,-3.451561928E-1,4.367717355E-2
7.323926610E1,5.869786143E-1,-3.259808719E-1,3.302420676E-2
7.324448063E1,5.731297731E-1,-3.036096394E-1,1.917534508E-2
7.324959537E1,5.646073818E-1,-2.908260524E-1,5.326484796E-3
7.325461787E1,5.667379498E-1,-2.897607684E-1,-5.326484796E-3
7.325959615E1,5.752603412E-1,-2.940219641E-1,-1.704475097E-2
7.326439214E1,5.933703780E-1,-3.121320009E-1,-3.195890784E-2
7.326975100E1,6.125457287E-1,-3.526133001E-1,-4.900366068E-2
7.327515933E1,6.349169612E-1,-4.037475288E-1,-6.924430281E-2
7.327997183E1,6.647452712E-1,-4.484900236E-1,-8.841964602E-2
7.328503272E1,6.881818175E-1,-4.847100973E-1,-1.075949892E-1
7.329023267E1,6.999000907E-1,-5.145384073E-1,-1.267703325E-1
7.329515011E1,7.020306587E-1,-5.411708355E-1,-1.395539045E-1
7.330030532E1,6.881818175E-1,-5.667379498E-1,-1.491415650E-1
7.330540814E1,6.572881937E-1,-5.827174187E-1,-1.597945392E-1
7.331043074E1,6.093498468E-1,-5.859133005E-1,-1.736433953E-1
7.331544944E1,5.464973450E-1,-5.709991455E-1,-1.885575503E-1
7.332010647E1,4.751224220E-1,-5.401055217E-1,-2.013411224E-1
7.332556366E1,3.920292854E-1,-4.942977726E-1,-2.247776538E-1
7.333062783E1,2.982831299E-1,-4.463594258E-1,-2.524753809E-1
7.333573392E1,2.002758235E-1,-4.154658020E-1,-2.844342887E-1
7.334076694E1,9.800732136E-2,-4.090740085E-1,-3.121320009E-1
7.334607960E1,-3.195890691E-3,-4.229228795E-1,-3.366338313E-1
7.335088840E1,-1.043990999E-1,-4.463594258E-1,-3.664621413E-1
7.335614356E1,-2.098634988E-1,-4.687306583E-1,-3.984210491E-1
7.336109413E1,-3.078708053E-1,-4.932324886E-1,-4.314452708E-1
7.336617996E1,-3.888333738E-1,-5.070813298E-1,-4.548817873E-1
7.337122684E1,-4.591429830E-1,-5.049507618E-1,-4.719265401E-1
7.337632762E1,-5.124078393E-1,-4.942977726E-1,-4.911018908E-1
7.338130924E1,-5.550196767E-1,-4.804489315E-1,-5.060160160E-1
7.338686205E1,-5.848480463E-1,-4.697959423E-1,-5.124078393E-1
7.339147205E1,-5.965662599E-1,-4.580776691E-1,-5.166690350E-1
7.339674637E1,-5.859133005E-1,-4.463594258E-1,-5.134730935E-1
7.340175018E1,-5.582156181E-1,-4.357064366E-1,-4.932324886E-1
7.340673049E1,-5.092119575E-1,-3.973557651E-1,-4.538165033E-1
7.341177117E1,-4.442288280E-1,-3.419603109E-1,-4.122699201E-1
7.341685877E1,-3.547438681E-1,-2.759118974E-1,-3.877680898E-1
7.342209908E1,-2.450182885E-1,-1.661863178E-1,-3.195890784E-1
7.342709195E1,-1.597945392E-1,-4.048128426E-2,-2.343653291E-1
7.343207075E1,-1.043990999E-1,9.374613315E-2,-1.651210189E-1
7.343718455E1,-6.285251677E-2,2.322347313E-1,-1.225091442E-1
7.344228409E1,-2.556712553E-2,3.590050638E-1,-9.161553532E-2
7.344727841E1,6.391781382E-3,4.655347466E-1,-7.137489319E-2
7.345232367E1,2.343653329E-2,5.571503043E-1,-4.580776766E-2
7.345756648E1,2.450183034E-2,6.381128430E-1,-2.769771963E-2
7.346254227E1,8.522375487E-3,7.126836777E-1,-2.556712553E-2
7.346760596E1,-2.024064213E-2,7.819279432E-1,-2.769771963E-2
7.347261149E1,-5.433014408E-2,8.501069546E-1,-3.408950195E-2
7.347785180E1,-1.022685021E-1,9.140247703E-1,-4.580776766E-2
7.348281774E1,-1.597945392E-1,9.662243128E-1,-5.433014408E-2
7.348793295E1,-2.215817571E-1,1.009901524E0,-6.178722158E-2
7.349296862E1,-2.854995728E-1,1.041860461E0,-6.711370498E-2
7.349816779E1,-3.515479863E-1,1.061035752E0,-7.563608140E-2
7.350306519E1,-4.154658020E-1,1.074884653E0,-7.670138031E-2
7.350813352E1,-4.729918540E-1,1.088733435E0,-7.244019210E-2
7.351314852E1,-5.358443856E-1,1.106843472E0,-5.965662748E-2
7.351840998E1,-5.976315737E-1,1.133475900E0,-4.154657945E-2
7.352367758E1,-6.583535075E-1,1.173957229E0,-2.024064213E-2
7.352858337E1,-7.180101275E-1,1.230417967E0,4.261187743E-3
7.353372040E1,-7.691444159E-1,1.307119370E0,2.556712553E-2
7.353868529E1,-8.085603714E-1,1.404061317E0,4.474247247E-2
7.354360227E1,-8.362581134E-1,1.513786912E0,5.646073818E-2
7.354870936E1,-8.543681502E-1,1.626708388E0,6.711370498E-2
7.355373795E1,-8.618252277E-1,1.738564610E0,8.202786744E-2
7.355888524E1,-8.586293459E-1,1.849355459E0,9.587672353E-2
7.356390129E1,-8.437151909E-1,1.945232153E0,1.043990999E-1
7.356915550E1,-8.181480169E-1,2.016607046E0,1.097255871E-1
7.357400978E1,-7.893850207E-1,2.050696611E0,1.129214764E-1
7.357915196E1,-7.552955151E-1,2.045370102E0,1.203785539E-1
7.358415441E1,-7.116183639E-1,2.027260065E0,1.267703325E-1
7.358930296E1,-6.594188213E-1,2.012346029E0,1.257050335E-1
7.359444046E1,-5.805868506E-1,2.022998810E0,1.246397421E-1
7.359943671E1,-4.932324886E-1,2.037913084E0,1.278356314E-1
7.360442520E1,-4.207922816E-1,2.027260065E0,1.406191885E-1
7.360955921E1,-3.739192188E-1,1.987844110E0,1.555333585E-1
7.361460712E1,-3.515479863E-1,1.947362781E0,1.736433953E-1
7.361971942E1,-3.462215066E-1,1.917534471E0,2.002758235E-1
7.362470327E1,-3.590050638E-1,1.879183769E0,2.375612110E-1
7.363001926E1,-3.845722079E-1,1.825918913E0,2.823036909E-1
7.363495853E1,-4.207922816E-1,1.773719430E0,3.110667169E-1
7.364013900E1,-4.506205916E-1,1.744956374E0,3.057402074E-1
7.364504900E1,-4.815142155E-1,1.721519828E0,2.908260524E-1
7.365015520E1,-5.230607986E-1,1.692756772E0,2.812383771E-1
7.365515885E1,-5.678032637E-1,1.675712109E0,2.695201337E-1
7.366039192E1,-6.125457287E-1,1.662928462E0,2.524753809E-1
7.366529718E1,-6.477005482E-1,1.642687917E0,2.343653291E-1
7.367066031E1,-6.764635444E-1,1.617120743E0,2.205164731E-1
7.367552348E1,-6.999000907E-1,1.601141334E0,1.928187460E-1
7.368057510E1,-7.073571682E-1,1.588357687E0,1.576639414E-1
7.368580651E1,-7.169448137E-1,1.560660005E0,1.278356314E-1
7.369076651E1,-7.339895964E-1,1.505264521E0,1.022685021E-1
7.369584661E1,-7.584913969E-1,1.432824373E0,8.522375673E-2
7.370104401E1,-7.925809026E-1,1.358253598E0,8.522375673E-2
7.370586656E1,-8.405193090E-1,1.287943959E0,9.374613315E-2
7.371101000E1,-8.884576559E-1,1.216569066E0,1.054643989E-1
7.371607125E1,-9.321348071E-1,1.152651310E0,1.171826646E-1
7.372118859E1,-9.704855084E-1,1.090864062E0,1.363580078E-1
7.372615188E1,-1.004575014E0,1.029076815E0,1.597945392E-1
7.373137359E1,-1.045056343E0,9.449183941E-1,1.757739931E-1
7.373636026E1,-1.075949907E0,8.575640321E-1,1.789698899E-1
7.374157729E1,-1.084472299E0,7.925809026E-1,1.725780964E-1
7.374644615E1,-1.082341671E0,7.286630869E-1,1.608598381E-1
7.375165084E1,-1.061035752E0,6.636800170E-1,1.512721628E-1
7.375662266E1,-1.036533952E0,5.997622013E-1,1.502068639E-1
7.376191506E1,-1.017358541E0,5.433014631E-1,1.502068639E-1
7.376652672E1,-9.896608591E-1,4.974936545E-1,1.544680595E-1
7.377190485E1,-9.587672353E-1,4.697959423E-1,1.597945392E-1
7.377690469E1,-9.289389253E-1,4.378370345E-1,1.672516167E-1
7.378199876E1,-8.937841058E-1,3.888333738E-1,1.757739931E-1
7.378705365E1,-8.437151909E-1,3.334379494E-1,1.789698899E-1
7.379226506E1,-7.808626294E-1,2.780424953E-1,1.693822145E-1
7.379746553E1,-7.126836777E-1,2.290388346E-1,1.480762810E-1
7.380233579E1,-6.466352344E-1,1.811004728E-1,1.193132550E-1
7.380729975E1,-5.805868506E-1,1.235744432E-1,8.948494494E-2
7.381240287E1,-5.145384073E-1,6.072192639E-2,5.752603337E-2
7.381764199E1,-4.538165033E-1,5.326484796E-3,2.982831374E-2
7.382253657E1,-3.973557651E-1,-5.219954997E-2,2.130593872E-3
7.382755767E1,-3.472867906E-1,-1.075949892E-1,-2.024064213E-2
7.383277262E1,-3.057402074E-1,-1.534027606E-1,-3.728539124E-2
7.383784881E1,-2.695201337E-1,-1.832310706E-1,-5.006895587E-2
7.384281819E1,-2.333000302E-1,-2.077329010E-1,-5.326484516E-2
7.384793142E1,-2.056023031E-1,-2.311694324E-1,-5.326484516E-2
7.385305001E1,-1.821657717E-1,-2.450182885E-1,-5.646073818E-2
7.385808527E1,-1.619251370E-1,-2.535406649E-1,-5.752603337E-2
7.386322163E1,-1.459456831E-1,-2.652589381E-1,-6.072192639E-2
7.386814288E1,-1.427497864E-1,-2.727160156E-1,-6.178722158E-2
7.387343543E1,-1.480762810E-1,-2.705854177E-1,-6.498311460E-2
7.387834049E1,-1.597945392E-1,-2.705854177E-1,-6.924430281E-2
7.388310028E1,-1.725780964E-1,-2.759118974E-1,-7.989726961E-2
7.388845642E1,-1.832310706E-1,-2.823036909E-1,-8.841964602E-2
7.389362205E1,-1.938840449E-1,-2.844342887E-1,-9.587672353E-2
7.389873856E1,-2.237123549E-1,-2.865648866E-1,-1.086602882E-1
7.390374778E1,-2.641936541E-1,-2.908260524E-1,-1.257050335E-1
7.390876575E1,-3.004137278E-1,-2.918913662E-1,-1.459456831E-1
7.391383346E1,-3.259808719E-1,-2.865648866E-1,-1.683169156E-1
7.391889351E1,-3.430256248E-1,-2.780424953E-1,-1.949493438E-1
7.392401986E1,-3.579397798E-1,-2.705854177E-1,-2.290388346E-1
7.392916044E1,-3.717886209E-1,-2.588671446E-1,-2.631283402E-1
7.393425325E1,-3.877680898E-1,-2.407571077E-1,-2.918913662E-1
7.393934179E1,-3.930945694E-1,-2.215817571E-1,-3.142625988E-1
7.394427731E1,-4.037475288E-1,-2.066676021E-1,-3.345032334E-1
7.394947685E1,-4.314452708E-1,-1.821657717E-1,-3.515479863E-1
7.395449414E1,-4.708612561E-1,-1.416844875E-1,-3.685927391E-1
7.395953216E1,-5.113425255E-1,-9.587672353E-2,-3.867027760E-1
7.396461362E1,-5.390402675E-1,-5.965662748E-2,-3.952251673E-1
7.396957763E1,-5.550196767E-1,-3.089361079E-2,-3.994863629E-1
7.397471846E1,-5.667379498E-1,-1.065296936E-3,-4.005516469E-1
7.397987107E1,-5.805868506E-1,2.556712553E-2,-4.005516469E-1
7.398485003E1,-5.976315737E-1,4.048128426E-2,-4.037475288E-1
7.398996081E1,-6.168069243E-1,4.367717355E-2,-4.080087245E-1
7.399498977E1,-6.349169612E-1,3.622009605E-2,-4.144005179E-1
7.400013346E1,-6.466352344E-1,1.491415687E-2,-4.175963998E-1
7.400535654E1,-6.615493894E-1,-1.811004803E-2,-4.207922816E-1
7.401015378E1,-6.785941720E-1,-6.711370498E-2,-4.197269976E-1
7.401529961E1,-6.999000907E-1,-1.502068639E-1,-3.984210491E-1
7.402033180E1,-7.009654045E-1,-2.290388346E-1,-3.536785841E-1
7.402543003E1,-6.967042089E-1,-3.291767538E-1,-2.929566503E-1
7.403040550E1,-6.988347769E-1,-4.474247098E-1,-2.215817571E-1
7.403574467E1,-6.892471313E-1,-5.464973450E-1,-1.438150853E-1
7.404060962E1,-6.551576257E-1,-5.986968875E-1,-5.859133229E-2
7.404596139E1,-6.008274555E-1,-6.082845330E-1,3.408950195E-2
7.405090279E1,-5.166690350E-1,-6.008274555E-1,1.384886056E-1
7.405581727E1,-4.197269976E-1,-6.210681200E-1,2.556712627E-1
7.406097712E1,-3.536785841E-1,-6.764635444E-1,3.717886209E-1
7.406616212E1,-3.238502741E-1,-7.233366370E-1,4.644694626E-1
7.407111035E1,-3.121320009E-1,-7.350549102E-1,5.081466436E-1
7.407613972E1,-2.940219641E-1,-7.201407552E-1,4.985589683E-1
7.408113040E1,-2.684548199E-1,-6.562229395E-1,4.474247098E-1
7.408592597E1,-2.311694324E-1,-4.900365770E-1,3.739192188E-1
7.409131139E1,-1.842963696E-1,-2.684548199E-1,3.451561928E-1
7.409648816E1,-1.448803842E-1,-1.129214764E-1,3.952251673E-1
7.410108431E1,-1.075949892E-1,-7.883197069E-2,4.932324886E-1
7.410625999E1,-5.646073818E-2,-1.203785539E-1,5.965662599E-1
7.411165259E1,1.171826664E-2,-1.917534471E-1,6.604840755E-1
7.411667415E1,1.075949892E-1,-2.865648866E-1,6.530269980E-1
7.412172405E1,2.333000302E-1,-4.037475288E-1,5.955010056E-1
7.412688363E1,3.653968573E-1,-5.273219943E-1,5.219954848E-1
7.413185718E1,4.900365770E-1,-6.477005482E-1,4.399676323E-1
7.413699634E1,6.040233374E-1,-7.659484744E-1,3.579397798E-1
7.414202129E1,7.020306587E-1,-8.916535378E-1,2.684548199E-1
7.414714020E1,7.904503345E-1,-1.017358541E0,1.725780964E-1
7.415217181E1,8.756740689E-1,-1.138802409E0,7.989726961E-2
7.415726015E1,9.470489621E-1,-1.261311531E0,2.130593872E-3
7.416258280E1,9.928567410E-1,-1.348665953E0,-6.072192639E-2
7.416746421E1,1.006705642E0,-1.391277790E0,-1.182479635E-1
7.417257859E1,1.008836150E0,-1.406191945E0,-1.800351888E-1
7.417780765E1,1.012032032E0,-1.378494263E0,-2.428877056E-1
7.418269604E1,1.009901524E0,-1.320968151E0,-2.929566503E-1
7.418802083E1,1.003509760E0,-1.253854513E0,-3.249155581E-1
7.419273145E1,9.971179366E-1,-1.186740756E0,-3.472867906E-1
7.419785234E1,9.928567410E-1,-1.120692372E0,-3.685927391E-1
7.420297187E1,9.928567410E-1,-1.061035752E0,-3.803110123E-1
7.420797687E1,9.928567410E-1,-1.005640268E0,-3.909639716E-1
7.421296849E1,9.981832504E-1,-9.587672353E-1,-3.984210491E-1
7.421811484E1,9.992485046E-1,-9.182859659E-1,-4.048128426E-1
7.422314463E1,9.949873090E-1,-8.799352646E-1,-4.090740085E-1
7.422836489E1,9.864649773E-1,-8.628905416E-1,-4.080087245E-1
7.423359823E1,9.758120179E-1,-8.703476191E-1,-4.058781266E-1
7.423848255E1,9.577019215E-1,-8.863270283E-1,-3.952251673E-1
7.424342057E1,9.321348071E-1,-8.959147334E-1,-3.771151006E-1
7.424854104E1,8.991106153E-1,-8.969800472E-1,-3.600703776E-1
7.425356589E1,8.543681502E-1,-8.810005784E-1,-3.408950269E-1
7.425875797E1,8.011032939E-1,-8.650211096E-1,-3.131972849E-1
7.426374068E1,7.371854782E-1,-8.394539952E-1,-2.769772112E-1
7.426881745E1,6.690064669E-1,-8.096256852E-1,-2.450182885E-1
7.427385328E1,6.093498468E-1,-7.734055519E-1,-2.119940966E-1
7.427893339E1,5.646073818E-1,-7.297284007E-1,-1.757739931E-1
7.428373615E1,5.433014631E-1,-6.743329763E-1,-1.374233067E-1
7.428915740E1,5.390402675E-1,-6.189374924E-1,-9.694202244E-2
7.429410808E1,5.539544225E-1,-5.827174187E-1,-4.793836176E-2
7.429933579E1,5.901744962E-1,-5.582156181E-1,-7.457078435E-3
7.430429219E1,6.413087845E-1,-5.582156181E-1,2.876301669E-2
7.430945652E1,6.924430132E-1,-5.944356918E-1,5.646073818E-2
7.431442079E1,7.318589687E-1,-6.487658620E-1,8.628904819E-2
7.431983829E1,7.467731237E-1,-6.945735812E-1,1.139867753E-1
7.432455074E1,7.425119877E-1,-7.286630869E-1,1.427497864E-1
7.432966308E1,7.244018912E-1,-7.552955151E-1,1.661863178E-1
7.433436397E1,6.956388950E-1,-7.702096701E-1,1.800351888E-1
7.433982808E1,6.562229395E-1,-7.627525926E-1,1.885575503E-1
7.434482652E1,6.050886512E-1,-7.339895964E-1,1.885575503E-1
7.435003485E1,5.454320312E-1,-6.913776994E-1,1.725780964E-1
7.435505444E1,4.793836176E-1,-6.402434707E-1,1.363580078E-1
7.436028788E1,4.122699201E-1,-5.965662599E-1,9.268083423E-2
7.436536439E1,3.547438681E-1,-5.603461862E-1,4.900366068E-2
7.437038527E1,2.982831299E-1,-5.347790718E-1,8.522375487E-3
7.437529470E1,2.492794842E-1,-5.262566805E-1,-2.556712553E-2
7.438044288E1,1.928187460E-1,-5.315831900E-1,-5.752603337E-2
7.438540845E1,1.352927089E-1,-5.337137580E-1,-8.628904819E-2
7.439057116E1,8.415845782E-2,-5.358443856E-1,-1.075949892E-1
7.439555752E1,2.450183034E-2,-5.550196767E-1,-1.257050335E-1
7.440067762E1,-2.876301669E-2,-5.709991455E-1,-1.448803842E-1
7.440584538E1,-7.137489319E-2,-5.731297731E-1,-1.587292403E-1
7.441083804E1,-1.097255871E-1,-5.678032637E-1,-1.715128124E-1
7.441598241E1,-1.363580078E-1,-5.518237948E-1,-1.832310706E-1
7.442107747E1,-1.544680595E-1,-5.262566805E-1,-1.960146427E-1
7.442610163E1,-1.768392920E-1,-4.985589683E-1,-2.077329010E-1
7.443113142E1,-1.917534471E-1,-4.708612561E-1,-2.130593807E-1
7.443615018E1,-2.045370042E-1,-4.484900236E-1,-2.173205763E-1
7.444158278E1,-2.098634988E-1,-4.229228795E-1,-2.215817571E-1
7.444626643E1,-2.024064213E-1,-4.026822448E-1,-2.205164731E-1
7.445151164E1,-1.800351888E-1,-3.909639716E-1,-2.151899785E-1
7.445647455E1,-1.470109820E-1,-3.824416101E-1,-2.034717202E-1
7.446162757E1,-1.012032107E-1,-3.717886209E-1,-1.864269674E-1
7.446672721E1,-4.474247247E-2,-3.622009456E-1,-1.736433953E-1
7.447175393E1,1.597945392E-2,-3.579397798E-1,-1.619251370E-1
7.447673174E1,8.202786744E-2,-3.558091819E-1,-1.448803842E-1
7.448193232E1,1.491415650E-1,-3.483521044E-1,-1.214438528E-1
7.448688404E1,2.183858752E-1,-3.313073516E-1,-9.161553532E-2
7.449215237E1,2.929566503E-1,-3.153278828E-1,-5.965662748E-2
7.449712753E1,3.653968573E-1,-2.982831299E-1,-2.450183034E-2
7.450227466E1,4.357064366E-1,-2.876301706E-1,1.065296959E-2
7.450702654E1,5.038854480E-1,-2.865648866E-1,4.048128426E-2
7.451232638E1,5.731297731E-1,-2.833689749E-1,6.817900389E-2
7.451728570E1,6.391781569E-1,-2.791078091E-1,9.374613315E-2
7.452257399E1,6.945735812E-1,-2.737812996E-1,1.139867753E-1
7.452769029E1,7.414466739E-1,-2.705854177E-1,1.342274100E-1
7.453263940E1,7.819279432E-1,-2.780424953E-1,1.438150853E-1
7.453762477E1,8.224092126E-1,-2.908260524E-1,1.438150853E-1
7.454273732E1,8.639557958E-1,-3.100014031E-1,1.448803842E-1
7.454781566E1,9.023064971E-1,-3.387644291E-1,1.427497864E-1
7.455284915E1,9.417225122E-1,-3.803110123E-1,1.374233067E-1
7.455787045E1,9.800731540E-1,-4.314452708E-1,1.331621110E-1
7.456304790E1,1.008836150E0,-4.857754111E-1,1.352927089E-1
7.456811269E1,1.037599206E0,-5.390402675E-1,1.278356314E-1
7.457320451E1,1.058905125E0,-5.848480463E-1,1.097255871E-1
7.457817092E1,1.077015162E0,-6.168069243E-1,9.161553532E-2
7.458329790E1,1.084472299E0,-6.381128430E-1,7.137489319E-2
7.458831628E1,1.077015162E0,-6.583535075E-1,4.900366068E-2
7.459346040E1,1.063166380E0,-6.775288582E-1,3.089361079E-2
7.459849394E1,1.038664460E0,-6.903123856E-1,9.587672539E-3
7.460355550E1,1.003509760E0,-6.999000907E-1,-1.384885982E-2
7.460859144E1,9.513101578E-1,-7.030959725E-1,-3.515479714E-2
7.461377196E1,8.884576559E-1,-6.977695227E-1,-5.113425106E-2
7.461895342E1,8.032338619E-1,-6.764635444E-1,-6.072192639E-2
7.462390264E1,6.999000907E-1,-6.508964300E-1,-6.498311460E-2
7.462883780E1,5.869786143E-1,-6.370475888E-1,-6.072192639E-2
7.463397473E1,4.783183336E-1,-6.295905113E-1,-5.433014408E-2
7.463898525E1,3.920292854E-1,-6.136110425E-1,-5.326484516E-2
7.464439733E1,3.227849603E-1,-6.018927693E-1,-5.965662748E-2
7.464943326E1,2.705854177E-1,-5.965662599E-1,-6.817900389E-2
7.465425374E1,2.418224066E-1,-5.827174187E-1,-6.817900389E-2
7.465944061E1,2.279735506E-1,-5.571503043E-1,-6.924430281E-2
7.466458577E1,2.226470560E-1,-5.262566805E-1,-7.563608140E-2
7.466942614E1,2.290388346E-1,-4.921671748E-1,-7.563608140E-2
7.467421317E1,2.524753809E-1,-4.666000605E-1,-7.350549102E-2
7.467952916E1,2.876301706E-1,-4.442288280E-1,-6.924430281E-2
7.468470411E1,3.291767538E-1,-4.239881933E-1,-5.646073818E-2
7.468972072E1,3.728539348E-1,-4.144005179E-1,-4.048128426E-2
7.469499697E1,4.101393223E-1,-4.175963998E-1,-2.556712553E-2
7.469994796E1,4.325105548E-1,-4.303799570E-1,-1.597945392E-2
7.470499551E1,4.325105548E-1,-4.570123851E-1,-1.597945392E-2
7.471016994E1,4.112046063E-1,-4.932324886E-1,-5.326484796E-3
7.471530062E1,3.675274551E-1,-5.156037211E-1,7.457078435E-3
7.472019677E1,3.110667169E-1,-5.060160160E-1,2.130593918E-2
7.472523645E1,2.556712627E-1,-4.666000605E-1,3.408950195E-2
7.473032771E1,2.056023031E-1,-4.026822448E-1,3.622009605E-2
7.473554619E1,1.619251370E-1,-3.259808719E-1,3.728539124E-2
7.474046734E1,1.246397421E-1,-2.364959270E-1,3.728539124E-2
7.474558505E1,1.022685021E-1,-1.544680595E-1,2.130593918E-2
7.475061016E1,8.735434711E-2,-8.735434711E-2,7.457078435E-3
7.475576057E1,8.202786744E-2,-3.089361079E-2,-4.261187743E-3
7.476071969E1,6.178722158E-2,-6.391781382E-3,-2.450183034E-2
7.476583427E1,2.450183034E-2,-2.769771963E-2,-4.687306657E-2
7.477100443E1,4.261187743E-3,-5.219954997E-2,-7.670138031E-2
7.477600203E1,-1.065296959E-2,-7.563608140E-2,-1.171826646E-1
7.478107120E1,-5.219954997E-2,-9.907261282E-2,-1.693822145E-1
7.478621594E1,-1.257050335E-1,-9.907261282E-2,-2.279735506E-1
7.479135360E1,-2.215817571E-1,-7.244019210E-2,-2.833689749E-1
7.479629037E1,-3.313073516E-1,-3.089361079E-2,-3.345032334E-1
7.480128026E1,-4.389023483E-1,2.237123623E-2,-3.835068941E-1
7.480640636E1,-5.369096398E-1,7.989726961E-2,-4.271840751E-1
7.481152454E1,-6.104151607E-1,1.320968270E-1,-4.761877358E-1
7.481655172E1,-6.381128430E-1,1.757739931E-1,-5.358443856E-1
7.482158396E1,-6.306557655E-1,2.386265099E-1,-5.550196767E-1
7.482676938E1,-5.986968875E-1,2.961525619E-1,-5.475625992E-1
7.483166589E1,-5.464973450E-1,3.504827023E-1,-5.166690350E-1
7.483684615E1,-4.783183336E-1,4.112046063E-1,-4.655347466E-1
7.484204490E1,-4.080087245E-1,4.772530198E-1,-3.984210491E-1
7.484701912E1,-3.504827023E-1,5.582156181E-1,-3.281114697E-1
7.485220647E1,-3.121320009E-1,6.647452712E-1,-2.641936541E-1
7.485720605E1,-2.961525619E-1,7.915156484E-1,-2.034717202E-1
7.486214345E1,-2.961525619E-1,9.427877665E-1,-1.448803842E-1
7.486725240E1,-3.100014031E-1,1.103647590E0,-8.628904819E-2
7.487226246E1,-3.430256248E-1,1.260246277E0,-2.663242258E-2
7.487739470E1,-3.888333738E-1,1.400865436E0,3.089361079E-2
7.488254381E1,-4.442288280E-1,1.519113421E0,8.415845782E-2
7.488756871E1,-5.017548800E-1,1.623512506E0,1.278356314E-1
7.489257350E1,-5.571503043E-1,1.718323946E0,1.587292403E-1
7.489791887E1,-5.986968875E-1,1.807808876E0,1.672516167E-1
7.490328048E1,-6.168069243E-1,1.884510279E0,1.619251370E-1
7.490796199E1,-6.210681200E-1,1.937775135E0,1.470109820E-1
7.491286262E1,-6.061539650E-1,1.981452346E0,1.246397421E-1
7.491812257E1,-5.837827325E-1,2.024064064E0,1.097255871E-1
7.492306684E1,-5.560849905E-1,2.053892374E0,9.907261282E-2
7.492815715E1,-5.326484442E-1,2.070937157E0,8.096256852E-2
7.493311569E1,-5.156037211E-1,2.084786177E0,5.539543927E-2
7.493823840E1,-4.953630865E-1,2.109287977E0,2.982831374E-2
7.494337731E1,-4.687306583E-1,2.129528522E0,1.704475097E-2
7.494858330E1,-4.463594258E-1,2.116744995E0,1.491415687E-2
7.495342976E1,-4.314452708E-1,2.078394413E0,1.811004803E-2
7.495856085E1,-4.154658020E-1,2.038978338E0,3.302420676E-2
7.496355049E1,-3.909639716E-1,2.014476538E0,5.326484516E-2
7.496871445E1,-3.579397798E-1,2.008084774E0,7.350549102E-2
7.497373966E1,-3.238502741E-1,2.011280537E0,1.054643989E-1
7.497895007E1,-2.929566503E-1,2.020868301E0,1.587292403E-1
7.498385440E1,-2.641936541E-1,2.031521320E0,2.322347313E-1
7.498897888E1,-2.524753809E-1,2.045370102E0,3.174584806E-1
7.499405961E1,-2.716507316E-1,2.068806648E0,3.920292854E-1
7.499910804E1,-3.163931966E-1,2.112483740E0,4.495553076E-1
7.500412211E1,-3.888333738E-1,2.151899815E0,4.911018908E-1
7.500933679E1,-4.804489315E-1,2.175336361E0,5.209302306E-1
7.501428398E1,-5.848480463E-1,2.163618088E0,5.422361493E-1
7.501941284E1,-6.753982306E-1,2.130593777E0,5.539544225E-1
7.502445279E1,-7.286630869E-1,2.105026722E0,5.358443856E-1
7.502956076E1,-7.499690652E-1,2.100765467E0,4.996242523E-1
7.503457753E1,-7.478384376E-1,2.078394413E0,4.676653445E-1
7.503971706E1,-7.478384376E-1,1.996366501E0,4.357064366E-1
7.504467831E1,-7.574261427E-1,1.861073732E0,4.005516469E-1
7.505001029E1,-7.616873384E-1,1.731107473E0,3.781804144E-1
7.505493399E1,-7.552955151E-1,1.642687917E0,3.685927391E-1
7.506004352E1,-7.638179064E-1,1.588357687E0,3.685927391E-1
7.506501644E1,-7.915156484E-1,1.547876477E0,3.717886209E-1
7.506977899E1,-8.245398402E-1,1.510591030E0,3.760498166E-1
7.507520967E1,-8.586293459E-1,1.473305702E0,3.707233369E-1
7.508029274E1,-8.724781871E-1,1.432824373E0,3.568744659E-1
7.508535633E1,-8.628905416E-1,1.383820772E0,3.504827023E-1
7.509039592E1,-8.639557958E-1,1.315641761E0,3.451561928E-1
7.509549717E1,-8.810005784E-1,1.238940358E0,3.281114697E-1
7.510054128E1,-8.873923421E-1,1.148390055E0,3.089361191E-1
7.510553910E1,-8.969800472E-1,1.051448107E0,3.014790416E-1
7.511093009E1,-9.140247703E-1,9.598325491E-1,3.014790416E-1
7.511566519E1,-9.353306890E-1,8.682169914E-1,2.993484437E-1
7.512085748E1,-9.587672353E-1,7.670137882E-1,2.844342887E-1
7.512583941E1,-9.672896266E-1,6.743329763E-1,2.535406649E-1
7.513101441E1,-9.513101578E-1,6.061539650E-1,2.194511741E-1
7.513603254E1,-9.140247703E-1,5.486279130E-1,1.917534471E-1
7.514127738E1,-8.671516776E-1,4.879060090E-1,1.683169156E-1
7.514612462E1,-8.224092126E-1,4.282493591E-1,1.448803842E-1
7.515143363E1,-7.723402977E-1,3.675274551E-1,1.246397421E-1
7.515628546E1,-7.148142457E-1,3.025443256E-1,1.022685021E-1
7.516140118E1,-6.594188213E-1,2.354306281E-1,7.350549102E-2
7.516656863E1,-6.125457287E-1,1.512721628E-1,5.326484516E-2
7.517150092E1,-5.624767542E-1,5.433014408E-2,3.302420676E-2
7.517663608E1,-5.177342892E-1,-4.261187837E-2,9.587672539E-3
7.518168238E1,-4.804489315E-1,-1.470109820E-1,-1.171826664E-2
7.518700239E1,-4.420982301E-1,-2.556712627E-1,-3.408950195E-2
7.519207254E1,-3.994863629E-1,-3.568744659E-1,-3.941598535E-2
7.519692582E1,-3.504827023E-1,-4.538165033E-1,-3.941598535E-2
7.520201051E1,-2.950872481E-1,-5.433014631E-1,-4.793836176E-2
7.520713223E1,-2.333000302E-1,-6.285251975E-1,-5.859133229E-2
7.521209666E1,-1.683169156E-1,-7.180101275E-1,-7.030959427E-2
7.521714525E1,-1.033338010E-1,-8.053644896E-1,-8.202786744E-2
7.522230567E1,-4.900366068E-2,-8.884576559E-1,-9.587672353E-2
7.522733380E1,-3.195890691E-3,-9.566366673E-1,-1.107908785E-1
7.523239812E1,3.408950195E-2,-1.004575014E0,-1.225091442E-1
7.523709953E1,8.309315890E-2,-1.035468578E0,-1.289009303E-1
7.524252682E1,1.320968270E-1,-1.036533952E0,-1.342274100E-1
7.524766864E1,1.736433953E-1,-9.843343496E-1,-1.427497864E-1
7.525273833E1,2.066676021E-1,-8.756740689E-1,-1.491415650E-1
7.525769041E1,2.471488863E-1,-7.499690652E-1,-1.502068639E-1
7.526288687E1,2.812383771E-1,-6.413087845E-1,-1.565986425E-1
7.526788916E1,2.940219641E-1,-5.624767542E-1,-1.789698899E-1
7.527300489E1,2.833689749E-1,-4.974936545E-1,-2.130593807E-1
7.527797922E1,2.620630562E-1,-4.463594258E-1,-2.396918088E-1
7.528305880E1,2.322347313E-1,-3.984210491E-1,-2.546059787E-1
7.528809526E1,1.800351888E-1,-3.291767538E-1,-2.567365468E-1
7.529323974E1,1.107908785E-1,-2.364959270E-1,-2.503447831E-1
7.529828151E1,3.089361079E-2,-1.225091442E-1,-2.439530045E-1
7.530364969E1,-5.539543927E-2,1.065296936E-3,-2.205164731E-1
7.530845328E1,-1.534027606E-1,1.427497864E-1,-1.779045910E-1
7.531369589E1,-2.780424953E-1,2.940219641E-1,-1.235744432E-1
7.531861547E1,-4.250534773E-1,4.197269976E-1,-5.326484516E-2
7.532369709E1,-5.678032637E-1,4.804489315E-1,5.219954997E-2
7.532870349E1,-6.860512495E-1,4.538165033E-1,1.821657717E-1
7.533381146E1,-7.744708657E-1,3.643315434E-1,3.014790416E-1
7.533879709E1,-8.106909394E-1,2.609977424E-1,3.622009456E-1
7.534406709E1,-8.138868809E-1,1.502068639E-1,3.483521044E-1
7.534901365E1,-7.680791020E-1,5.965662748E-2,2.940219641E-1
7.535419329E1,-6.519617438E-1,2.024064213E-2,2.354306281E-1
7.535916183E1,-4.847100973E-1,2.982831374E-2,1.715128124E-1
7.536430334E1,-2.897607684E-1,5.859133229E-2,1.086602882E-1
7.536937032E1,-7.457078248E-2,8.415845782E-2,6.604841352E-2
7.537441662E1,1.534027606E-1,1.075949892E-1,4.793836176E-2
7.537962355E1,3.590050638E-1,1.161173657E-1,3.728539124E-2
7.538452204E1,5.166690350E-1,7.989726961E-2,3.195890784E-2
7.538955824E1,6.317210793E-1,-1.065296936E-3,4.474247247E-2
7.539467564E1,7.244018912E-1,-1.022685021E-1,8.415845782E-2
7.539964282E1,7.904503345E-1,-1.938840449E-1,1.395539045E-1
7.540478251E1,8.245398402E-1,-2.567365468E-1,1.874922663E-1
7.540988152E1,8.330622315E-1,-3.025443256E-1,2.162552774E-1
7.541510105E1,8.330622315E-1,-3.408950269E-1,2.269082516E-1
7.541993517E1,8.383886814E-1,-3.909639716E-1,2.205164731E-1
7.542475866E1,8.554334641E-1,-4.676653445E-1,1.842963696E-1
7.543014892E1,8.735435009E-1,-5.848480463E-1,1.384886056E-1
7.543534517E1,8.810005784E-1,-7.244018912E-1,8.628904819E-2
7.544035944E1,8.778046966E-1,-8.458457589E-1,1.917534508E-2
7.544542283E1,8.501069546E-1,-9.310694933E-1,-5.326484516E-2
7.545037908E1,7.808626294E-1,-9.768772721E-1,-1.075949892E-1
7.545567996E1,6.711370945E-1,-9.928567410E-1,-1.555333585E-1
7.546052054E1,5.464973450E-1,-9.715508223E-1,-2.258429527E-1
7.546587403E1,4.303799570E-1,-9.214818478E-1,-3.142625988E-1
7.547071168E1,3.345032334E-1,-8.490416408E-1,-4.037475288E-1
7.547585200E1,2.673895359E-1,-7.755361795E-1,-4.847100973E-1
7.548085710E1,2.247776538E-1,-7.425119877E-1,-5.347790718E-1
7.548605424E1,2.215817571E-1,-7.584913969E-1,-5.614115000E-1
7.549111731E1,2.535406649E-1,-8.032338619E-1,-5.869786143E-1
7.549610346E1,3.163931966E-1,-8.533028364E-1,-6.008274555E-1
7.550271273E1,3.962904513E-1,-9.001759291E-1,-6.221334338E-1
7.550618565E1,4.804489315E-1,-9.545060396E-1,-6.423740387E-1
7.551137117E1,5.614115000E-1,-1.016293287E0,-6.466352344E-1
7.551644080E1,6.455699205E-1,-1.058905125E0,-6.413087845E-1
7.552149106E1,7.084224820E-1,-1.081276417E0,-6.359822750E-1
7.552634164E1,7.403813601E-1,-1.090864062E0,-6.242640018E-1
7.553156388E1,7.595567107E-1,-1.088733435E0,-6.082845330E-1
7.553666544E1,7.627525926E-1,-1.084472299E0,-5.944356918E-1
7.554179737E1,7.531649470E-1,-1.073819280E0,-5.763256550E-1
7.554678133E1,7.350549102E-1,-1.058905125E0,-5.486279130E-1
7.555186461E1,7.148142457E-1,-1.050382733E0,-5.156037211E-1
7.555687482E1,6.988347769E-1,-1.048252225E0,-4.847100973E-1
7.556222367E1,6.871165037E-1,-1.059970498E0,-4.602082670E-1
7.556715982E1,6.881818175E-1,-1.064231634E0,-4.367717505E-1
7.557214435E1,6.945735812E-1,-1.054643989E0,-4.239881933E-1
7.557716675E1,7.009654045E-1,-1.034403324E0,-4.207922816E-1
7.558237623E1,7.020306587E-1,-1.020554423E0,-4.293146729E-1
7.558736185E1,7.030959725E-1,-1.010966778E0,-4.389023483E-1
7.559247477E1,6.945735812E-1,-1.001379132E0,-4.452941120E-1
7.559752394E1,6.871165037E-1,-9.864649773E-1,-4.463594258E-1
7.560261654E1,6.817900538E-1,-9.694201946E-1,-4.410329461E-1
7.560775253E1,6.711370945E-1,-9.587672353E-1,-4.239881933E-1
7.561278284E1,6.477005482E-1,-9.630284309E-1,-4.048128426E-1
7.561774326E1,6.061539650E-1,-9.736813903E-1,-3.792456985E-1
7.562298701E1,5.539544225E-1,-1.009901524E0,-3.408950269E-1
7.562803332E1,4.900365770E-1,-1.067427516E0,-2.865648866E-1
7.563305415E1,4.080087245E-1,-1.099386454E0,-2.386265099E-1
7.563804889E1,3.206543922E-1,-1.085537553E0,-2.024064213E-1
7.564318915E1,2.428877056E-1,-1.061035752E0,-1.683169156E-1
7.564822998E1,1.779045910E-1,-1.048252225E0,-1.278356314E-1
7.565329717E1,1.225091442E-1,-1.042925715E0,-8.202786744E-2
7.565842389E1,6.711370498E-2,-1.018423915E0,-4.900366068E-2
7.566352024E1,1.704475097E-2,-9.790078998E-1,-1.704475097E-2
7.566843421E1,-3.408950195E-2,-9.310694933E-1,9.587672539E-3
7.567362217E1,-1.022685021E-1,-9.012411833E-1,2.663242258E-2
7.567862889E1,-1.736433953E-1,-8.682169914E-1,3.408950195E-2
7.568378129E1,-2.247776538E-1,-8.160174489E-1,3.089361079E-2
7.568872598E1,-2.514100671E-1,-7.691444159E-1,3.195890784E-2
7.569389395E1,-2.599324584E-1,-7.329242826E-1,3.728539124E-2
7.569888061E1,-2.556712627E-1,-7.052266002E-1,4.154657945E-2
7.570399520E1,-2.418224066E-1,-6.807247400E-1,4.261187837E-2
7.570913707E1,-2.162552774E-1,-6.583535075E-1,4.900366068E-2
7.571429082E1,-1.832310706E-1,-6.317210793E-1,5.646073818E-2
7.571924030E1,-1.427497864E-1,-5.986968875E-1,6.285251677E-2
7.572434452E1,-1.043990999E-1,-5.560849905E-1,7.137489319E-2
7.572935254E1,-6.924430281E-2,-5.028201342E-1,8.096256852E-2
7.573449952E1,-3.728539124E-2,-4.442288280E-1,9.161553532E-2
7.573974280E1,-8.522375487E-3,-3.867027760E-1,1.054643989E-1
7.574462192E1,2.982831374E-2,-3.355685472E-1,1.182479635E-1
7.574961333E1,7.883197069E-2,-2.993484437E-1,1.299662292E-1
7.575472130E1,1.310315281E-1,-2.780424953E-1,1.363580078E-1
7.575973916E1,1.928187460E-1,-2.727160156E-1,1.416844875E-1
7.576485510E1,2.556712627E-1,-2.812383771E-1,1.470109820E-1
7.576994213E1,3.206543922E-1,-3.014790416E-1,1.448803842E-1
7.577515744E1,3.877680898E-1,-3.259808719E-1,1.374233067E-1
7.578014156E1,4.527511895E-1,-3.547438681E-1,1.214438528E-1
7.578528958E1,5.060160160E-1,-3.781804144E-1,1.075949892E-1
7.579019292E1,5.454320312E-1,-3.994863629E-1,9.587672353E-2
7.579541807E1,5.624767542E-1,-4.250534773E-1,8.735434711E-2
7.580036234E1,5.614115000E-1,-4.516859055E-1,7.883197069E-2
7.580545916E1,5.464973450E-1,-4.772530198E-1,7.137489319E-2
7.581051531E1,5.283873081E-1,-5.049507618E-1,6.498311460E-2
7.581559021E1,4.953630865E-1,-5.454320312E-1,5.752603337E-2
7.582065052E1,4.559471011E-1,-5.816521049E-1,5.433014408E-2
7.582582693E1,4.175963998E-1,-6.061539650E-1,5.006895587E-2
7.583070432E1,3.856374919E-1,-6.242640018E-1,4.367717355E-2
7.583584818E1,3.590050638E-1,-6.381128430E-1,3.515479714E-2
7.584094573E1,3.398297131E-1,-6.498311162E-1,2.769771963E-2
7.584604297E1,3.270461559E-1,-6.647452712E-1,1.917534508E-2
7.585104063E1,3.142625988E-1,-6.743329763E-1,1.278356276E-2
7.585613370E1,3.089361191E-1,-6.796594262E-1,7.457078435E-3
7.586118063E1,3.057402074E-1,-6.753982306E-1,-1.065296936E-3
7.586633063E1,3.068055212E-1,-6.572881937E-1,-7.457078435E-3
7.587113667E1,3.153278828E-1,-6.327863932E-1,-8.522375487E-3
7.587653907E1,3.291767538E-1,-6.072192788E-1,-9.587672539E-3
7.588153068E1,3.408950269E-1,-5.912398100E-1,-8.522375487E-3
7.588669834E1,3.472867906E-1,-5.752603412E-1,-9.587672539E-3
7.589173194E1,3.536785841E-1,-5.667379498E-1,-7.457078435E-3
7.589672714E1,3.600703776E-1,-5.656726956E-1,-6.391781382E-3
7.590187261E1,3.685927391E-1,-5.699338317E-1,-6.391781382E-3
7.590683761E1,3.824416101E-1,-5.773909688E-1,-9.587672539E-3
7.591196220E1,3.973557651E-1,-5.784562230E-1,-1.065296959E-2
7.591716355E1,4.101393223E-1,-5.656726956E-1,-1.171826664E-2
7.592177293E1,4.186616838E-1,-5.358443856E-1,-1.278356276E-2
7.592727340E1,4.335758388E-1,-4.857754111E-1,-1.384885982E-2
7.593213100E1,4.495553076E-1,-4.175963998E-1,-1.597945392E-2
7.593734913E1,4.655347466E-1,-3.408950269E-1,-1.278356276E-2
7.594247231E1,4.889712930E-1,-2.759118974E-1,-8.522375487E-3
7.594742460E1,5.209302306E-1,-2.301041335E-1,-4.261187743E-3
7.595245720E1,5.635420680E-1,-2.056023031E-1,0.000000000E0
7.595762095E1,6.178722382E-1,-1.970799267E-1,6.391781382E-3
7.596281486E1,6.722023487E-1,-2.002758235E-1,1.597945392E-2
7.596768403E1,7.137489319E-1,-2.034717202E-1,3.195890784E-2
7.597279783E1,7.520996332E-1,-2.002758235E-1,5.539543927E-2
7.597791955E1,7.829932570E-1,-1.906881481E-1,7.989726961E-2
7.598286731E1,8.021686077E-1,-1.715128124E-1,1.001379117E-1
7.598801184E1,8.096256852E-1,-1.480762810E-1,1.118561774E-1
7.599301986E1,8.011032939E-1,-1.203785539E-1,1.086602882E-1
7.599845356E1,7.840585709E-1,-9.268083423E-2,9.800732136E-2
7.600323106E1,7.574261427E-1,-6.711370498E-2,7.989726961E-2
7.600840424E1,7.137489319E-1,-5.006895587E-2,4.900366068E-2
7.601333611E1,6.508964300E-1,-4.474247247E-2,1.384885982E-2
7.601859976E1,5.731297731E-1,-2.343653329E-2,-1.491415687E-2
7.602342414E1,4.825794995E-1,1.065296936E-3,-4.474247247E-2
7.602854429E1,3.845722079E-1,1.491415687E-2,-7.883197069E-2
7.603363659E1,2.918913662E-1,3.728539124E-2,-1.065296903E-1
7.603871757E1,2.045370042E-1,6.924430281E-2,-1.352927089E-1
7.604383070E1,1.235744432E-1,1.086602882E-1,-1.651210189E-1
7.604891539E1,5.006895587E-2,1.480762810E-1,-2.034717202E-1
7.605392148E1,-2.130593918E-2,1.757739931E-1,-2.439530045E-1
7.605913362E1,-9.268083423E-2,1.885575503E-1,-2.780424953E-1
7.606408341E1,-1.704475135E-1,1.683169156E-1,-2.897607684E-1
7.606922466E1,-2.609977424E-1,1.747086942E-1,-3.558091819E-1
7.607418190E1,-3.675274551E-1,2.130593807E-1,-4.250534773E-1
7.607925810E1,-4.751224220E-1,2.237123549E-1,-4.708612561E-1
7.608438628E1,-5.518237948E-1,2.418224066E-1,-5.060160160E-1
7.608944982E1,-6.018927693E-1,2.918913662E-1,-5.156037211E-1
7.609459789E1,-6.402434707E-1,3.355685472E-1,-5.017548800E-1
7.609959211E1,-6.583535075E-1,4.058781266E-1,-5.092119575E-1
7.610457789E1,-6.477005482E-1,5.006895661E-1,-5.049507618E-1
7.610976602E1,-6.040233374E-1,5.955010056E-1,-4.623388648E-1
7.611477987E1,-5.550196767E-1,6.956388950E-1,-4.101393223E-1
7.612001675E1,-5.102772117E-1,8.032338619E-1,-3.526133001E-1
7.612486524E1,-4.793836176E-1,9.118942022E-1,-2.897607684E-1
7.612998222E1,-4.687306583E-1,1.028011560E0,-2.247776538E-1
7.613506680E1,-4.708612561E-1,1.146259546E0,-1.597945392E-1
7.614022040E1,-4.804489315E-1,1.264507413E0,-1.054643989E-1
7.614518368E1,-4.942977726E-1,1.369971871E0,-5.752603337E-2
7.615028243E1,-5.124078393E-1,1.459456801E0,-2.024064213E-2
7.615538957E1,-5.251913667E-1,1.535092831E0,4.261187743E-3
7.616045128E1,-5.326484442E-1,1.597945452E0,2.130593918E-2
7.616543910E1,-5.433014631E-1,1.633100152E0,4.154657945E-2
7.617056311E1,-5.646073818E-1,1.645883799E0,6.924430281E-2
7.617557019E1,-5.923051238E-1,1.672516227E0,7.670138031E-2
7.618089957E1,-6.210681200E-1,1.720454574E0,6.178722158E-2
7.618570358E1,-6.477005482E-1,1.792894721E0,3.728539124E-2
7.619089405E1,-6.700717807E-1,1.872792006E0,6.391781382E-3
7.619595801E1,-6.764635444E-1,1.958015800E0,-4.048128426E-2
7.620100754E1,-6.615493894E-1,2.032586575E0,-8.735434711E-2
7.620609957E1,-6.455699205E-1,2.090112686E0,-1.246397421E-1
7.621127785E1,-6.295905113E-1,2.130593777E0,-1.491415650E-1
7.621617134E1,-6.242640018E-1,2.144442797E0,-1.693822145E-1
7.622127681E1,-6.338516474E-1,2.146573305E0,-1.832310706E-1
7.622638358E1,-6.370475888E-1,2.150834560E0,-2.002758235E-1
7.623146228E1,-6.423740387E-1,2.156161070E0,-1.981452256E-1
7.623660838E1,-6.540923119E-1,2.149769306E0,-1.747086942E-1
7.624172478E1,-6.732676625E-1,2.115679741E0,-1.459456831E-1
7.624663338E1,-7.148142457E-1,2.046435356E0,-1.150520667E-1
7.625169473E1,-7.797973752E-1,1.960146308E0,-7.244019210E-2
7.625694739E1,-8.543681502E-1,1.879183769E0,-1.491415687E-2
7.626189536E1,-9.417225122E-1,1.819527149E0,5.326484516E-2
7.626689390E1,-1.039729834E0,1.787568212E0,1.257050335E-1
7.627207333E1,-1.130280018E0,1.800351858E0,2.024064213E-1
7.627700281E1,-1.202720284E0,1.850420833E0,2.865648866E-1
7.628216229E1,-1.252789140E0,1.918599725E0,3.707233369E-1
7.628742822E1,-1.285813451E0,1.987844110E0,4.293146729E-1
7.629233536E1,-1.303923488E0,2.038978338E0,4.602082670E-1
7.629738401E1,-1.302858114E0,2.064545393E0,4.783183336E-1
7.630239114E1,-1.281552196E0,2.058153629E0,4.847100973E-1
7.630741953E1,-1.253854513E0,2.011280537E0,4.729918540E-1
7.631259354E1,-1.210177302E0,1.942036271E0,4.420982301E-1
7.631778984E1,-1.130280018E0,1.856812596E0,3.941598535E-1
7.632298276E1,-1.042925715E0,1.732172847E0,3.558091819E-1
7.632775448E1,-9.779425859E-1,1.584096551E0,3.217196763E-1
7.633296859E1,-9.246777296E-1,1.456260920E0,2.759118974E-1
7.633791573E1,-8.810005784E-1,1.351861835E0,2.311694324E-1
7.634304292E1,-8.479763865E-1,1.286878705E0,2.002758235E-1
7.634801927E1,-8.245398402E-1,1.241070986E0,1.864269674E-1
7.635316474E1,-8.064298034E-1,1.177153111E0,1.704475135E-1
7.635814740E1,-7.883197069E-1,1.086602926E0,1.502068639E-1
7.636331297E1,-7.723402977E-1,9.864649773E-1,1.299662292E-1
7.636829349E1,-7.680791020E-1,8.841964602E-1,1.150520667E-1
7.637315344E1,-7.872544527E-1,7.968420982E-1,9.694202244E-2
7.637858230E1,-8.288010359E-1,7.393160462E-1,8.309315890E-2
7.638354063E1,-8.778046966E-1,6.913776994E-1,8.096256852E-2
7.638886006E1,-9.385265708E-1,6.540923119E-1,7.457078248E-2
7.639388850E1,-9.992485046E-1,6.242640018E-1,6.285251677E-2
7.639872522E1,-1.058905125E0,5.955010056E-1,4.793836176E-2
7.640388881E1,-1.099386454E0,5.656726956E-1,2.769771963E-2
7.640885199E1,-1.128149509E0,5.422361493E-1,5.326484796E-3
7.641419443E1,-1.153716564E0,5.145384073E-1,-1.065296959E-2
7.641901246E1,-1.171826601E0,4.793836176E-1,-2.130593918E-2
7.642418579E1,-1.176087856E0,4.346411526E-1,-2.769771963E-2
7.642919803E1,-1.169696093E0,3.877680898E-1,-3.408950195E-2
7.643430381E1,-1.151585937E0,3.259808719E-1,-4.154657945E-2
7.643932517E1,-1.119627118E0,2.609977424E-1,-5.433014408E-2
7.644448803E1,-1.075949907E0,1.864269674E-1,-6.924430281E-2
7.644958871E1,-1.022685051E0,1.001379117E-1,-9.055023640E-2
7.645457126E1,-9.651589990E-1,5.326484796E-3,-1.118561774E-1
7.645957267E1,-9.001759291E-1,-1.033338010E-1,-1.267703325E-1
7.646484840E1,-8.330622315E-1,-2.247776538E-1,-1.395539045E-1
7.646980590E1,-7.616873384E-1,-3.494173884E-1,-1.565986425E-1
7.647496043E1,-6.860512495E-1,-4.623388648E-1,-1.683169156E-1
7.647986668E1,-6.114804149E-1,-5.741950274E-1,-1.715128124E-1
7.648512225E1,-5.337137580E-1,-6.807247400E-1,-1.736433953E-1
7.649012627E1,-4.495553076E-1,-7.723402977E-1,-1.715128124E-1
7.649519517E1,-3.696580231E-1,-8.564987183E-1,-1.725780964E-1
7.650022710E1,-2.961525619E-1,-9.289389253E-1,-1.704475135E-1
7.650528382E1,-2.290388346E-1,-9.875302315E-1,-1.640557349E-1
7.651029606E1,-1.693822145E-1,-1.031207442E0,-1.565986425E-1
7.651543580E1,-1.203785539E-1,-1.054643989E0,-1.523374617E-1
7.652043518E1,-8.202786744E-2,-1.064231634E0,-1.544680595E-1
7.652560575E1,-5.752603337E-2,-1.066362262E0,-1.629904360E-1
7.653059309E1,-4.687306657E-2,-1.056774616E0,-1.715128124E-1
7.653592846E1,-4.154657945E-2,-1.024815679E0,-1.704475135E-1
7.654073611E1,-3.728539124E-2,-9.758120179E-1,-1.661863178E-1
7.654589049E1,-4.048128426E-2,-9.353306890E-1,-1.704475135E-1
7.655088507E1,-4.474247247E-2,-8.969800472E-1,-1.874922663E-1
7.655600976E1,-5.006895587E-2,-8.564987183E-1,-2.162552774E-1
7.656103289E1,-5.006895587E-2,-8.224092126E-1,-2.396918088E-1
7.656613622E1,-4.261187837E-2,-7.915156484E-1,-2.737812996E-1
7.657115310E1,-4.793836176E-2,-7.520996332E-1,-3.121320009E-1
7.657645466E1,-6.072192639E-2,-6.817900538E-1,-3.291767538E-1
7.658130190E1,-5.219954997E-2,-5.944356918E-1,-3.036096394E-1
7.658638659E1,-3.728539124E-2,-4.857754111E-1,-2.418224066E-1
7.659144888E1,-4.580776766E-2,-3.504827023E-1,-1.704475135E-1
7.659659539E1,-8.628904819E-2,-1.704475135E-1,-1.097255871E-1
7.660158883E1,-1.438150853E-1,5.326484516E-2,-4.154657945E-2
7.660672841E1,-2.258429527E-1,2.940219641E-1,5.113425106E-2
7.661173492E1,-3.227849603E-1,5.081466436E-1,1.853616685E-1
7.661695529E1,-4.282493591E-1,6.477005482E-1,3.685927391E-1
7.662189701E1,-5.187996030E-1,7.094877362E-1,5.731297731E-1
7.662706820E1,-5.699338317E-1,7.478384376E-1,7.020306587E-1
7.663212409E1,-5.656726956E-1,7.254672050E-1,6.679411530E-1
7.663737300E1,-4.857754111E-1,5.667379498E-1,4.911018908E-1
7.664217977E1,-3.100014031E-1,2.801730931E-1,2.556712627E-1
7.664735362E1,-6.178722158E-2,-7.457078435E-3,6.178722158E-2
7.665234337E1,2.130593807E-1,-2.215817571E-1,-5.965662748E-2
7.665761488E1,4.623388648E-1,-3.217196763E-1,-1.065296903E-1
7.666243988E1,6.210681200E-1,-3.068055212E-1,-6.391781569E-2
7.666756310E1,6.658105850E-1,-2.301041335E-1,2.663242258E-2
7.667279311E1,6.402434707E-1,-1.629904360E-1,1.395539045E-1
7.667785649E1,5.869786143E-1,-1.320968270E-1,2.609977424E-1
7.668277639E1,5.198649168E-1,-1.086602882E-1,3.728539348E-1
7.668784118E1,4.495553076E-1,-7.883197069E-2,4.783183336E-1
7.669291905E1,3.898986876E-1,-5.006895587E-2,5.603461862E-1
7.669806134E1,3.664621413E-1,-4.900366068E-2,5.944356918E-1
7.670304686E1,4.080087245E-1,-1.235744432E-1,5.827174187E-1
7.670835827E1,5.006895661E-1,-2.844342887E-1,5.422361493E-1
7.671322400E1,6.104151607E-1,-4.974936545E-1,4.879060090E-1
7.671839983E1,7.318589687E-1,-7.350549102E-1,4.175963998E-1
7.672332322E1,8.533028364E-1,-9.491795897E-1,3.345032334E-1
7.672846228E1,9.587672353E-1,-1.119627118E0,2.418224066E-1
7.673343171E1,1.035468578E0,-1.251723886E0,1.523374617E-1
7.673867848E1,1.050382733E0,-1.344404697E0,7.030959427E-2
7.674382499E1,1.009901524E0,-1.392343044E0,-3.089361079E-2
7.674883155E1,9.332001209E-1,-1.398734927E0,-1.480762810E-1
7.675384504E1,8.351927996E-1,-1.346535325E0,-2.588671446E-1
7.675888754E1,7.212060094E-1,-1.251723886E0,-3.472867906E-1
7.676385947E1,5.912398100E-1,-1.136671782E0,-4.122699201E-1
7.676894426E1,4.602082670E-1,-1.018423915E0,-4.708612561E-1
7.677372827E1,3.419603109E-1,-9.204165339E-1,-5.262566805E-1
7.677919624E1,2.503447831E-1,-8.447804451E-1,-5.709991455E-1
7.678420833E1,2.056023031E-1,-7.947115302E-1,-6.040233374E-1
7.678924603E1,2.205164731E-1,-7.829932570E-1,-6.242640018E-1
7.679430536E1,2.812383771E-1,-7.989727259E-1,-6.285251975E-1
7.679942546E1,3.622009456E-1,-8.319969177E-1,-6.136110425E-1
7.680446854E1,4.516859055E-1,-8.714128733E-1,-5.923051238E-1
7.680976036E1,5.411708355E-1,-9.076330066E-1,-5.848480463E-1
7.681463406E1,6.327863932E-1,-9.374613166E-1,-5.869786143E-1
7.681967937E1,7.190754414E-1,-9.683549404E-1,-5.805868506E-1
7.682473479E1,7.766014934E-1,-1.025880933E0,-5.496932268E-1
7.682985406E1,8.128215671E-1,-1.079145789E0,-5.166690350E-1
7.683495802E1,8.351927996E-1,-1.095125198E0,-4.804489315E-1
7.684007104E1,8.501069546E-1,-1.090864062E0,-4.378370345E-1
7.684504187E1,8.628905416E-1,-1.066362262E0,-4.005516469E-1
7.685029276E1,8.735435009E-1,-1.025880933E0,-3.643315434E-1
7.685522979E1,8.852617741E-1,-9.630284309E-1,-3.313073516E-1
7.686003323E1,8.927188516E-1,-9.055023789E-1,-3.057402074E-1
7.686539427E1,9.055023789E-1,-8.628905416E-1,-2.876301706E-1
7.687044261E1,9.246777296E-1,-8.362581134E-1,-2.695201337E-1
7.687542167E1,9.491795897E-1,-8.234745264E-1,-2.503447831E-1
7.688054916E1,9.715508223E-1,-8.202786446E-1,-2.269082516E-1
7.688569594E1,9.939220548E-1,-8.117562532E-1,-2.024064213E-1
7.689037802E1,1.019489169E0,-7.979074121E-1,-1.725780964E-1
7.689571740E1,1.038664460E0,-7.851238251E-1,-1.427497864E-1
7.690084474E1,1.049317479E0,-7.712749839E-1,-1.235744432E-1
7.690587876E1,1.047186852E0,-7.606220245E-1,-1.033338010E-1
7.691098589E1,1.026946187E0,-7.499690652E-1,-8.841964602E-2
7.691605610E1,9.917914271E-1,-7.361201644E-1,-7.989726961E-2
7.692108511E1,9.470489621E-1,-7.190754414E-1,-7.883197069E-2
7.692617214E1,8.841964602E-1,-7.062918544E-1,-8.948494494E-2
7.693134876E1,8.085603714E-1,-6.924430132E-1,-1.118561774E-1
7.693645740E1,7.265325189E-1,-6.817900538E-1,-1.448803842E-1
7.694140959E1,6.445046663E-1,-6.849859357E-1,-1.789698899E-1
7.694659329E1,5.646073818E-1,-6.967042089E-1,-2.045370042E-1
7.695173918E1,4.911018908E-1,-7.009654045E-1,-2.215817571E-1
7.695661371E1,4.293146729E-1,-7.030959725E-1,-2.322347313E-1
7.696190209E1,3.771151006E-1,-7.030959725E-1,-2.375612110E-1
7.696684829E1,3.313073516E-1,-7.030959725E-1,-2.311694324E-1
7.697191720E1,2.897607684E-1,-6.999000907E-1,-2.183858752E-1
7.697695506E1,2.599324584E-1,-6.892471313E-1,-2.034717202E-1
7.698204210E1,2.375612110E-1,-6.753982306E-1,-1.864269674E-1
7.698705611E1,2.247776538E-1,-6.615493894E-1,-1.715128124E-1
7.699228043E1,2.247776538E-1,-6.413087845E-1,-1.555333585E-1
7.699717715E1,2.247776538E-1,-6.242640018E-1,-1.374233067E-1
7.700228684E1,2.215817571E-1,-6.253293157E-1,-1.065296903E-1
7.700728356E1,1.928187460E-1,-6.700717807E-1,-8.309315890E-2
7.701244809E1,1.491415650E-1,-7.414466739E-1,-5.219954997E-2
7.701742002E1,1.352927089E-1,-7.542302012E-1,-3.302420676E-2
7.702266814E1,1.320968270E-1,-7.584913969E-1,-2.556712553E-2
7.702757179E1,1.225091442E-1,-7.691444159E-1,-2.343653329E-2
7.703268778E1,1.203785539E-1,-7.638179064E-1,-2.982831374E-2
7.703772434E1,1.289009303E-1,-7.425119877E-1,-3.622009605E-2
7.704284642E1,1.459456831E-1,-7.052266002E-1,-3.302420676E-2
7.704815570E1,1.672516167E-1,-6.594188213E-1,-3.195890784E-2
7.705303090E1,1.960146427E-1,-6.104151607E-1,-3.302420676E-2
7.705812236E1,2.258429527E-1,-5.592808723E-1,-3.089361079E-2
7.706315018E1,2.450182885E-1,-5.209302306E-1,-2.556712553E-2
7.706811570E1,2.588671446E-1,-4.921671748E-1,-2.237123623E-2
7.707333507E1,2.748466134E-1,-4.655347466E-1,-1.704475097E-2
7.707833961E1,2.876301706E-1,-4.410329461E-1,-1.278356276E-2
7.708345955E1,3.036096394E-1,-4.207922816E-1,-9.587672539E-3
7.708852600E1,3.206543922E-1,-4.122699201E-1,0.000000000E0
7.709356002E1,3.387644291E-1,-4.048128426E-1,1.065296959E-2
7.709863028E1,3.568744659E-1,-4.016169310E-1,1.384885982E-2
7.710374534E1,3.739192188E-1,-3.984210491E-1,2.450183034E-2
7.710879211E1,3.877680898E-1,-4.037475288E-1,3.515479714E-2
7.711390419E1,3.856374919E-1,-4.186616838E-1,3.515479714E-2
7.711879846E1,3.877680898E-1,-4.335758388E-1,4.261187837E-2
7.712416940E1,4.005516469E-1,-4.442288280E-1,5.006895587E-2
7.712900675E1,4.133352041E-1,-4.740571380E-1,5.113425106E-2
7.713417805E1,4.207922816E-1,-5.081466436E-1,5.433014408E-2
7.713910820E1,4.335758388E-1,-5.347790718E-1,6.178722158E-2
7.714436346E1,4.431635141E-1,-5.603461862E-1,7.137489319E-2
7.714934076E1,4.506205916E-1,-5.805868506E-1,8.415845782E-2
7.715438336E1,4.548817873E-1,-5.944356918E-1,9.694202244E-2
7.715955701E1,4.580776691E-1,-6.114804149E-1,1.118561774E-1
7.716448743E1,4.634041786E-1,-6.231986880E-1,1.289009303E-1
7.716972925E1,4.729918540E-1,-6.189374924E-1,1.448803842E-1
7.717468383E1,4.868406951E-1,-6.040233374E-1,1.576639414E-1
7.717990623E1,5.070813298E-1,-5.763256550E-1,1.661863178E-1
7.718495972E1,5.251913667E-1,-5.422361493E-1,1.736433953E-1
7.719006951E1,5.433014631E-1,-4.974936545E-1,1.811004728E-1
7.719504259E1,5.518237948E-1,-4.538165033E-1,1.885575503E-1
7.720004800E1,5.571503043E-1,-4.154658020E-1,1.906881481E-1
7.720505040E1,5.592808723E-1,-3.845722079E-1,1.874922663E-1
7.721018066E1,5.635420680E-1,-3.717886209E-1,1.789698899E-1
7.721523618E1,5.688685775E-1,-3.760498166E-1,1.651210189E-1
7.722025311E1,5.731297731E-1,-3.824416101E-1,1.438150853E-1
7.722561879E1,5.773909688E-1,-3.888333738E-1,1.235744432E-1
7.723041353E1,5.763256550E-1,-3.994863629E-1,1.043990999E-1
7.723554728E1,5.720644593E-1,-4.101393223E-1,8.415845782E-2
7.724065884E1,5.688685775E-1,-4.101393223E-1,7.137489319E-2
7.724571311E1,5.667379498E-1,-3.888333738E-1,6.072192639E-2
7.725068618E1,5.678032637E-1,-3.526133001E-1,5.539543927E-2
7.725599394E1,5.709991455E-1,-3.110667169E-1,5.539543927E-2
7.726083541E1,5.773909688E-1,-2.748466134E-1,5.859133229E-2
7.726607983E1,5.923051238E-1,-2.450182885E-1,6.498311460E-2
7.727098551E1,6.178722382E-1,-2.237123549E-1,7.244019210E-2
7.727640041E1,6.540923119E-1,-2.119940966E-1,7.350549102E-2
7.728111957E1,6.967042089E-1,-1.970799267E-1,7.670138031E-2
7.728628119E1,7.435772419E-1,-1.821657717E-1,8.309315890E-2
7.729167176E1,7.787320614E-1,-1.672516167E-1,8.628904819E-2
7.729638890E1,7.872544527E-1,-1.832310706E-1,9.587672353E-2
7.730138650E1,7.712749839E-1,-2.258429527E-1,1.043990999E-1
7.730651452E1,7.393160462E-1,-2.620630562E-1,9.800732136E-2
7.731192197E1,7.084224820E-1,-2.673895359E-1,8.841964602E-2
7.731683635E1,6.711370945E-1,-2.556712627E-1,7.137489319E-2
7.732194604E1,6.082845330E-1,-2.439530045E-1,5.539543927E-2
7.732693932E1,5.283873081E-1,-2.258429527E-1,3.408950195E-2
7.733199359E1,4.314452708E-1,-1.970799267E-1,7.457078435E-3
7.733714739E1,3.270461559E-1,-1.789698899E-1,-1.811004803E-2
7.734197588E1,2.269082516E-1,-1.640557349E-1,-3.835069016E-2
7.734730786E1,1.331621110E-1,-1.491415650E-1,-5.539543927E-2
7.735211411E1,4.687306657E-2,-1.384886056E-1,-7.989726961E-2
7.735740630E1,-2.876301669E-2,-1.320968270E-1,-1.139867753E-1
7.736230312E1,-9.481142461E-2,-1.299662292E-1,-1.544680595E-1
7.736735807E1,-1.480762810E-1,-1.235744432E-1,-1.960146427E-1
7.737255276E1,-1.960146427E-1,-1.129214764E-1,-2.386265099E-1
7.737768474E1,-2.396918088E-1,-1.065296903E-1,-2.695201337E-1
7.738261333E1,-2.791078091E-1,-1.193132550E-1,-2.886954844E-1
7.738768125E1,-3.121320009E-1,-1.012032107E-1,-3.568744659E-1
7.739275953E1,-3.419603109E-1,-9.161553532E-2,-4.090740085E-1
7.739784547E1,-3.462215066E-1,-6.072192639E-2,-4.218575954E-1
7.740281797E1,-3.462215066E-1,-3.195890691E-3,-4.239881933E-1
7.740801302E1,-3.440909088E-1,5.539543927E-2,-4.282493591E-1
7.741303063E1,-3.291767538E-1,1.193132550E-1,-4.250534773E-1
7.741812891E1,-3.110667169E-1,1.874922663E-1,-3.930945694E-1
7.742323526E1,-2.929566503E-1,2.535406649E-1,-3.291767538E-1
7.742829209E1,-2.748466134E-1,3.515479863E-1,-3.036096394E-1
7.743339058E1,-2.524753809E-1,4.719265401E-1,-2.684548199E-1
7.743851876E1,-2.428877056E-1,5.880439281E-1,-2.130593807E-1
7.744357537E1,-2.492794842E-1,7.148142457E-1,-1.565986425E-1
7.744859021E1,-2.673895359E-1,8.490416408E-1,-1.033338010E-1
7.745360397E1,-2.897607684E-1,9.736813903E-1,-6.391781569E-2
7.745873553E1,-3.249155581E-1,1.086602926E0,-2.982831374E-2
7.746375277E1,-3.600703776E-1,1.192067266E0,-2.130593872E-3
7.746885298E1,-3.994863629E-1,1.282617569E0,2.769771963E-2
7.747392579E1,-4.452941120E-1,1.350796461E0,4.048128426E-2
7.747926407E1,-4.900365770E-1,1.400865436E0,3.835069016E-2
7.748396808E1,-5.273219943E-1,1.440281510E0,3.622009605E-2
7.748921819E1,-5.614115000E-1,1.464783311E0,2.663242258E-2
7.749410991E1,-5.837827325E-1,1.491415739E0,1.384885982E-2
7.749929345E1,-5.986968875E-1,1.521244049E0,-8.522375487E-3
7.750444241E1,-6.157416105E-1,1.565986514E0,-4.261187837E-2
7.750941168E1,-6.274598837E-1,1.640557289E0,-8.735434711E-2
7.751439199E1,-6.370475888E-1,1.735368729E0,-1.352927089E-1
7.751956465E1,-6.434393525E-1,1.839767814E0,-1.853616685E-1
7.752453012E1,-6.423740387E-1,1.943101645E0,-2.322347313E-1
7.752978725E1,-6.253293157E-1,2.035782337E0,-2.695201337E-1
7.753481507E1,-5.923051238E-1,2.109287977E0,-2.972178459E-1
7.753988694E1,-5.390402675E-1,2.170009851E0,-3.110667169E-1
7.754486299E1,-4.793836176E-1,2.221144199E0,-3.131972849E-1
7.754993075E1,-4.325105548E-1,2.249907017E0,-3.057402074E-1
7.755499231E1,-3.994863629E-1,2.258429527E0,-2.950872481E-1
7.756022101E1,-3.771151006E-1,2.252037764E0,-2.844342887E-1
7.756543778E1,-3.622009456E-1,2.221144199E0,-2.578018606E-1
7.757056168E1,-3.632662594E-1,2.166813850E0,-2.109287977E-1
7.757529596E1,-3.749845326E-1,2.106091976E0,-1.438150853E-1
7.758048242E1,-3.888333738E-1,2.032586575E0,-7.457078248E-2
7.758550122E1,-4.048128426E-1,1.943101645E0,-1.278356276E-2
7.759053544E1,-4.335758388E-1,1.845094323E0,4.900366068E-2
7.759573398E1,-4.751224220E-1,1.774784684E0,1.203785539E-1
7.760065731E1,-5.230607986E-1,1.771588802E0,1.896228492E-1
7.760572596E1,-5.709991455E-1,1.835506678E0,2.407571077E-1
7.761090263E1,-6.157416105E-1,1.928187490E0,2.982831299E-1
7.761596653E1,-6.796594262E-1,2.033651829E0,3.930945694E-1
7.762103018E1,-7.648832202E-1,2.103961468E0,5.081466436E-1
7.762598956E1,-8.682169914E-1,2.126332760E0,5.944356918E-1
7.763117206E1,-9.704855084E-1,2.127398014E0,6.402434707E-1
7.763608992E1,-1.074884653E0,2.100765467E0,6.679411530E-1
7.764131487E1,-1.155847192E0,2.048566103E0,6.860512495E-1
7.764628841E1,-1.183544874E0,1.968668699E0,6.956388950E-1
7.765135628E1,-1.163304210E0,1.890902042E0,6.807247400E-1
7.765644372E1,-1.138802409E0,1.812070131E0,6.498311162E-1
7.766158159E1,-1.141998291E0,1.732172847E0,6.018927693E-1
7.766687019E1,-1.146259546E0,1.670385599E0,5.337137580E-1
7.767172518E1,-1.141998291E0,1.630969644E0,4.538165033E-1
7.767640836E1,-1.138802409E0,1.583031297E0,3.888333738E-1
7.768184795E1,-1.143063664E0,1.514852285E0,3.675274551E-1
7.768690946E1,-1.151585937E0,1.429628491E0,3.845722079E-1
7.769195253E1,-1.169696093E0,1.333751798E0,4.048128426E-1
7.769695462E1,-1.184610248E0,1.227222085E0,4.037475288E-1
7.770211534E1,-1.188871384E0,1.121757627E0,3.845722079E-1
7.770714378E1,-1.186740756E0,1.037599206E0,3.515479863E-1
7.771226477E1,-1.197393775E0,9.630284309E-1,3.153278828E-1
7.771728769E1,-1.210177302E0,8.841964602E-1,2.791078091E-1
7.772258097E1,-1.210177302E0,8.042991757E-1,2.514100671E-1
7.772742905E1,-1.202720284E0,7.254672050E-1,2.333000302E-1
7.773220753E1,-1.195263147E0,6.583535075E-1,2.173205763E-1
7.773751050E1,-1.186740756E0,6.104151607E-1,2.034717202E-1
7.774279602E1,-1.178218365E0,5.816521049E-1,1.874922663E-1
7.774776540E1,-1.163304210E0,5.390402675E-1,1.736433953E-1
7.775278092E1,-1.134541273E0,4.793836176E-1,1.651210189E-1
7.775801311E1,-1.100451708E0,4.133352041E-1,1.491415650E-1
7.776300608E1,-1.065296888E0,3.408950269E-1,1.299662292E-1
7.776795509E1,-1.020554423E0,2.641936541E-1,1.129214764E-1
7.777311233E1,-9.672896266E-1,1.853616685E-1,9.907261282E-2
7.777809764E1,-9.086982608E-1,9.800732136E-2,8.202786744E-2
7.778328494E1,-8.405193090E-1,6.391781382E-3,7.030959427E-2
7.778840020E1,-7.659484744E-1,-8.948494494E-2,6.711370498E-2
7.779355593E1,-6.892471313E-1,-1.906881481E-1,6.072192639E-2
7.779854390E1,-6.018927693E-1,-2.918913662E-1,5.752603337E-2
7.780366030E1,-5.102772117E-1,-3.909639716E-1,5.539543927E-2
7.780857025E1,-4.154658020E-1,-4.825794995E-1,4.687306657E-2
7.781369192E1,-3.185237944E-1,-5.656726956E-1,2.876301669E-2
7.781870958E1,-2.247776538E-1,-6.402434707E-1,-1.065296936E-3
7.782382739E1,-1.470109820E-1,-6.935083270E-1,-3.622009605E-2
7.782892874E1,-7.883197069E-2,-7.329242826E-1,-6.817900389E-2
7.783406411E1,-7.457078435E-3,-7.702096701E-1,-1.022685021E-1
7.783895952E1,5.539543927E-2,-8.042991757E-1,-1.395539045E-1
7.784378109E1,1.086602882E-1,-8.351927996E-1,-1.779045910E-1
7.784910421E1,1.544680595E-1,-8.490416408E-1,-2.151899785E-1
7.785429661E1,2.024064213E-1,-8.266704082E-1,-2.503447831E-1
7.785960562E1,2.375612110E-1,-7.680791020E-1,-2.833689749E-1
7.786448895E1,2.546059787E-1,-6.999000907E-1,-3.068055212E-1
7.786940812E1,2.652589381E-1,-6.231986880E-1,-3.185237944E-1
7.787467323E1,2.801730931E-1,-5.337137580E-1,-3.238502741E-1
7.787957120E1,2.673895359E-1,-4.389023483E-1,-3.249155581E-1
7.788464187E1,2.183858752E-1,-3.323726356E-1,-3.227849603E-1
7.788965338E1,1.459456831E-1,-2.237123549E-1,-3.238502741E-1
7.789484682E1,6.924430281E-2,-1.278356314E-1,-3.259808719E-1
7.789985646E1,-1.811004803E-2,-6.817900389E-2,-3.185237944E-1
7.790498625E1,-1.225091442E-1,-3.835069016E-2,-2.972178459E-1
7.790997630E1,-2.439530045E-1,-4.261187743E-3,-2.695201337E-1
7.791509745E1,-3.675274551E-1,5.752603337E-2,-2.428877056E-1
7.792021443E1,-4.942977726E-1,1.374233067E-1,-2.077329010E-1
7.792531844E1,-6.093498468E-1,1.800351888E-1,-1.555333585E-1
7.793027448E1,-7.126836777E-1,2.322347313E-1,-1.107908785E-1
7.793536302E1,-8.064298034E-1,2.993484437E-1,-7.776667923E-2
7.794049646E1,-8.916535378E-1,3.696580231E-1,-4.367717355E-2
7.794568459E1,-9.747467041E-1,4.303799570E-1,9.587672539E-3
7.795055313E1,-1.056774616E0,4.729918540E-1,8.948494494E-2
7.795563282E1,-1.126018882E0,4.900365770E-1,1.938840449E-1
7.796073537E1,-1.175022483E0,4.857754111E-1,3.025443256E-1
7.796577386E1,-1.181414247E0,4.729918540E-1,4.058781266E-1
7.797087584E1,-1.114300609E0,4.293146729E-1,4.985589683E-1
7.797603209E1,-9.939220548E-1,3.089361191E-1,5.454320312E-1
7.798118996E1,-8.245398402E-1,1.299662292E-1,5.315831900E-1
7.798615652E1,-6.018927693E-1,-1.278356276E-2,4.612735808E-1
7.799108313E1,-3.536785841E-1,-1.225091442E-1,3.622009456E-1
7.799650850E1,-1.075949892E-1,-2.087981999E-1,2.631283402E-1
7.800124402E1,1.150520667E-1,-2.759118974E-1,1.906881481E-1
7.800640824E1,2.961525619E-1,-3.217196763E-1,1.502068639E-1
7.801148886E1,4.325105548E-1,-3.600703776E-1,1.523374617E-1
7.801664209E1,5.251913667E-1,-4.101393223E-1,2.077329010E-1
7.802166538E1,5.837827325E-1,-4.719265401E-1,2.854995728E-1
7.802636642E1,6.072192788E-1,-5.369096398E-1,3.483521044E-1
7.803142512E1,5.869786143E-1,-6.114804149E-1,3.994863629E-1
7.803678892E1,5.390402675E-1,-7.126836777E-1,4.293146729E-1
7.804190928E1,4.889712930E-1,-8.298662901E-1,4.325105548E-1
7.804707606E1,4.506205916E-1,-9.278736115E-1,4.122699201E-1
7.805206939E1,4.122699201E-1,-1.005640268E0,3.824416101E-1
7.805713205E1,3.749845326E-1,-1.052513361E0,3.472867906E-1
7.806215340E1,3.323726356E-1,-1.071688771E0,3.068055212E-1
7.806725460E1,2.854995728E-1,-1.075949907E0,2.588671446E-1
7.807223158E1,2.364959270E-1,-1.066362262E0,2.066676021E-1
7.807702502E1,1.874922663E-1,-1.063166380E0,1.448803842E-1
7.808245830E1,1.448803842E-1,-1.059970498E0,5.113425106E-2
7.808760096E1,1.139867753E-1,-1.026946187E0,-5.006895587E-2
7.809258830E1,1.043990999E-1,-9.566366673E-1,-1.512721628E-1
7.809763856E1,1.214438528E-1,-8.948494196E-1,-2.450182885E-1
7.810267247E1,1.619251370E-1,-8.703476191E-1,-3.238502741E-1
7.810779830E1,2.364959270E-1,-8.671516776E-1,-3.952251673E-1
7.811287919E1,3.345032334E-1,-9.001759291E-1,-4.666000605E-1
7.811797768E1,4.431635141E-1,-9.630284309E-1,-5.209302306E-1
7.812307815E1,5.539544225E-1,-1.046121597E0,-5.603461862E-1
7.812807502E1,6.615493894E-1,-1.132410645E0,-5.933703780E-1
7.813309179E1,7.584913969E-1,-1.204850793E0,-6.327863932E-1
7.813827711E1,8.405193090E-1,-1.263442159E0,-6.583535075E-1
7.814323992E1,8.980453014E-1,-1.307119370E0,-6.732676625E-1
7.814845289E1,9.257430434E-1,-1.332686424E0,-6.722023487E-1
7.815352919E1,9.289389253E-1,-1.338012934E0,-6.594188213E-1
7.815849945E1,9.118942022E-1,-1.323098779E0,-6.370475888E-1
7.816361227E1,8.756740689E-1,-1.293270469E0,-6.114804149E-1
7.816871987E1,8.277357221E-1,-1.277291059E0,-5.795215368E-1
7.817378690E1,7.755361795E-1,-1.268768668E0,-5.475625992E-1
7.817892565E1,7.297284007E-1,-1.253854513E0,-5.230607986E-1
7.818407440E1,6.871165037E-1,-1.242136240E0,-5.028201342E-1
7.818894393E1,6.562229395E-1,-1.215503812E0,-4.921671748E-1
7.819411310E1,6.477005482E-1,-1.157977819E0,-4.889712930E-1
7.819909644E1,6.508964300E-1,-1.086602926E0,-4.932324886E-1
7.820409055E1,6.594188213E-1,-1.013097405E0,-4.953630865E-1
7.820931008E1,6.743329763E-1,-9.449183941E-1,-5.017548800E-1
7.821446248E1,6.924430132E-1,-8.756740689E-1,-5.145384073E-1
7.821934566E1,7.126836777E-1,-8.042991757E-1,-5.219954848E-1
7.822442258E1,7.286630869E-1,-7.361201644E-1,-5.209302306E-1
7.822954764E1,7.339895964E-1,-6.945735812E-1,-5.145384073E-1
7.823449384E1,7.244018912E-1,-6.945735812E-1,-4.974936545E-1
7.823983243E1,7.084224820E-1,-7.094877362E-1,-4.708612561E-1
7.824475821E1,7.020306587E-1,-7.212060094E-1,-4.484900236E-1
7.824987785E1,7.052266002E-1,-7.244018912E-1,-4.271840751E-1
7.825487071E1,7.062918544E-1,-7.329242826E-1,-4.016169310E-1
7.825998769E1,6.977695227E-1,-7.478384376E-1,-3.707233369E-1
7.826494639E1,6.764635444E-1,-7.691444159E-1,-3.366338313E-1
7.827011045E1,6.487658620E-1,-7.808626294E-1,-3.014790416E-1
7.827511681E1,6.093498468E-1,-7.766014934E-1,-2.684548199E-1
7.828021587E1,5.646073818E-1,-7.595567107E-1,-2.418224066E-1
7.828533848E1,5.156037211E-1,-7.297284007E-1,-2.183858752E-1
7.829040577E1,4.634041786E-1,-6.924430132E-1,-1.981452256E-1
7.829542296E1,4.069434404E-1,-6.572881937E-1,-1.768392920E-1
7.830051993E1,3.504827023E-1,-6.242640018E-1,-1.629904360E-1
7.830554598E1,2.929566503E-1,-5.837827325E-1,-1.491415650E-1
7.831085822E1,2.364959270E-1,-5.454320312E-1,-1.299662292E-1
7.831565749E1,1.800351888E-1,-5.145384073E-1,-1.139867753E-1
7.832082989E1,1.278356314E-1,-4.868406951E-1,-1.054643989E-1
7.832578369E1,7.989726961E-2,-4.634041786E-1,-9.907261282E-2
7.833092968E1,3.728539124E-2,-4.570123851E-1,-9.800732136E-2
7.833603900E1,-2.130593872E-3,-4.634041786E-1,-9.481142461E-2
7.834108666E1,-3.515479714E-2,-4.740571380E-1,-9.481142461E-2
7.834610984E1,-6.498311460E-2,-4.804489315E-1,-1.001379117E-1
7.835123843E1,-9.161553532E-2,-4.889712930E-1,-1.054643989E-1
7.835622395E1,-1.139867753E-1,-4.932324886E-1,-1.161173657E-1
7.836146057E1,-1.310315281E-1,-4.932324886E-1,-1.267703325E-1
7.836649776E1,-1.427497864E-1,-4.847100973E-1,-1.384886056E-1
7.837167749E1,-1.470109820E-1,-4.740571380E-1,-1.459456831E-1
7.837667838E1,-1.491415650E-1,-4.634041786E-1,-1.534027606E-1
7.838173015E1,-1.523374617E-1,-4.602082670E-1,-1.629904360E-1
7.838666635E1,-1.651210189E-1,-4.666000605E-1,-1.651210189E-1
7.839186698E1,-1.757739931E-1,-4.708612561E-1,-1.661863178E-1
7.839683573E1,-1.779045910E-1,-4.687306583E-1,-1.608598381E-1
7.840196322E1,-1.693822145E-1,-4.591429830E-1,-1.597945392E-1
7.840710250E1,-1.438150853E-1,-4.463594258E-1,-1.565986425E-1
7.841207031E1,-1.086602882E-1,-4.357064366E-1,-1.512721628E-1
7.841708745E1,-6.391781569E-2,-4.282493591E-1,-1.406191885E-1
7.842218442E1,-1.278356276E-2,-4.218575954E-1,-1.320968270E-1
7.842726573E1,3.728539124E-2,-4.165311158E-1,-1.246397421E-1
7.843243063E1,8.841964602E-2,-4.186616838E-1,-1.182479635E-1
7.843738334E1,1.352927089E-1,-4.357064366E-1,-1.161173657E-1
7.844253427E1,1.800351888E-1,-4.612735808E-1,-1.097255871E-1
7.844756797E1,2.311694324E-1,-4.911018908E-1,-1.033338010E-1
7.845278870E1,2.833689749E-1,-5.156037211E-1,-1.033338010E-1
7.845766927E1,3.334379494E-1,-5.379749537E-1,-1.012032107E-1
7.846281438E1,3.845722079E-1,-5.571503043E-1,-9.800732136E-2
7.846780865E1,4.271840751E-1,-5.763256550E-1,-8.735434711E-2
7.847296865E1,4.655347466E-1,-5.944356918E-1,-7.883197069E-2
7.847796954E1,4.974936545E-1,-6.093498468E-1,-6.924430281E-2
7.848307079E1,5.219954848E-1,-6.231986880E-1,-5.539543927E-2
7.848816917E1,5.369096398E-1,-6.338516474E-1,-4.367717355E-2
7.849329740E1,5.507585406E-1,-6.477005482E-1,-2.982831374E-2
7.849845079E1,5.528891087E-1,-6.700717807E-1,-2.876301669E-2
7.850335631E1,5.464973450E-1,-6.828553081E-1,-2.130593918E-2
7.850841136E1,5.411708355E-1,-6.839206219E-1,-1.065296959E-2
7.851359959E1,5.305178761E-1,-6.977695227E-1,6.391781382E-3
7.851876366E1,5.273219943E-1,-7.084224820E-1,1.811004803E-2
7.852362334E1,5.283873081E-1,-7.073571682E-1,1.278356276E-2
7.852882761E1,5.273219943E-1,-7.126836777E-1,1.704475097E-2
7.853386652E1,5.283873081E-1,-7.116183639E-1,2.663242258E-2
7.853881168E1,5.262566805E-1,-6.977695227E-1,2.982831374E-2
7.854408110E1,5.241261125E-1,-6.775288582E-1,3.408950195E-2
7.854897043E1,5.166690350E-1,-6.423740387E-1,3.728539124E-2
7.855426298E1,5.006895661E-1,-5.997622013E-1,4.580776766E-2
7.855918340E1,4.740571380E-1,-5.582156181E-1,5.646073818E-2
7.856430965E1,4.378370345E-1,-5.198649168E-1,6.498311460E-2
7.856924554E1,4.005516469E-1,-4.996242523E-1,7.457078248E-2
7.857447981E1,3.771151006E-1,-4.825794995E-1,7.137489319E-2
7.857940309E1,3.675274551E-1,-4.538165033E-1,5.752603337E-2
7.858453772E1,3.685927391E-1,-4.335758388E-1,4.687306657E-2
7.858954246E1,3.792456985E-1,-4.186616838E-1,3.515479714E-2
7.859482168E1,4.026822448E-1,-4.026822448E-1,2.024064213E-2
7.859980512E1,4.314452708E-1,-3.792456985E-1,8.522375487E-3
7.860479075E1,4.623388648E-1,-3.451561928E-1,-3.195890691E-3
7.860979127E1,4.985589683E-1,-3.142625988E-1,-1.171826664E-2
7.861490507E1,5.369096398E-1,-2.844342887E-1,-1.917534508E-2
7.861992575E1,5.688685775E-1,-2.684548199E-1,-2.024064213E-2
7.862507075E1,5.923051238E-1,-2.673895359E-1,-1.065296959E-2
7.863012601E1,6.168069243E-1,-2.759118974E-1,7.457078435E-3
7.863525533E1,6.381128430E-1,-2.961525619E-1,3.302420676E-2
7.864020221E1,6.519617438E-1,-2.780424953E-1,4.048128426E-2
7.864534986E1,6.636800170E-1,-2.546059787E-1,5.752603337E-2
7.865044737E1,6.700717807E-1,-2.354306281E-1,8.628904819E-2
7.865550101E1,6.732676625E-1,-2.087981999E-1,1.065296903E-1
7.866069924E1,6.732676625E-1,-1.800351888E-1,1.214438528E-1
7.866573179E1,6.668758988E-1,-1.502068639E-1,1.278356314E-1
7.867067185E1,6.540923119E-1,-1.203785539E-1,1.289009303E-1
7.867584560E1,6.231986880E-1,-9.907261282E-2,1.278356314E-1
7.868084747E1,5.784562230E-1,-8.628904819E-2,1.193132550E-1
7.868608924E1,5.305178761E-1,-7.670138031E-2,1.097255871E-1
7.869100388E1,4.825794995E-1,-7.989726961E-2,9.161553532E-2
7.869572841E1,4.335758388E-1,-9.055023640E-2,7.137489319E-2
7.870123159E1,3.845722079E-1,-9.800732136E-2,4.793836176E-2
7.870633331E1,3.387644291E-1,-1.075949892E-1,1.491415687E-2
7.871130097E1,2.961525619E-1,-1.065296903E-1,-1.491415687E-2
7.871638878E1,2.556712627E-1,-1.235744432E-1,-1.491415687E-2
7.872161883E1,2.109287977E-1,-1.374233067E-1,-5.859133229E-2
7.872651394E1,1.565986425E-1,-1.320968270E-1,-1.257050335E-1
7.873157040E1,9.694202244E-2,-1.235744432E-1,-1.534027606E-1
7.873668222E1,3.302420676E-2,-1.118561774E-1,-1.789698899E-1
7.874172284E1,-3.728539124E-2,-1.033338010E-1,-2.151899785E-1
7.874683529E1,-1.065296903E-1,-8.202786744E-2,-2.471488863E-1
7.875187785E1,-1.619251370E-1,-4.900366068E-2,-2.673895359E-1
7.875689389E1,-2.109287977E-1,-1.917534508E-2,-2.578018606E-1
7.876196097E1,-2.546059787E-1,2.876301669E-2,-2.854995728E-1
7.876710884E1,-2.780424953E-1,9.800732136E-2,-3.334379494E-1
7.877206019E1,-2.823036909E-1,1.640557349E-1,-3.419603109E-1
7.877723337E1,-2.748466134E-1,2.311694324E-1,-3.281114697E-1
7.878223764E1,-2.514100671E-1,3.068055212E-1,-3.313073516E-1
7.878734170E1,-2.066676021E-1,3.930945694E-1,-3.238502741E-1
7.879244113E1,-1.544680595E-1,4.836448133E-1,-2.865648866E-1
7.879756347E1,-1.150520667E-1,5.827174187E-1,-2.386265099E-1
7.880264926E1,-8.948494494E-2,6.999000907E-1,-1.874922663E-1
7.880765743E1,-8.096256852E-2,8.319969177E-1,-1.320968270E-1
7.881272145E1,-8.948494494E-2,9.640937448E-1,-8.522375673E-2
7.881786837E1,-1.043990999E-1,1.089798808E0,-4.154657945E-2
7.882284442E1,-1.246397421E-1,1.199524403E0,-3.195890691E-3
7.882802592E1,-1.512721628E-1,1.289009333E0,2.982831374E-2
7.883297280E1,-1.853616685E-1,1.358253598E0,5.219954997E-2
7.883831316E1,-2.226470560E-1,1.412583709E0,6.711370498E-2
7.884317416E1,-2.641936541E-1,1.454130292E0,7.776667923E-2
7.884836270E1,-3.153278828E-1,1.474370956E0,9.694202244E-2
7.885325187E1,-3.707233369E-1,1.483958602E0,1.107908785E-1
7.885833364E1,-4.261187613E-1,1.511656404E0,9.374613315E-2
7.886339822E1,-4.804489315E-1,1.545745850E0,6.178722158E-2
7.886853530E1,-5.294525623E-1,1.585161805E0,1.597945392E-2
7.887355874E1,-5.709991455E-1,1.651210308E0,-3.728539124E-2
7.887865984E1,-6.050886512E-1,1.727911592E0,-8.948494494E-2
7.888365536E1,-6.285251975E-1,1.806743622E0,-1.320968270E-1
7.888877723E1,-6.338516474E-1,1.890902042E0,-1.640557349E-1
7.889380442E1,-6.168069243E-1,1.978256464E0,-1.832310706E-1
7.889891510E1,-5.795215368E-1,2.050696611E0,-1.864269674E-1
7.890406588E1,-5.464973450E-1,2.068806648E0,-1.747086942E-1
7.890907609E1,-5.134730935E-1,2.062414885E0,-1.470109820E-1
7.891412218E1,-4.655347466E-1,2.054957867E0,-1.118561774E-1
7.891922520E1,-4.175963998E-1,2.044304848E0,-7.244019210E-2
7.892419687E1,-3.707233369E-1,2.032586575E0,-2.556712553E-2
7.892942870E1,-3.376991153E-1,2.012346029E0,1.491415687E-2
7.893437484E1,-3.259808719E-1,1.978256464E0,5.859133229E-2
7.893947484E1,-3.398297131E-1,1.930317998E0,1.257050335E-1
7.894455578E1,-3.898986876E-1,1.889836788E0,2.279735506E-1
7.894998969E1,-4.676653445E-1,1.881314397E0,3.323726356E-1
7.895472219E1,-5.763256550E-1,1.901555061E0,4.101393223E-1
7.895983443E1,-6.935083270E-1,1.947362781E0,4.655347466E-1
7.896479245E1,-8.032338619E-1,2.008084774E0,5.081466436E-1
7.897008208E1,-9.012411833E-1,2.090112686E0,5.401055217E-1
7.897506276E1,-9.758120179E-1,2.166813850E0,5.848480463E-1
7.898029292E1,-1.015228033E0,2.213686943E0,6.189374924E-1
7.898522881E1,-1.004575014E0,2.208360434E0,6.242640018E-1
7.899026349E1,-9.683549404E-1,2.128463268E0,6.040233374E-1
7.899526204E1,-9.353306890E-1,1.995301127E0,5.518237948E-1
7.900038193E1,-9.332001209E-1,1.871726751E0,4.719265401E-1
7.900555469E1,-9.704855084E-1,1.799286485E0,3.813762963E-1
7.901047876E1,-1.040795088E0,1.758805275E0,2.940219641E-1
7.901567563E1,-1.116431236E0,1.734303355E0,2.375612110E-1
7.902069990E1,-1.168630719E0,1.704475045E0,2.109287977E-1
7.902564173E1,-1.206981421E0,1.622447252E0,1.821657717E-1
7.903080839E1,-1.226156831E0,1.489285111E0,1.619251370E-1
7.903579584E1,-1.247462749E0,1.336947680E0,1.544680595E-1
7.904113204E1,-1.276225686E0,1.209112048E0,1.448803842E-1
7.904568511E1,-1.295401096E0,1.127084136E0,1.342274100E-1
7.905073714E1,-1.313511133E0,1.062101007E0,1.278356314E-1
7.905605350E1,-1.340143561E0,9.832690954E-1,1.267703325E-1
7.906126631E1,-1.372102499E0,9.033718109E-1,1.182479635E-1
7.906625527E1,-1.392343044E0,8.362581134E-1,9.907261282E-2
7.907140595E1,-1.394473672E0,7.829932570E-1,8.522375673E-2
7.907643569E1,-1.383820772E0,7.275978327E-1,7.776667923E-2
7.908155085E1,-1.373167753E0,6.785941720E-1,7.030959427E-2
7.908656475E1,-1.369971871E0,6.391781569E-1,6.711370498E-2
7.909165074E1,-1.364645362E0,6.050886512E-1,7.137489319E-2
7.909685632E1,-1.358253598E0,5.667379498E-1,7.670138031E-2
7.910182757E1,-1.349731207E0,5.347790718E-1,8.096256852E-2
7.910684908E1,-1.333751798E0,5.124078393E-1,8.522375673E-2
7.911207991E1,-1.307119370E0,4.911018908E-1,8.948494494E-2
7.911711996E1,-1.276225686E0,4.580776691E-1,8.735434711E-2
7.912206121E1,-1.240005612E0,4.122699201E-1,7.776667923E-2
7.912711757E1,-1.189936638E0,3.536785841E-1,6.817900389E-2
7.913230950E1,-1.119627118E0,2.886954844E-1,5.859133229E-2
7.913728465E1,-1.038664460E0,2.215817571E-1,4.687306657E-2
7.914238262E1,-9.513101578E-1,1.438150853E-1,3.728539124E-2
7.914734315E1,-8.511722684E-1,4.900366068E-2,2.024064213E-2
7.915247997E1,-7.446425557E-1,-5.219954997E-2,5.326484796E-3
7.915762898E1,-6.349169612E-1,-1.491415650E-1,-1.065296959E-2
7.916268955E1,-5.230607986E-1,-2.471488863E-1,-3.089361079E-2
7.916769362E1,-4.112046063E-1,-3.387644291E-1,-4.900366068E-2
7.917293414E1,-3.046749234E-1,-4.250534773E-1,-6.711370498E-2
7.917786091E1,-2.109287977E-1,-5.049507618E-1,-8.948494494E-2
7.918309690E1,-1.310315281E-1,-5.709991455E-1,-1.075949892E-1
7.918794961E1,-6.604841352E-2,-6.221334338E-1,-1.246397421E-1
7.919313919E1,-1.811004803E-2,-6.572881937E-1,-1.406191885E-1
7.919822513E1,7.457078435E-3,-6.764635444E-1,-1.565986425E-1
7.920325476E1,1.278356276E-2,-6.785941720E-1,-1.747086942E-1
7.920820289E1,6.391781382E-3,-6.647452712E-1,-1.906881481E-1
7.921305242E1,-4.261187743E-3,-6.317210793E-1,-2.034717202E-1
7.921841440E1,-2.130593918E-2,-5.891091824E-1,-2.098634988E-1
7.922349638E1,-4.367717355E-2,-5.337137580E-1,-2.130593807E-1
7.922865039E1,-4.580776766E-2,-4.623388648E-1,-2.066676021E-1
7.923369581E1,-4.474247247E-2,-4.122699201E-1,-1.938840449E-1
7.923867164E1,-5.646073818E-2,-3.845722079E-1,-1.896228492E-1
7.924383394E1,-8.948494494E-2,-3.590050638E-1,-1.885575503E-1
7.924887779E1,-1.299662292E-1,-3.302420378E-1,-1.821657717E-1
7.925401529E1,-1.672516167E-1,-3.078708053E-1,-1.725780964E-1
7.925900066E1,-2.173205763E-1,-2.759118974E-1,-1.672516167E-1
7.926408540E1,-2.812383771E-1,-2.354306281E-1,-1.597945392E-1
7.926908060E1,-3.526133001E-1,-1.949493438E-1,-1.576639414E-1
7.927446717E1,-4.357064366E-1,-1.523374617E-1,-1.672516167E-1
7.927938290E1,-5.337137580E-1,-1.097255871E-1,-1.800351888E-1
7.928457467E1,-6.136110425E-1,-7.137489319E-2,-1.768392920E-1
7.928940535E1,-6.753982306E-1,-4.367717355E-2,-1.619251370E-1
7.929475399E1,-7.371854782E-1,-2.663242258E-2,-1.416844875E-1
7.929955550E1,-7.936462164E-1,-4.261187743E-3,-1.257050335E-1
7.930470535E1,-8.554334641E-1,4.793836176E-2,-1.129214764E-1
7.930966754E1,-9.150900841E-1,1.150520667E-1,-1.001379117E-1
7.931479774E1,-9.640937448E-1,1.779045910E-1,-7.563608140E-2
7.931978160E1,-1.017358541E0,2.194511741E-1,-4.900366068E-2
7.932509488E1,-1.065296888E0,2.130593807E-1,-8.522375487E-3
7.932960988E1,-1.078080535E0,1.502068639E-1,6.391781569E-2
7.933548582E1,-1.047186852E0,5.433014408E-2,1.448803842E-1
7.934023452E1,-9.896608591E-1,-6.498311460E-2,2.322347313E-1
7.934521926E1,-9.321348071E-1,-2.226470560E-1,3.206543922E-1
7.935040072E1,-8.767393827E-1,-4.048128426E-1,3.867027760E-1
7.935537119E1,-8.106909394E-1,-5.880439281E-1,4.484900236E-1
7.936046561E1,-7.286630869E-1,-7.659484744E-1,4.996242523E-1
7.936557207E1,-6.434393525E-1,-8.831311464E-1,5.219954848E-1
7.937051749E1,-5.496932268E-1,-8.351927996E-1,5.209302306E-1
7.937567213E1,-4.644694626E-1,-6.370475888E-1,5.145384073E-1
7.938078989E1,-3.867027760E-1,-3.984210491E-1,5.134730935E-1
7.938577869E1,-3.206543922E-1,-2.194511741E-1,5.230607986E-1
7.939076510E1,-2.492794842E-1,-1.342274100E-1,5.337137580E-1
7.939590718E1,-1.619251370E-1,-1.022685021E-1,5.337137580E-1
7.940112004E1,-6.604841352E-2,-1.107908785E-1,4.996242523E-1
7.940603249E1,-1.065296936E-3,-2.024064213E-1,4.229228795E-1
7.941116546E1,5.965662748E-2,-3.536785841E-1,3.089361191E-1
7.941625478E1,1.342274100E-1,-5.528891087E-1,1.587292403E-1
7.942123255E1,2.098634988E-1,-7.712749839E-1,1.065296936E-3
7.942637900E1,2.823036909E-1,-9.651589990E-1,-1.438150853E-1
7.943138989E1,3.632662594E-1,-1.127084136E0,-2.737812996E-1
7.943654354E1,4.506205916E-1,-1.245332122E0,-3.941598535E-1
7.944151088E1,5.369096398E-1,-1.332686424E0,-4.974936545E-1
7.944679328E1,6.093498468E-1,-1.399800181E0,-5.912398100E-1
7.945170724E1,6.636800170E-1,-1.451999664E0,-6.647452712E-1
7.945674885E1,6.860512495E-1,-1.498872757E0,-7.169448137E-1
7.946185245E1,6.999000907E-1,-1.541484714E0,-7.552955151E-1
7.946697135E1,7.084224820E-1,-1.580900669E0,-7.787320614E-1
7.947199844E1,7.169448137E-1,-1.596880078E0,-7.829932570E-1
7.947707932E1,7.190754414E-1,-1.571313024E0,-7.680791020E-1
7.948231229E1,7.116183639E-1,-1.520178676E0,-7.414466739E-1
7.948742198E1,7.020306587E-1,-1.462652683E0,-7.020306587E-1
7.949242235E1,6.924430132E-1,-1.397669554E0,-6.519617438E-1
7.949732844E1,6.849859357E-1,-1.327360034E0,-6.008274555E-1
7.950236437E1,6.732676625E-1,-1.261311531E0,-5.507585406E-1
7.950764141E1,6.626147032E-1,-1.189936638E0,-5.060160160E-1
7.951261464E1,6.530269980E-1,-1.108974099E0,-4.729918540E-1
7.951783756E1,6.295905113E-1,-1.030142188E0,-4.410329461E-1
7.952274891E1,5.997622013E-1,-9.630284309E-1,-4.144005179E-1
7.952789412E1,5.635420680E-1,-9.012411833E-1,-3.930945694E-1
7.953280240E1,5.262566805E-1,-8.522375226E-1,-3.749845326E-1
7.953792995E1,4.911018908E-1,-8.117562532E-1,-3.526133001E-1
7.954289490E1,4.602082670E-1,-7.787320614E-1,-3.302420378E-1
7.954810980E1,4.410329461E-1,-7.552955151E-1,-3.153278828E-1
7.955323188E1,4.431635141E-1,-7.361201644E-1,-3.078708053E-1
7.955817537E1,4.591429830E-1,-7.339895964E-1,-3.153278828E-1
7.956326574E1,4.772530198E-1,-7.499690652E-1,-3.345032334E-1
7.956848418E1,5.081466436E-1,-7.638179064E-1,-3.547438681E-1
7.957334730E1,5.518237948E-1,-7.755361795E-1,-3.707233369E-1
7.957849558E1,5.997622013E-1,-7.872544527E-1,-3.867027760E-1
7.958355798E1,6.455699205E-1,-7.861891389E-1,-4.026822448E-1
7.958863459E1,6.860512495E-1,-7.734055519E-1,-4.207922816E-1
7.959368704E1,7.148142457E-1,-7.638179064E-1,-4.303799570E-1
7.959876376E1,7.329242826E-1,-7.670137882E-1,-4.346411526E-1
7.960392543E1,7.339895964E-1,-7.925809026E-1,-4.314452708E-1
7.960908949E1,7.371854782E-1,-8.277357221E-1,-4.207922816E-1
7.961410220E1,7.371854782E-1,-8.415845633E-1,-4.144005179E-1
7.961924684E1,7.212060094E-1,-8.341274858E-1,-4.069434404E-1
7.962410371E1,6.956388950E-1,-8.074950576E-1,-4.016169310E-1
7.962928642E1,6.626147032E-1,-7.861891389E-1,-3.994863629E-1
7.963434408E1,6.359822750E-1,-7.829932570E-1,-4.069434404E-1
7.963933736E1,6.178722382E-1,-7.808626294E-1,-4.090740085E-1
7.964448189E1,5.955010056E-1,-7.723402977E-1,-4.048128426E-1
7.964951278E1,5.678032637E-1,-7.520996332E-1,-3.984210491E-1
7.965448512E1,5.273219943E-1,-7.286630869E-1,-3.771151006E-1
7.965965127E1,4.825794995E-1,-6.924430132E-1,-3.483521044E-1
7.966482570E1,4.367717505E-1,-6.370475888E-1,-3.153278828E-1
7.966999085E1,3.909639716E-1,-5.741950274E-1,-2.801730931E-1
7.967475559E1,3.440909088E-1,-5.166690350E-1,-2.428877056E-1
7.968036278E1,2.961525619E-1,-4.761877358E-1,-2.045370042E-1
7.968503153E1,2.471488863E-1,-4.506205916E-1,-1.651210189E-1
7.969008112E1,1.970799267E-1,-4.420982301E-1,-1.235744432E-1
7.969508632E1,1.480762810E-1,-4.389023483E-1,-9.055023640E-2
7.970020388E1,1.097255871E-1,-4.314452708E-1,-5.433014408E-2
7.970520435E1,7.137489319E-2,-4.239881933E-1,-2.130593918E-2
7.971038632E1,3.622009605E-2,-4.271840751E-1,5.326484796E-3
7.971538023E1,1.065296959E-2,-4.218575954E-1,2.769771963E-2
7.972074633E1,-5.326484796E-3,-3.952251673E-1,5.006895587E-2
7.972553919E1,-8.522375487E-3,-3.579397798E-1,6.498311460E-2
7.973083664E1,-2.130593872E-3,-3.153278828E-1,7.244019210E-2
7.973575513E1,1.597945392E-2,-2.684548199E-1,7.244019210E-2
7.974077284E1,4.687306657E-2,-2.290388346E-1,6.817900389E-2
7.974582128E1,8.522375673E-2,-2.045370042E-1,5.326484516E-2
7.975101503E1,1.289009303E-1,-1.970799267E-1,3.728539124E-2
7.975608477E1,1.800351888E-1,-2.066676021E-1,1.811004803E-2
7.976117112E1,2.290388346E-1,-2.343653291E-1,1.065296936E-3
7.976608326E1,2.673895359E-1,-2.791078091E-1,-1.278356276E-2
7.977125727E1,3.014790416E-1,-3.355685472E-1,-2.663242258E-2
7.977622914E1,3.398297131E-1,-3.856374919E-1,-3.835069016E-2
7.978121909E1,3.803110123E-1,-4.229228795E-1,-5.113425106E-2
7.978630040E1,4.207922816E-1,-4.570123851E-1,-5.859133229E-2
7.979146456E1,4.612735808E-1,-4.932324886E-1,-6.391781569E-2
7.979651342E1,4.985589683E-1,-5.273219943E-1,-6.817900389E-2
7.980164524E1,5.358443856E-1,-5.539544225E-1,-7.137489319E-2
7.980672832E1,5.699338317E-1,-5.720644593E-1,-7.244019210E-2
7.981212774E1,5.997622013E-1,-5.933703780E-1,-6.711370498E-2
7.981684373E1,6.125457287E-1,-6.317210793E-1,-5.752603337E-2
7.982191722E1,6.061539650E-1,-6.860512495E-1,-4.474247247E-2
7.982696535E1,5.944356918E-1,-7.361201644E-1,-2.450183034E-2
7.983210285E1,5.827174187E-1,-7.648832202E-1,-6.391781382E-3
7.983712353E1,5.805868506E-1,-7.670137882E-1,-4.261187743E-3
7.984219556E1,5.848480463E-1,-7.627525926E-1,-4.261187743E-3
7.984745868E1,5.869786143E-1,-7.627525926E-1,5.326484796E-3
7.985239894E1,5.859133005E-1,-7.723402977E-1,2.556712553E-2
7.985733790E1,5.741950274E-1,-7.904503345E-1,3.835069016E-2
7.986243634E1,5.560849905E-1,-7.968420982E-1,6.072192639E-2
7.986756712E1,5.486279130E-1,-7.861891389E-1,7.244019210E-2
7.987262629E1,5.550196767E-1,-7.531649470E-1,8.948494494E-2
7.987774457E1,5.667379498E-1,-7.233366370E-1,1.129214764E-1
7.988275254E1,5.773909688E-1,-7.020306587E-1,1.395539045E-1
7.988777588E1,5.848480463E-1,-6.753982306E-1,1.608598381E-1
7.989290410E1,5.944356918E-1,-6.508964300E-1,1.768392920E-1
7.989792202E1,6.018927693E-1,-6.285251975E-1,1.885575503E-1
7.990328947E1,6.029580832E-1,-6.061539650E-1,1.938840449E-1
7.990811562E1,6.040233374E-1,-5.891091824E-1,1.938840449E-1
7.991319629E1,6.040233374E-1,-5.731297731E-1,1.842963696E-1
7.991827656E1,5.976315737E-1,-5.624767542E-1,1.704475135E-1
7.992354135E1,5.891091824E-1,-5.507585406E-1,1.512721628E-1
7.992848265E1,5.741950274E-1,-5.369096398E-1,1.289009303E-1
7.993362473E1,5.592808723E-1,-5.145384073E-1,1.107908785E-1
7.993854588E1,5.369096398E-1,-4.942977726E-1,9.055023640E-2
7.994358880E1,5.092119575E-1,-4.847100973E-1,7.030959427E-2
7.994863609E1,4.804489315E-1,-4.697959423E-1,5.326484516E-2
7.995376062E1,4.474247098E-1,-4.463594258E-1,3.515479714E-2
7.995878406E1,4.144005179E-1,-4.239881933E-1,2.343653329E-2
7.996397942E1,3.920292854E-1,-4.165311158E-1,5.326484796E-3
7.996902390E1,3.728539348E-1,-4.207922816E-1,-1.597945392E-2
7.997409656E1,3.611356616E-1,-4.186616838E-1,-4.048128426E-2
7.997907427E1,3.696580231E-1,-4.122699201E-1,-6.178722158E-2
7.998422781E1,4.026822448E-1,-4.005516469E-1,-7.776667923E-2
7.998927693E1,4.410329461E-1,-3.813762963E-1,-9.374613315E-2
7.999431474E1,4.751224220E-1,-3.451561928E-1,-1.118561774E-1
7.999933755E1,5.017548800E-1,-2.982831299E-1,-1.246397421E-1
8.000443901E1,5.219954848E-1,-2.567365468E-1,-1.342274100E-1
8.000947261E1,5.401055217E-1,-2.279735506E-1,-1.427497864E-1
8.001483370E1,5.518237948E-1,-2.269082516E-1,-1.448803842E-1
8.001965089E1,5.550196767E-1,-2.492794842E-1,-1.470109820E-1
8.002479766E1,5.443667173E-1,-2.716507316E-1,-1.523374617E-1
8.002985875E1,5.177342892E-1,-2.823036909E-1,-1.661863178E-1
8.003499495E1,4.793836176E-1,-2.854995728E-1,-1.853616685E-1
8.003999292E1,4.335758388E-1,-2.716507316E-1,-2.109287977E-1
8.004516511E1,3.952251673E-1,-2.205164731E-1,-2.279735506E-1
8.005008136E1,3.483521044E-1,-1.704475135E-1,-2.492794842E-1
8.005517506E1,2.950872481E-1,-1.384886056E-1,-2.780424953E-1
8.006030011E1,2.418224066E-1,-1.235744432E-1,-2.993484437E-1
8.006500626E1,1.864269674E-1,-1.161173657E-1,-3.089361191E-1
8.007013730E1,1.289009303E-1,-1.033338010E-1,-3.227849603E-1
8.007556954E1,7.244019210E-2,-8.415845782E-2,-3.355685472E-1
8.008067881E1,1.704475097E-2,-3.835069016E-2,-3.536785841E-1
8.008559230E1,-4.048128426E-2,3.728539124E-2,-3.675274551E-1
8.009081355E1,-1.086602882E-1,9.907261282E-2,-3.728539348E-1
8.009580907E1,-1.725780964E-1,1.310315281E-1,-4.026822448E-1
8.010082465E1,-2.109287977E-1,1.502068639E-1,-4.218575954E-1
8.010589392E1,-2.205164731E-1,1.853616685E-1,-4.133352041E-1
8.011089689E1,-1.821657717E-1,2.599324584E-1,-4.282493591E-1
8.011572116E1,-1.139867753E-1,3.387644291E-1,-4.389023483E-1
8.012093298E1,1.416844875E-1,4.112046063E-1,-3.973557651E-1
8.012627001E1,8.138868809E-1,3.131972849E-1,-3.334379494E-1
8.013119861E1,1.304988742E0,-8.096256852E-2,-3.131972849E-1
8.013631902E1,1.543615222E0,-2.343653291E-1,-2.609977424E-1
8.014152173E1,1.662928462E0,-2.450183034E-2,-1.672516167E-1
8.014651856E1,1.617120743E0,3.174584806E-1,-1.065296903E-1
8.015147684E1,1.451999664E0,6.935083270E-1,-1.086602882E-1
8.015675158E1,1.247462749E0,1.074884653E0,-8.948494494E-2
8.016160064E1,9.790078998E-1,1.457326174E0,-6.178722158E-2
8.016685538E1,6.104151607E-1,1.749217510E0,-3.835069016E-2
8.017175070E1,1.736433953E-1,1.885575533E0,-2.769771963E-2
8.017706570E1,-2.567365468E-1,1.888771415E0,-2.450183034E-2
8.018193439E1,-6.285251975E-1,1.813135386E0,-3.941598535E-2
8.018700085E1,-9.076330066E-1,1.730042219E0,-5.326484516E-2
8.019205570E1,-1.103647590E0,1.701279163E0,-5.219954997E-2
8.019719538E1,-1.222960830E0,1.712997437E0,-4.048128426E-2
8.020220684E1,-1.297531724E0,1.723650455E0,-3.835069016E-2
8.020738648E1,-1.361449480E0,1.722585201E0,-4.474247247E-2
8.021250419E1,-1.446673274E0,1.710866928E0,-6.817900389E-2
8.021746231E1,-1.505264521E0,1.766262293E0,-9.161553532E-2
8.022250096E1,-1.502068639E0,1.893032670E0,-1.012032107E-1
8.022761242E1,-1.467979193E0,2.045370102E0,-9.055023640E-2
8.023264096E1,-1.437085509E0,2.198772907E0,-6.285251677E-2
8.023777252E1,-1.395539045E0,2.366024494E0,-2.663242258E-2
8.024293263E1,-1.325229406E0,2.553516865E0,0.000000000E0
8.024799971E1,-1.236809731E0,2.709050179E0,1.811004803E-2
8.025305440E1,-1.136671782E0,2.783620834E0,2.663242258E-2
8.025801742E1,-1.041860461E0,2.772967815E0,3.515479714E-2
8.026301784E1,-9.491795897E-1,2.682417631E0,5.752603337E-2
8.026816596E1,-8.628905416E-1,2.534341335E0,9.374613315E-2
8.027338893E1,-7.851238251E-1,2.344718456E0,1.512721628E-1
8.027841013E1,-7.158795595E-1,2.134855032E0,2.183858752E-1
8.028335977E1,-6.508964300E-1,1.943101645E0,2.759118974E-1
8.028850388E1,-5.986968875E-1,1.806743622E0,3.238502741E-1
8.029347477E1,-5.635420680E-1,1.737499356E0,3.728539348E-1
8.029869529E1,-5.518237948E-1,1.748152256E0,4.239881933E-1
8.030368784E1,-5.720644593E-1,1.865334988E0,4.804489315E-1
8.030872076E1,-6.061539650E-1,2.110353231E0,5.550196767E-1
8.031376540E1,-6.445046663E-1,2.397983313E0,6.295905113E-1
8.031897175E1,-7.009654045E-1,2.591867447E0,7.158795595E-1
8.032392368E1,-7.712749839E-1,2.674960613E0,7.872544527E-1
8.032898878E1,-8.319969177E-1,2.685613632E0,8.234745264E-1
8.033424113E1,-8.746087551E-1,2.621695757E0,8.373233676E-1
8.033937342E1,-8.980453014E-1,2.497056007E0,8.245398402E-1
8.034427154E1,-9.023064971E-1,2.350044966E0,7.808626294E-1
8.034938983E1,-9.108288884E-1,2.182793379E0,7.339895964E-1
8.035438176E1,-9.118942022E-1,2.001693010E0,7.062918544E-1
8.035953800E1,-9.065676928E-1,1.818461895E0,6.871165037E-1
8.036463504E1,-9.001759291E-1,1.630969644E0,6.540923119E-1
8.036962754E1,-8.927188516E-1,1.466913939E0,6.136110425E-1
8.037474551E1,-8.831311464E-1,1.361449480E0,5.635420680E-1
8.037988150E1,-8.596946001E-1,1.304988742E0,5.273219943E-1
8.038498744E1,-8.192133307E-1,1.254919767E0,4.974936545E-1
8.039001566E1,-7.744708657E-1,1.178218365E0,4.729918540E-1
8.039488817E1,-7.350549102E-1,1.098321199E0,4.623388648E-1
8.040007468E1,-7.105530500E-1,1.025880933E0,4.580776691E-1
8.040504197E1,-7.169448137E-1,9.470489621E-1,4.410329461E-1
8.041016301E1,-7.307937145E-1,8.586293459E-1,4.122699201E-1
8.041519160E1,-7.467731237E-1,7.829932570E-1,3.707233369E-1
8.042039895E1,-7.670137882E-1,7.126836777E-1,3.249155581E-1
8.042537223E1,-7.766014934E-1,6.423740387E-1,2.823036909E-1
8.043043999E1,-7.702096701E-1,5.795215368E-1,2.460835874E-1
8.043553166E1,-7.638179064E-1,5.326484442E-1,2.173205763E-1
8.044058817E1,-7.627525926E-1,4.964283705E-1,1.917534471E-1
8.044579786E1,-7.574261427E-1,4.516859055E-1,1.747086942E-1
8.045077275E1,-7.435772419E-1,3.888333738E-1,1.587292403E-1
8.045595249E1,-7.201407552E-1,3.163931966E-1,1.459456831E-1
8.046088046E1,-6.967042089E-1,2.290388346E-1,1.257050335E-1
8.046594691E1,-6.722023487E-1,1.289009303E-1,9.268083423E-2
8.047122380E1,-6.391781569E-1,1.811004803E-2,5.965662748E-2
8.047610557E1,-6.018927693E-1,-9.055023640E-2,3.089361079E-2
8.048123130E1,-5.656726956E-1,-1.917534471E-1,5.326484796E-3
8.048618823E1,-5.315831900E-1,-2.886954844E-1,-2.237123623E-2
8.049128520E1,-4.964283705E-1,-3.803110123E-1,-4.048128426E-2
8.049646588E1,-4.495553076E-1,-4.697959423E-1,-5.219954997E-2
8.050159479E1,-3.952251673E-1,-5.571503043E-1,-5.965662748E-2
8.050658302E1,-3.345032334E-1,-6.402434707E-1,-6.285251677E-2
8.051176620E1,-2.684548199E-1,-7.190754414E-1,-6.391781569E-2
8.051678662E1,-2.013411224E-1,-7.979074121E-1,-6.817900389E-2
8.052177281E1,-1.352927089E-1,-8.778046966E-1,-7.989726961E-2
8.052641641E1,-6.072192639E-2,-9.555713534E-1,-9.694202244E-2
8.053155589E1,2.876301669E-2,-1.031207442E0,-1.161173657E-1
8.053654630E1,1.129214764E-1,-1.085537553E0,-1.331621110E-1
8.054185084E1,1.811004728E-1,-1.108974099E0,-1.459456831E-1
8.054671302E1,2.279735506E-1,-1.104712963E0,-1.576639414E-1
8.055184032E1,2.652589381E-1,-1.059970498E0,-1.683169156E-1
8.055686730E1,2.982831299E-1,-9.747467041E-1,-1.821657717E-1
8.056195589E1,3.185237944E-1,-8.692823052E-1,-2.002758235E-1
8.056698891E1,3.163931966E-1,-7.744708657E-1,-2.322347313E-1
8.057210047E1,3.025443256E-1,-7.062918544E-1,-2.801730931E-1
8.057713131E1,3.078708053E-1,-6.626147032E-1,-3.345032334E-1
8.058227224E1,3.355685472E-1,-6.306557655E-1,-3.643315434E-1
8.058725647E1,3.526133001E-1,-6.050886512E-1,-3.707233369E-1
8.059244037E1,3.451561928E-1,-5.635420680E-1,-3.717886209E-1
8.059741037E1,3.068055212E-1,-4.996242523E-1,-3.600703776E-1
8.060252985E1,2.439530045E-1,-4.218575954E-1,-3.430256248E-1
8.060755418E1,1.608598381E-1,-3.174584806E-1,-3.238502741E-1
8.061266735E1,6.072192639E-2,-1.906881481E-1,-3.057402074E-1
8.061769329E1,-4.793836176E-2,-6.711370498E-2,-2.876301706E-1
8.062281501E1,-1.491415650E-1,3.408950195E-2,-2.599324584E-1
8.062783876E1,-2.375612110E-1,1.161173657E-1,-2.279735506E-1
8.063299715E1,-3.100014031E-1,1.874922663E-1,-1.960146427E-1
8.063801006E1,-3.675274551E-1,2.439530045E-1,-1.704475135E-1
8.064319684E1,-4.016169310E-1,2.759118974E-1,-1.363580078E-1
8.064812220E1,-4.186616838E-1,2.428877056E-1,-8.202786744E-2
8.065323741E1,-4.325105548E-1,1.619251370E-1,-1.278356276E-2
8.065825460E1,-4.442288280E-1,7.350549102E-2,5.859133229E-2
8.066338173E1,-4.378370345E-1,-5.326484796E-3,1.278356314E-1
8.066839397E1,-3.962904513E-1,-8.628904819E-2,2.045370042E-1
8.067352246E1,-3.313073516E-1,-1.512721628E-1,2.737812996E-1
8.067855408E1,-2.673895359E-1,-1.704475135E-1,3.366338313E-1
8.068366788E1,-2.151899785E-1,-1.257050335E-1,3.888333738E-1
8.068868507E1,-1.704475135E-1,-9.587672539E-3,4.452941120E-1
8.069381335E1,-1.257050335E-1,1.565986425E-1,5.230607986E-1
8.069882924E1,-7.137489319E-2,3.142625988E-1,6.061539650E-1
8.070396694E1,8.522375487E-3,3.888333738E-1,6.690064669E-1
8.070897387E1,1.022685021E-1,3.430256248E-1,6.753982306E-1
8.071409997E1,1.864269674E-1,2.173205763E-1,5.955010056E-1
8.071914106E1,2.428877056E-1,1.043990999E-1,4.804489315E-1
8.072461893E1,2.748466134E-1,2.237123623E-2,4.207922816E-1
8.072966559E1,2.876301706E-1,-4.793836176E-2,4.112046063E-1
8.073476882E1,2.663242221E-1,-1.235744432E-1,4.005516469E-1
8.073991534E1,2.034717202E-1,-2.077329010E-1,3.675274551E-1
8.074502382E1,1.299662292E-1,-3.195890784E-1,2.961525619E-1
8.075009018E1,7.137489319E-2,-4.538165033E-1,1.981452256E-1
8.075507377E1,3.728539124E-2,-5.816521049E-1,9.587672353E-2
8.076001180E1,2.663242258E-2,-6.796594262E-1,-4.261187743E-3
8.076550836E1,3.622009605E-2,-7.350549102E-1,-1.012032107E-1
8.077027310E1,6.285251677E-2,-7.819279432E-1,-1.906881481E-1
8.077538617E1,7.563608140E-2,-9.055023789E-1,-2.812383771E-1
8.078032800E1,1.129214764E-1,-1.081276417E0,-3.590050638E-1
8.078546982E1,1.725780964E-1,-1.260246277E0,-4.186616838E-1
8.079061190E1,2.343653291E-1,-1.413649082E0,-4.644694626E-1
8.079557034E1,2.801730931E-1,-1.539354086E0,-4.942977726E-1
8.080032279E1,3.014790416E-1,-1.648014307E0,-5.145384073E-1
8.080588180E1,3.131972849E-1,-1.716193318E0,-5.390402675E-1
8.081083269E1,3.217196763E-1,-1.750282884E0,-5.635420680E-1
8.081600347E1,3.313073516E-1,-1.746021628E0,-5.901744962E-1
8.082090487E1,3.451561928E-1,-1.690626264E0,-6.178722382E-1
8.082603321E1,3.622009456E-1,-1.605402470E0,-6.455699205E-1
8.083110555E1,3.877680898E-1,-1.485023975E0,-6.636800170E-1
8.083614649E1,4.133352041E-1,-1.351861835E0,-6.722023487E-1
8.084129722E1,4.335758388E-1,-1.227222085E0,-6.604840755E-1
8.084630217E1,4.484900236E-1,-1.116431236E0,-6.317210793E-1
8.085136524E1,4.580776691E-1,-1.015228033E0,-5.944356918E-1
8.085646889E1,4.570123851E-1,-9.363960028E-1,-5.486279130E-1
8.086147561E1,4.389023483E-1,-8.873923421E-1,-4.964283705E-1
8.086662108E1,4.069434404E-1,-8.511722684E-1,-4.442288280E-1
8.087164978E1,3.781804144E-1,-8.085603714E-1,-3.930945694E-1
8.087676467E1,3.568744659E-1,-7.616873384E-1,-3.515479863E-1
8.088180514E1,3.536785841E-1,-7.190754414E-1,-3.174584806E-1
8.088691191E1,3.600703776E-1,-6.977695227E-1,-2.950872481E-1
8.089195056E1,3.707233369E-1,-6.945735812E-1,-2.823036909E-1
8.089699655E1,3.930945694E-1,-6.903123856E-1,-2.823036909E-1
8.090206629E1,4.378370345E-1,-6.711370945E-1,-2.886954844E-1
8.090737358E1,4.974936545E-1,-6.466352344E-1,-3.004137278E-1
8.091246327E1,5.624767542E-1,-6.242640018E-1,-3.195890784E-1
8.091743561E1,6.274598837E-1,-6.029580832E-1,-3.430256248E-1
8.092231894E1,6.903123856E-1,-5.763256550E-1,-3.600703776E-1
8.092741525E1,7.520996332E-1,-5.443667173E-1,-3.675274551E-1
8.093245749E1,8.117562532E-1,-5.134730935E-1,-3.739192188E-1
8.093762806E1,8.607599139E-1,-4.953630865E-1,-3.717886209E-1
8.094262884E1,8.980453014E-1,-4.889712930E-1,-3.643315434E-1
8.094773806E1,9.161553383E-1,-4.847100973E-1,-3.462215066E-1
8.095283093E1,9.065676928E-1,-4.815142155E-1,-3.195890784E-1
8.095807812E1,8.799352646E-1,-4.772530198E-1,-2.897607684E-1
8.096289822E1,8.394539952E-1,-4.655347466E-1,-2.578018606E-1
8.096803025E1,7.861891389E-1,-4.570123851E-1,-2.279735506E-1
8.097307979E1,7.339895964E-1,-4.602082670E-1,-2.013411224E-1
8.097814624E1,6.881818175E-1,-4.708612561E-1,-1.800351888E-1
8.098342687E1,6.508964300E-1,-4.889712930E-1,-1.683169156E-1
8.098832630E1,6.349169612E-1,-5.209302306E-1,-1.693822145E-1
8.099333698E1,6.231986880E-1,-5.646073818E-1,-1.747086942E-1
8.099841968E1,6.082845330E-1,-6.168069243E-1,-1.821657717E-1
8.100347052E1,5.816521049E-1,-6.711370945E-1,-1.779045910E-1
8.100858979E1,5.528891087E-1,-7.020306587E-1,-1.704475135E-1
8.101365963E1,5.219954848E-1,-6.988347769E-1,-1.683169156E-1
8.101871802E1,4.740571380E-1,-6.956388950E-1,-1.683169156E-1
8.102379437E1,4.154658020E-1,-6.977695227E-1,-1.683169156E-1
8.102891114E1,3.515479863E-1,-6.775288582E-1,-1.725780964E-1
8.103408880E1,2.897607684E-1,-6.583535075E-1,-1.651210189E-1
8.103911010E1,2.269082516E-1,-6.508964300E-1,-1.512721628E-1
8.104422677E1,1.661863178E-1,-6.327863932E-1,-1.427497864E-1
8.104918047E1,1.129214764E-1,-5.891091824E-1,-1.406191885E-1
8.105416860E1,7.030959427E-2,-5.358443856E-1,-1.384886056E-1
8.105930964E1,3.089361079E-2,-4.857754111E-1,-1.416844875E-1
8.106451672E1,8.522375487E-3,-4.389023483E-1,-1.470109820E-1
8.106954599E1,1.065296936E-3,-4.037475288E-1,-1.555333585E-1
8.107446063E1,5.326484796E-3,-3.824416101E-1,-1.640557349E-1
8.107967907E1,1.597945392E-2,-3.781804144E-1,-1.725780964E-1
8.108462886E1,3.728539124E-2,-3.877680898E-1,-1.853616685E-1
8.108973594E1,6.924430281E-2,-4.016169310E-1,-2.002758235E-1
8.109490834E1,1.022685021E-1,-4.144005179E-1,-2.098634988E-1
8.109988448E1,1.384886056E-1,-4.282493591E-1,-2.183858752E-1
8.110502225E1,1.747086942E-1,-4.431635141E-1,-2.215817571E-1
8.111004938E1,2.045370042E-1,-4.623388648E-1,-2.205164731E-1
8.111507079E1,2.290388346E-1,-4.804489315E-1,-2.151899785E-1
8.112029277E1,2.567365468E-1,-4.932324886E-1,-2.141246796E-1
8.112537600E1,2.823036909E-1,-5.028201342E-1,-2.130593807E-1
8.113029970E1,3.089361191E-1,-5.156037211E-1,-2.130593807E-1
8.113531600E1,3.430256248E-1,-5.294525623E-1,-2.119940966E-1
8.114053277E1,3.813762963E-1,-5.422361493E-1,-2.087981999E-1
8.114551767E1,4.133352041E-1,-5.646073818E-1,-1.981452256E-1
8.115077902E1,4.335758388E-1,-5.965662599E-1,-1.768392920E-1
8.115582657E1,4.442288280E-1,-6.306557655E-1,-1.544680595E-1
8.116081136E1,4.452941120E-1,-6.594188213E-1,-1.310315281E-1
8.116571585E1,4.452941120E-1,-6.807247400E-1,-1.097255871E-1
8.117089095E1,4.452941120E-1,-7.009654045E-1,-8.735434711E-2
8.117589814E1,4.452941120E-1,-7.137489319E-1,-6.498311460E-2
8.118108798E1,4.399676323E-1,-7.233366370E-1,-3.941598535E-2
8.118604653E1,4.335758388E-1,-7.403813601E-1,-1.384885982E-2
8.119118408E1,4.335758388E-1,-7.627525926E-1,8.522375487E-3
8.119617413E1,4.431635141E-1,-7.766014934E-1,2.343653329E-2
8.120128642E1,4.612735808E-1,-7.808626294E-1,3.195890784E-2
8.120636997E1,4.815142155E-1,-7.776667476E-1,3.622009605E-2
8.121147481E1,5.028201342E-1,-7.723402977E-1,4.048128426E-2
8.121642913E1,5.241261125E-1,-7.606220245E-1,4.367717355E-2
8.122164090E1,5.464973450E-1,-7.403813601E-1,4.900366068E-2
8.122675502E1,5.709991455E-1,-7.084224820E-1,5.752603337E-2
8.123180632E1,5.923051238E-1,-6.839206219E-1,6.498311460E-2
8.123694893E1,6.061539650E-1,-6.722023487E-1,7.457078248E-2
8.124201611E1,6.157416105E-1,-6.508964300E-1,7.457078248E-2
8.124712377E1,6.210681200E-1,-6.263945699E-1,7.350549102E-2
8.125180226E1,6.168069243E-1,-6.136110425E-1,7.670138031E-2
8.125667987E1,6.061539650E-1,-6.061539650E-1,7.670138031E-2
8.126225320E1,5.880439281E-1,-6.125457287E-1,6.817900389E-2
8.126719039E1,5.603461862E-1,-6.274598837E-1,6.711370498E-2
8.127237226E1,5.475625992E-1,-6.317210793E-1,8.096256852E-2
8.127734617E1,5.464973450E-1,-6.231986880E-1,7.776667923E-2
8.128266013E1,5.443667173E-1,-6.136110425E-1,5.859133229E-2
8.128744331E1,5.390402675E-1,-5.923051238E-1,4.474247247E-2
8.129262357E1,5.326484442E-1,-5.592808723E-1,3.941598535E-2
8.129756867E1,5.294525623E-1,-5.166690350E-1,3.195890784E-2
8.130282576E1,5.294525623E-1,-4.666000605E-1,9.587672539E-3
8.130781216E1,5.379749537E-1,-4.101393223E-1,-8.522375487E-3
8.131288909E1,5.496932268E-1,-3.579397798E-1,-2.024064213E-2
8.131785570E1,5.624767542E-1,-3.131972849E-1,-2.663242258E-2
8.132305565E1,5.827174187E-1,-2.823036909E-1,-3.622009605E-2
8.132812414E1,6.104151607E-1,-2.652589381E-1,-5.006895587E-2
8.133315836E1,6.391781569E-1,-2.620630562E-1,-5.326484516E-2
8.133822581E1,6.668758988E-1,-2.748466134E-1,-5.006895587E-2
8.134346013E1,6.871165037E-1,-2.982831299E-1,-3.835069016E-2
8.134841414E1,6.988347769E-1,-3.270461559E-1,-2.876301669E-2
8.135346805E1,7.020306587E-1,-3.600703776E-1,-3.302420676E-2
8.135851102E1,6.977695227E-1,-3.749845326E-1,-3.195890784E-2
8.136354451E1,6.828553081E-1,-3.643315434E-1,-2.876301669E-2
8.136860357E1,6.477005482E-1,-3.536785841E-1,-3.302420676E-2
8.137379915E1,5.965662599E-1,-3.376991153E-1,-4.687306657E-2
8.137881701E1,5.379749537E-1,-3.163931966E-1,-6.817900389E-2
8.138400936E1,4.815142155E-1,-2.886954844E-1,-8.096256852E-2
8.138895878E1,4.229228795E-1,-2.578018606E-1,-8.628904819E-2
8.139401050E1,3.622009456E-1,-2.258429527E-1,-9.161553532E-2
8.139901504E1,3.025443256E-1,-1.864269674E-1,-9.907261282E-2
8.140418722E1,2.396918088E-1,-1.342274100E-1,-1.075949892E-1
8.140914353E1,1.832310706E-1,-8.628904819E-2,-1.171826646E-1
8.141441983E1,1.267703325E-1,-5.646073818E-2,-1.299662292E-1
8.141900337E1,6.498311460E-2,-4.048128426E-2,-1.512721628E-1
8.142458733E1,5.326484796E-3,-3.089361079E-2,-1.832310706E-1
8.142955181E1,-6.391781569E-2,-3.089361079E-2,-2.162552774E-1
8.143456644E1,-1.310315281E-1,-2.237123623E-2,-2.428877056E-1
8.143978165E1,-1.885575503E-1,7.457078435E-3,-2.929566503E-1
8.144473337E1,-2.386265099E-1,5.859133229E-2,-3.579397798E-1
8.144988004E1,-2.769772112E-1,1.097255871E-1,-3.888333738E-1
8.145498942E1,-3.025443256E-1,1.576639414E-1,-4.005516469E-1
8.145999473E1,-3.100014031E-1,2.162552774E-1,-4.282493591E-1
8.146507957E1,-3.036096394E-1,2.908260524E-1,-4.389023483E-1
8.147007072E1,-2.865648866E-1,3.664621413E-1,-4.197269976E-1
8.147534301E1,-2.631283402E-1,4.442288280E-1,-3.760498166E-1
8.148031692E1,-2.343653291E-1,5.283873081E-1,-3.142625988E-1
8.148534421E1,-2.077329010E-1,6.200028062E-1,-2.514100671E-1
8.149028874E1,-1.832310706E-1,7.254672050E-1,-1.896228492E-1
8.149544885E1,-1.672516167E-1,8.490416408E-1,-1.320968270E-1
8.150047760E1,-1.512721628E-1,9.811384678E-1,-7.883197069E-2
8.150558682E1,-1.438150853E-1,1.104712963E0,-2.663242258E-2
8.151065781E1,-1.470109820E-1,1.218699694E0,2.024064213E-2
8.151562140E1,-1.640557349E-1,1.315641761E0,6.924430281E-2
8.152193583E1,-2.002758235E-1,1.394473672E0,1.139867753E-1
8.152581286E1,-2.535406649E-1,1.460522056E0,1.470109820E-1
8.153112203E1,-3.174584806E-1,1.516982794E0,1.715128124E-1
8.153594213E1,-3.877680898E-1,1.571313024E0,1.864269674E-1
8.154109130E1,-4.559471011E-1,1.621381879E0,1.853616685E-1
8.154611958E1,-5.134730935E-1,1.671450853E0,1.683169156E-1
8.155134838E1,-5.518237948E-1,1.726846337E0,1.352927089E-1
8.155642531E1,-5.646073818E-1,1.795025349E0,1.001379117E-1
8.156157130E1,-5.582156181E-1,1.874922633E0,7.244019210E-2
8.156650750E1,-5.326484442E-1,1.945232153E0,4.580776766E-2
8.157159948E1,-4.985589683E-1,2.002758265E0,9.587672539E-3
8.157659193E1,-4.527511895E-1,2.049631357E0,-3.515479714E-2
8.158173287E1,-3.962904513E-1,2.072002649E0,-7.563608140E-2
8.158666183E1,-3.376991153E-1,2.054957867E0,-1.033338010E-1
8.159183276E1,-2.759118974E-1,2.007019520E0,-1.246397421E-1
8.159685990E1,-2.066676021E-1,1.953754544E0,-1.459456831E-1
8.160192146E1,-1.235744432E-1,1.905816197E0,-1.512721628E-1
8.160712511E1,-3.728539124E-2,1.870661378E0,-1.427497864E-1
8.161220641E1,2.769771963E-2,1.840833068E0,-1.150520667E-1
8.161713350E1,5.433014408E-2,1.804612994E0,-7.563608140E-2
8.162224094E1,3.515479714E-2,1.762001157E0,-3.408950195E-2
8.162721798E1,-2.663242258E-2,1.740695238E0,9.587672539E-3
8.163247308E1,-1.171826646E-1,1.757739902E0,7.350549102E-2
8.163738121E1,-2.109287977E-1,1.819527149E0,1.523374617E-1
8.164250980E1,-2.993484437E-1,1.904750943E0,2.290388346E-1
8.164773074E1,-3.813762963E-1,1.997431755E0,3.057402074E-1
8.165259954E1,-4.580776691E-1,2.075198412E0,3.749845326E-1
8.165775209E1,-5.262566805E-1,2.140181541E0,4.261187613E-1
8.166299199E1,-5.859133005E-1,2.170009851E0,4.570123851E-1
8.166802933E1,-6.434393525E-1,2.159356833E0,4.644694626E-1
8.167305949E1,-6.999000907E-1,2.127398014E0,4.655347466E-1
8.167799053E1,-7.574261427E-1,2.066676140E0,4.655347466E-1
8.168310736E1,-8.213439584E-1,1.952689290E0,4.729918540E-1
8.168810137E1,-8.905882239E-1,1.799286485E0,4.847100973E-1
8.169331694E1,-9.555713534E-1,1.642687917E0,4.793836176E-1
8.169834772E1,-1.018423915E0,1.507395148E0,4.655347466E-1
8.170352783E1,-1.061035752E0,1.405126691E0,4.527511895E-1
8.170863981E1,-1.088733435E0,1.331621170E0,4.346411526E-1
8.171364481E1,-1.114300609E0,1.289009333E0,4.186616838E-1
8.171856736E1,-1.140933037E0,1.278356314E0,4.069434404E-1
8.172371491E1,-1.169696093E0,1.280486941E0,3.984210491E-1
8.172879590E1,-1.198459029E0,1.277291059E0,3.856374919E-1
8.173382345E1,-1.226156831E0,1.250658631E0,3.771151006E-1
8.173888445E1,-1.241070986E0,1.204850793E0,3.749845326E-1
8.174395851E1,-1.247462749E0,1.132410645E0,3.771151006E-1
8.174915346E1,-1.261311531E0,1.034403324E0,3.707233369E-1
8.175408898E1,-1.289009333E0,9.587672353E-1,3.526133001E-1
8.175932486E1,-1.323098779E0,9.150900841E-1,3.270461559E-1
8.176428044E1,-1.348665953E0,8.799352646E-1,3.004137278E-1
8.176923794E1,-1.373167753E0,8.501069546E-1,2.833689749E-1
8.177409122E1,-1.394473672E0,8.170827627E-1,2.886954844E-1
8.177945950E1,-1.416844964E0,7.840585709E-1,2.844342887E-1
8.178447216E1,-1.422171354E0,7.606220245E-1,2.450182885E-1
8.178949976E1,-1.410453200E0,7.499690652E-1,2.034717202E-1
8.179465080E1,-1.392343044E0,7.425119877E-1,1.683169156E-1
8.179973028E1,-1.359318852E0,7.265325189E-1,1.331621110E-1
8.180498768E1,-1.324164033E0,6.945735812E-1,9.481142461E-2
8.181011950E1,-1.285813451E0,6.445046663E-1,5.433014408E-2
8.181498987E1,-1.240005612E0,5.837827325E-1,1.278356276E-2
8.182005034E1,-1.184610248E0,5.145384073E-1,-1.811004803E-2
8.182523690E1,-1.127084136E0,4.314452708E-1,-4.580776766E-2
8.183004753E1,-1.065296888E0,3.387644291E-1,-6.924430281E-2
8.183557024E1,-1.002444386E0,2.524753809E-1,-8.522375673E-2
8.184045003E1,-9.449183941E-1,1.651210189E-1,-9.161553532E-2
8.184540065E1,-8.863270283E-1,7.137489319E-2,-9.268083423E-2
8.185036748E1,-8.319969177E-1,-2.237123623E-2,-9.055023640E-2
8.185549451E1,-7.787320614E-1,-1.097255871E-1,-8.415845782E-2
8.186053097E1,-7.180101275E-1,-1.928187460E-1,-7.350549102E-2
8.186566336E1,-6.487658620E-1,-2.631283402E-1,-7.137489319E-2
8.187063566E1,-5.720644593E-1,-3.302420378E-1,-5.326484516E-2
8.187544019E1,-4.985589683E-1,-4.048128426E-1,-3.941598535E-2
8.188080909E1,-4.357064366E-1,-4.783183336E-1,-3.089361079E-2
8.188590784E1,-3.856374919E-1,-5.390402675E-1,-2.769771963E-2
8.189095993E1,-3.483521044E-1,-5.859133005E-1,-3.195890784E-2
8.189625514E1,-3.259808719E-1,-6.253293157E-1,-4.154657945E-2
8.190109957E1,-3.014790416E-1,-6.530269980E-1,-4.580776766E-2
8.190627717E1,-2.759118974E-1,-6.700717807E-1,-4.474247247E-2
8.191124670E1,-2.471488863E-1,-6.753982306E-1,-3.408950195E-2
8.191637269E1,-2.194511741E-1,-6.679411530E-1,-2.237123623E-2
8.192138602E1,-2.098634988E-1,-6.445046663E-1,-1.384885982E-2
8.192651509E1,-2.151899785E-1,-6.093498468E-1,-1.704475097E-2
8.193153936E1,-2.354306281E-1,-5.688685775E-1,-2.556712553E-2
8.193663290E1,-2.546059787E-1,-5.315831900E-1,-4.900366068E-2
8.194140280E1,-2.663242221E-1,-5.187996030E-1,-8.628904819E-2
8.194676728E1,-2.844342887E-1,-5.145384073E-1,-1.363580078E-1
8.195183244E1,-3.121320009E-1,-5.070813298E-1,-1.970799267E-1
8.195704165E1,-3.451561928E-1,-4.889712930E-1,-2.588671446E-1
8.196201999E1,-3.835068941E-1,-4.506205916E-1,-3.100014031E-1
8.196730900E1,-4.261187613E-1,-3.803110123E-1,-3.558091819E-1
8.197210046E1,-4.623388648E-1,-2.865648866E-1,-3.994863629E-1
8.197745848E1,-4.825794995E-1,-1.683169156E-1,-4.314452708E-1
8.198222379E1,-4.964283705E-1,-3.408950195E-2,-4.516859055E-1
8.198740176E1,-5.124078393E-1,8.309315890E-2,-4.666000605E-1
8.199243734E1,-5.305178761E-1,1.661863178E-1,-4.825794995E-1
8.199763004E1,-5.454320312E-1,2.205164731E-1,-4.985589683E-1
8.200257593E1,-5.560849905E-1,2.620630562E-1,-5.102772117E-1
8.200770843E1,-5.667379498E-1,2.908260524E-1,-5.017548800E-1
8.201286577E1,-5.763256550E-1,2.918913662E-1,-4.676653445E-1
8.201794208E1,-6.008274555E-1,2.269082516E-1,-4.005516469E-1
8.202284036E1,-6.295905113E-1,7.350549102E-2,-2.972178459E-1
8.202795270E1,-6.445046663E-1,-1.565986425E-1,-1.597945392E-1
8.203284744E1,-6.562229395E-1,-4.144005179E-1,-2.237123623E-2
8.203811276E1,-6.647452712E-1,-6.210681200E-1,8.096256852E-2
8.204308468E1,-6.732676625E-1,-7.382507920E-1,1.587292403E-1
8.204818067E1,-6.732676625E-1,-7.797973752E-1,2.396918088E-1
8.205321213E1,-6.594188213E-1,-7.457078695E-1,3.281114697E-1
8.205834046E1,-6.466352344E-1,-6.242640018E-1,4.186616838E-1
8.206340651E1,-6.477005482E-1,-4.165311158E-1,5.049507618E-1
8.206869218E1,-6.519617438E-1,-1.086602882E-1,5.784562230E-1
8.207355833E1,-6.274598837E-1,2.482141852E-1,6.434393525E-1
8.207867849E1,-5.411708355E-1,4.879060090E-1,7.116183639E-1
8.208367891E1,-3.813762963E-1,5.486279130E-1,7.819279432E-1
8.208876229E1,-1.576639414E-1,4.825794995E-1,8.415845633E-1
8.209376802E1,9.268083423E-2,3.579397798E-1,8.607599139E-1
8.209922719E1,3.345032334E-1,2.034717202E-1,8.362581134E-1
8.210396693E1,5.433014631E-1,2.556712553E-2,7.947115302E-1
8.210910490E1,7.041612864E-1,-1.725780964E-1,7.393160462E-1
8.211410365E1,8.106909394E-1,-3.856374919E-1,6.572881937E-1
8.211922719E1,8.831311464E-1,-6.253293157E-1,5.486279130E-1
8.212423365E1,9.300042391E-1,-8.799352646E-1,4.282493591E-1
8.212947000E1,9.587672353E-1,-1.124953508E0,3.110667169E-1
8.213447001E1,9.822037816E-1,-1.314576387E0,2.013411224E-1
8.213953719E1,9.864649773E-1,-1.432824373E0,1.097255871E-1
8.214464370E1,9.694201946E-1,-1.508460402E0,2.237123623E-2
8.214965021E1,9.204165339E-1,-1.538288832E0,-5.752603337E-2
8.215468730E1,8.490416408E-1,-1.535092831E0,-1.363580078E-1
8.215978928E1,7.808626294E-1,-1.511656404E0,-2.162552774E-1
8.216495204E1,7.233366370E-1,-1.460522056E0,-3.046749234E-1
8.217000834E1,6.817900538E-1,-1.395539045E0,-3.781804144E-1
8.217499272E1,6.562229395E-1,-1.324164033E0,-4.229228795E-1
8.218002319E1,6.498311162E-1,-1.253854513E0,-4.484900236E-1
8.218504714E1,6.722023487E-1,-1.194197893E0,-4.708612561E-1
8.219023032E1,7.180101275E-1,-1.154781938E0,-4.825794995E-1
8.219535038E1,7.744708657E-1,-1.131345391E0,-4.900365770E-1
8.220040522E1,8.245398402E-1,-1.131345391E0,-4.879060090E-1
8.220542611E1,8.618252277E-1,-1.145194173E0,-4.836448133E-1
8.221049256E1,8.937841058E-1,-1.150520682E0,-4.836448133E-1
8.221546829E1,9.118942022E-1,-1.145194173E0,-4.847100973E-1
8.222095621E1,9.172206521E-1,-1.130280018E0,-4.847100973E-1
8.222577142E1,9.140247703E-1,-1.112169981E0,-4.772530198E-1
8.223081199E1,8.980453014E-1,-1.087668180E0,-4.697959423E-1
8.223586913E1,8.788699508E-1,-1.050382733E0,-4.644694626E-1
8.224095996E1,8.543681502E-1,-1.015228033E0,-4.548817873E-1
8.224598944E1,8.319969177E-1,-9.822037816E-1,-4.410329461E-1
8.225122793E1,8.138868809E-1,-9.459837079E-1,-4.271840751E-1
8.225609075E1,8.042991757E-1,-9.140247703E-1,-4.207922816E-1
8.226132793E1,8.053644896E-1,-8.841964602E-1,-4.229228795E-1
8.226617924E1,8.234745264E-1,-8.447804451E-1,-4.293146729E-1
8.227100408E1,8.522375226E-1,-8.011032939E-1,-4.378370345E-1
8.227635710E1,8.895229697E-1,-7.648832202E-1,-4.463594258E-1
8.228150559E1,9.268083572E-1,-7.467731237E-1,-4.570123851E-1
8.228652570E1,9.566366673E-1,-7.318589687E-1,-4.655347466E-1
8.229168163E1,9.832690954E-1,-7.062918544E-1,-4.772530198E-1
8.229671398E1,1.009901524E0,-6.753982306E-1,-4.836448133E-1
8.230189236E1,1.032272696E0,-6.413087845E-1,-4.804489315E-1
8.230677867E1,1.043990970E0,-6.061539650E-1,-4.697959423E-1
8.231190820E1,1.048252225E0,-5.741950274E-1,-4.506205916E-1
8.231706080E1,1.036533952E0,-5.464973450E-1,-4.325105548E-1
8.232208195E1,1.014162660E0,-5.134730935E-1,-4.090740085E-1
8.232705023E1,9.779425859E-1,-4.857754111E-1,-3.792456985E-1
8.233233596E1,9.278736115E-1,-4.602082670E-1,-3.472867906E-1
8.233723357E1,8.682169914E-1,-4.357064366E-1,-3.185237944E-1
8.234238654E1,8.021686077E-1,-4.165311158E-1,-2.961525619E-1
8.234735044E1,7.339895964E-1,-3.962904513E-1,-2.844342887E-1
8.235249669E1,6.839206219E-1,-3.760498166E-1,-2.780424953E-1
8.235757091E1,6.604840755E-1,-3.622009456E-1,-2.684548199E-1
8.236266024E1,6.487658620E-1,-3.600703776E-1,-2.546059787E-1
8.236761180E1,6.402434707E-1,-3.675274551E-1,-2.386265099E-1
8.237279169E1,6.402434707E-1,-3.739192188E-1,-2.269082516E-1
8.237787071E1,6.477005482E-1,-3.739192188E-1,-2.194511741E-1
8.238297805E1,6.562229395E-1,-3.547438681E-1,-2.151899785E-1
8.238796805E1,6.562229395E-1,-3.334379494E-1,-2.056023031E-1
8.239309300E1,6.402434707E-1,-3.376991153E-1,-1.906881481E-1
8.239807560E1,6.125457287E-1,-3.387644291E-1,-1.768392920E-1
8.240321185E1,5.752603412E-1,-3.313073516E-1,-1.693822145E-1
8.240823550E1,5.251913667E-1,-3.163931966E-1,-1.640557349E-1
8.241340086E1,4.655347466E-1,-3.036096394E-1,-1.619251370E-1
8.241852972E1,4.005516469E-1,-2.950872481E-1,-1.597945392E-1
8.242356024E1,3.313073516E-1,-2.886954844E-1,-1.544680595E-1
8.242855493E1,2.737812996E-1,-2.791078091E-1,-1.480762810E-1
8.243368712E1,2.226470560E-1,-2.695201337E-1,-1.406191885E-1
8.243865696E1,1.736433953E-1,-2.588671446E-1,-1.363580078E-1
8.244383290E1,1.299662292E-1,-2.492794842E-1,-1.352927089E-1
8.244894571E1,9.374613315E-2,-2.482141852E-1,-1.352927089E-1
8.245397066E1,6.391781569E-2,-2.609977424E-1,-1.374233067E-1
8.245901077E1,3.835069016E-2,-2.908260524E-1,-1.384886056E-1
8.246403087E1,1.811004803E-2,-3.259808719E-1,-1.470109820E-1
8.246915249E1,7.457078435E-3,-3.622009456E-1,-1.555333585E-1
8.247417092E1,-7.457078435E-3,-4.016169310E-1,-1.661863178E-1
8.247920619E1,-1.491415687E-2,-4.410329461E-1,-1.693822145E-1
8.248450587E1,-1.491415687E-2,-4.740571380E-1,-1.725780964E-1
8.248944223E1,-1.491415687E-2,-5.028201342E-1,-1.715128124E-1
8.249451483E1,-1.384885982E-2,-5.262566805E-1,-1.715128124E-1
8.249957535E1,-1.065296959E-2,-5.422361493E-1,-1.715128124E-1
8.250467478E1,-3.195890691E-3,-5.614115000E-1,-1.651210189E-1
8.250961608E1,1.171826664E-2,-5.731297731E-1,-1.640557349E-1
8.251471306E1,3.728539124E-2,-5.827174187E-1,-1.640557349E-1
8.251982671E1,5.965662748E-2,-6.082845330E-1,-1.544680595E-1
8.252498306E1,7.350549102E-2,-6.381128430E-1,-1.384886056E-1
8.252996812E1,8.628904819E-2,-6.519617438E-1,-1.182479635E-1
8.253502817E1,9.587672353E-2,-6.572881937E-1,-1.001379117E-1
8.254013937E1,1.065296903E-1,-6.594188213E-1,-8.309315890E-2
8.254523807E1,1.257050335E-1,-6.583535075E-1,-7.244019210E-2
8.255031822E1,1.565986425E-1,-6.583535075E-1,-6.072192639E-2
8.255538374E1,1.928187460E-1,-6.636800170E-1,-5.113425106E-2
8.256050239E1,2.301041335E-1,-6.700717807E-1,-3.941598535E-2
8.256568265E1,2.641936541E-1,-6.732676625E-1,-3.302420676E-2
8.257069229E1,3.025443256E-1,-6.668758988E-1,-2.876301669E-2
8.257563463E1,3.440909088E-1,-6.466352344E-1,-2.343653329E-2
8.258078536E1,3.813762963E-1,-6.231986880E-1,-1.917534508E-2
8.258597781E1,4.058781266E-1,-6.050886512E-1,-5.326484796E-3
8.259083802E1,4.186616838E-1,-5.912398100E-1,1.171826664E-2
8.259599375E1,4.261187613E-1,-5.784562230E-1,2.343653329E-2
8.260108682E1,4.271840751E-1,-5.539544225E-1,2.769771963E-2
8.260601890E1,4.293146729E-1,-5.177342892E-1,3.622009605E-2
8.261107677E1,4.346411526E-1,-4.783183336E-1,4.687306657E-2
8.261616854E1,4.378370345E-1,-4.516859055E-1,6.072192639E-2
8.262123214E1,4.474247098E-1,-4.420982301E-1,7.457078248E-2
8.262637255E1,4.591429830E-1,-4.410329461E-1,8.628904819E-2
8.263139948E1,4.772530198E-1,-4.357064366E-1,9.694202244E-2
8.263652370E1,4.985589683E-1,-4.239881933E-1,1.043990999E-1
8.264157339E1,5.102772117E-1,-4.122699201E-1,1.086602882E-1
8.264660677E1,5.166690350E-1,-3.952251673E-1,1.139867753E-1
8.265166813E1,5.166690350E-1,-3.760498166E-1,1.182479635E-1
8.265682292E1,5.166690350E-1,-3.526133001E-1,1.225091442E-1
8.266195771E1,5.177342892E-1,-3.366338313E-1,1.246397421E-1
8.266693469E1,5.187996030E-1,-3.238502741E-1,1.278356314E-1
8.267190006E1,5.187996030E-1,-3.163931966E-1,1.246397421E-1
8.267703381E1,5.198649168E-1,-3.206543922E-1,1.193132550E-1
8.268213078E1,5.156037211E-1,-3.376991153E-1,1.075949892E-1
8.268732089E1,5.017548800E-1,-3.728539348E-1,9.907261282E-2
8.269215657E1,5.049507618E-1,-3.962904513E-1,9.374613315E-2
8.269756121E1,5.209302306E-1,-4.058781266E-1,7.670138031E-2
8.270244453E1,5.294525623E-1,-4.122699201E-1,6.285251677E-2
8.270750058E1,5.422361493E-1,-4.133352041E-1,5.113425106E-2
8.271254881E1,5.592808723E-1,-4.175963998E-1,3.622009605E-2
8.271759574E1,5.763256550E-1,-4.282493591E-1,2.450183034E-2
8.272241517E1,5.923051238E-1,-4.282493591E-1,1.491415687E-2
8.272773803E1,5.944356918E-1,-4.133352041E-1,5.326484796E-3
8.273279017E1,5.869786143E-1,-3.888333738E-1,-4.261187743E-3
8.273790861E1,5.741950274E-1,-3.696580231E-1,-8.522375487E-3
8.274297293E1,5.688685775E-1,-3.643315434E-1,-1.171826664E-2
8.274809611E1,5.699338317E-1,-3.728539348E-1,-7.457078435E-3
8.275300923E1,5.816521049E-1,-3.920292854E-1,0.000000000E0
8.275838887E1,6.040233374E-1,-4.026822448E-1,1.491415687E-2
8.276327377E1,6.317210793E-1,-4.101393223E-1,2.769771963E-2
8.276830809E1,6.551576257E-1,-4.048128426E-1,3.622009605E-2
8.277344200E1,6.711370945E-1,-3.867027760E-1,5.006895587E-2
8.277864924E1,6.743329763E-1,-3.696580231E-1,6.604841352E-2
8.278365148E1,6.594188213E-1,-3.547438681E-1,8.202786744E-2
8.278877637E1,6.285251975E-1,-3.313073516E-1,9.694202244E-2
8.279364330E1,5.805868506E-1,-2.972178459E-1,1.075949892E-1
8.279880944E1,5.283873081E-1,-2.546059787E-1,1.161173657E-1
8.280384705E1,4.708612561E-1,-2.119940966E-1,1.139867753E-1
8.280895299E1,4.080087245E-1,-1.661863178E-1,1.043990999E-1
8.281391559E1,3.472867906E-1,-1.225091442E-1,9.268083423E-2
8.281910643E1,2.972178459E-1,-8.202786744E-2,7.350549102E-2
8.282403586E1,2.514100671E-1,-4.367717355E-2,5.433014408E-2
8.282934570E1,2.087981999E-1,-1.065296936E-3,2.982831374E-2
8.283431804E1,1.693822145E-1,3.408950195E-2,-3.195890691E-3
8.283938205E1,1.384886056E-1,4.900366068E-2,-4.793836176E-2
8.284439107E1,1.001379117E-1,3.728539124E-2,-8.841964602E-2
8.284944716E1,5.326484516E-2,1.278356276E-2,-1.246397421E-1
8.285447393E1,-4.261187743E-3,-1.065296959E-2,-1.672516167E-1
8.285962627E1,-7.244019210E-2,-2.769771963E-2,-2.301041335E-1
8.286478883E1,-1.448803842E-1,-3.408950195E-2,-2.972178459E-1
8.286973294E1,-2.077329010E-1,-1.491415687E-2,-3.643315434E-1
8.287473841E1,-2.588671446E-1,2.876301669E-2,-4.229228795E-1
8.287993690E1,-3.014790416E-1,8.309315890E-2,-4.708612561E-1
8.288495222E1,-3.281114697E-1,1.342274100E-1,-5.006895661E-1
8.289002326E1,-3.376991153E-1,1.885575503E-1,-5.337137580E-1
8.289531555E1,-3.206543922E-1,2.386265099E-1,-5.582156181E-1
8.290023815E1,-2.823036909E-1,2.801730931E-1,-5.571503043E-1
8.290547644E1,-2.290388346E-1,3.185237944E-1,-5.422361493E-1
8.291054253E1,-1.597945392E-1,3.653968573E-1,-4.985589683E-1
8.291538264E1,-9.481142461E-2,4.239881933E-1,-4.282493591E-1
8.292050888E1,-4.261187837E-2,5.006895661E-1,-3.462215066E-1
8.292552811E1,-9.587672539E-3,5.986968875E-1,-2.588671446E-1
8.293076847E1,-9.587672539E-3,7.212060094E-1,-1.757739931E-1
8.293567941E1,-3.408950195E-2,8.575640321E-1,-9.800732136E-2
8.294078160E1,-7.883197069E-2,9.992485046E-1,-2.237123623E-2
8.294606191E1,-1.363580078E-1,1.137737155E0,4.580776766E-2
8.295110009E1,-1.970799267E-1,1.260246277E0,1.001379117E-1
8.295612446E1,-2.524753809E-1,1.363580108E0,1.395539045E-1
8.296119665E1,-3.036096394E-1,1.449869156E0,1.544680595E-1
8.296612321E1,-3.483521044E-1,1.519113421E0,1.587292403E-1
8.297126608E1,-3.877680898E-1,1.574508905E0,1.502068639E-1
8.297628280E1,-4.197269976E-1,1.622447252E0,1.310315281E-1
8.298144066E1,-4.463594258E-1,1.657602072E0,1.001379117E-1
8.298635545E1,-4.644694626E-1,1.683169127E0,6.072192639E-2
8.299144592E1,-4.729918540E-1,1.714062810E0,1.597945392E-2
8.299655092E1,-4.655347466E-1,1.746021628E0,-4.261187837E-2
8.300171952E1,-4.335758388E-1,1.789698839E0,-1.086602882E-1
8.300661665E1,-3.888333738E-1,1.825918913E0,-1.651210189E-1
8.301176077E1,-3.345032334E-1,1.863204360E0,-1.949493438E-1
8.301674759E1,-2.780424953E-1,1.887706161E0,-2.162552774E-1
8.302197025E1,-2.386265099E-1,1.896228552E0,-2.279735506E-1
8.302689619E1,-2.183858752E-1,1.897293806E0,-2.269082516E-1
8.303206483E1,-2.034717202E-1,1.904750943E0,-2.237123549E-1
8.303732072E1,-1.960146427E-1,1.927122116E0,-2.205164731E-1
8.304258431E1,-1.960146427E-1,1.960146308E0,-2.119940966E-1
8.304737614E1,-2.045370042E-1,1.982517600E0,-1.960146427E-1
8.305237036E1,-2.269082516E-1,1.975060463E0,-1.661863178E-1
8.305739510E1,-2.663242221E-1,1.944166899E0,-1.246397421E-1
8.306244728E1,-3.185237944E-1,1.895163298E0,-6.498311460E-2
8.306766046E1,-3.653968573E-1,1.850420833E0,9.587672539E-3
8.307287567E1,-4.069434404E-1,1.830180168E0,8.628904819E-2
8.307786359E1,-4.559471011E-1,1.831245422E0,1.565986425E-1
8.308274098E1,-5.134730935E-1,1.848290205E0,2.141246796E-1
8.308775817E1,-5.741950274E-1,1.871726751E0,2.546059787E-1
8.309338510E1,-6.370475888E-1,1.896228552E0,2.844342887E-1
8.309795614E1,-6.999000907E-1,1.913273335E0,3.174584806E-1
8.310306828E1,-7.574261427E-1,1.910077453E0,3.494173884E-1
8.310804500E1,-8.085603714E-1,1.872792006E0,3.739192188E-1
8.311327078E1,-8.543681502E-1,1.787568212E0,3.898986876E-1
8.311824969E1,-8.980453014E-1,1.699148655E0,3.856374919E-1
8.312334193E1,-9.545060396E-1,1.607533097E0,3.803110123E-1
8.312853760E1,-1.010966778E0,1.509525776E0,3.867027760E-1
8.313354088E1,-1.067427516E0,1.404061317E0,3.685927391E-1
8.313859568E1,-1.121757627E0,1.313511133E0,3.376991153E-1
8.314365594E1,-1.163304210E0,1.261311531E0,3.068055212E-1
8.314866224E1,-1.183544874E0,1.243201494E0,2.865648866E-1
8.315375537E1,-1.185675502E0,1.244266868E0,2.876301706E-1
8.315893183E1,-1.180348992E0,1.267703295E0,3.036096394E-1
8.316387682E1,-1.172891974E0,1.280486941E0,3.174584806E-1
8.316894865E1,-1.160108328E0,1.264507413E0,3.355685472E-1
8.317424985E1,-1.136671782E0,1.217634439E0,3.451561928E-1
8.317912178E1,-1.131345391E0,1.147324800E0,3.185237944E-1
8.318433704E1,-1.148390055E0,1.090864062E0,2.908260524E-1
8.318921558E1,-1.178218365E0,1.035468578E0,2.737812996E-1
8.319431188E1,-1.222960830E0,9.822037816E-1,2.524753809E-1
8.319934214E1,-1.267703295E0,9.417225122E-1,2.301041335E-1
8.320444631E1,-1.297531724E0,9.108288884E-1,2.269082516E-1
8.320953855E1,-1.315641761E0,8.778046966E-1,2.364959270E-1
8.321463058E1,-1.332686424E0,8.330622315E-1,2.418224066E-1
8.321959152E1,-1.342274189E0,7.947115302E-1,2.418224066E-1
8.322476178E1,-1.345470071E0,7.627525926E-1,2.333000302E-1
8.322978881E1,-1.333751798E0,7.339895964E-1,2.205164731E-1
8.323487814E1,-1.294335723E0,6.881818175E-1,2.087981999E-1
8.323995480E1,-1.243201494E0,6.178722382E-1,1.885575503E-1
8.324534610E1,-1.194197893E0,5.539544225E-1,1.683169156E-1
8.325026069E1,-1.144128919E0,4.900365770E-1,1.480762810E-1
8.325525558E1,-1.087668180E0,4.325105548E-1,1.299662292E-1
8.326019595E1,-1.033338070E0,3.653968573E-1,1.171826646E-1
8.326537335E1,-9.800731540E-1,2.929566503E-1,1.022685021E-1
8.327038137E1,-9.300042391E-1,2.247776538E-1,8.948494494E-2
8.327549986E1,-8.799352646E-1,1.587292403E-1,8.309315890E-2
8.328043788E1,-8.309316039E-1,8.096256852E-2,8.415845782E-2
8.328583090E1,-7.808626294E-1,-1.065296936E-3,9.055023640E-2
8.329064106E1,-7.297284007E-1,-8.202786744E-2,9.481142461E-2
8.329604897E1,-6.775288582E-1,-1.683169156E-1,9.055023640E-2
8.330078455E1,-6.242640018E-1,-2.546059787E-1,8.628904819E-2
8.330609090E1,-5.624767542E-1,-3.472867906E-1,9.055023640E-2
8.331094570E1,-4.911018908E-1,-4.420982301E-1,9.374613315E-2
8.331629918E1,-4.154658020E-1,-5.433014631E-1,9.055023640E-2
8.332107835E1,-3.376991153E-1,-6.423740387E-1,7.989726961E-2
8.332621752E1,-2.673895359E-1,-7.286630869E-1,5.965662748E-2
8.333120997E1,-2.066676021E-1,-8.053644896E-1,3.515479714E-2
8.333645252E1,-1.512721628E-1,-8.724781871E-1,1.065296959E-2
8.334139570E1,-1.086602882E-1,-9.300042391E-1,-1.704475097E-2
8.334649085E1,-7.989726961E-2,-9.736813903E-1,-5.433014408E-2
8.335152304E1,-4.580776766E-2,-1.005640268E0,-8.522375673E-2
8.335660945E1,1.065296959E-2,-1.025880933E0,-9.481142461E-2
8.336162544E1,7.670138031E-2,-1.036533952E0,-9.907261282E-2
8.336721403E1,1.310315281E-1,-1.016293287E0,-1.171826646E-1
8.337200034E1,1.608598381E-1,-9.598325491E-1,-1.448803842E-1
8.337713466E1,1.768392920E-1,-8.820658922E-1,-1.768392920E-1
8.338191706E1,1.704475135E-1,-8.064298034E-1,-2.183858752E-1
8.338705815E1,1.587292403E-1,-7.382507920E-1,-2.535406649E-1
8.339205612E1,1.640557349E-1,-6.807247400E-1,-2.716507316E-1
8.339727362E1,1.608598381E-1,-6.306557655E-1,-2.769772112E-1
8.340229972E1,1.246397421E-1,-5.795215368E-1,-2.844342887E-1
8.340732924E1,5.113425106E-2,-5.241261125E-1,-2.865648866E-1
8.341235826E1,-4.154657945E-2,-4.389023483E-1,-2.801730931E-1
8.341743404E1,-1.352927089E-1,-3.121320009E-1,-2.631283402E-1
8.342245144E1,-2.290388346E-1,-1.715128124E-1,-2.482141852E-1
8.342792513E1,-3.270461559E-1,-4.687306657E-2,-2.364959270E-1
8.343271185E1,-4.218575954E-1,3.728539124E-2,-2.151899785E-1
8.343788237E1,-4.996242523E-1,9.587672353E-2,-2.002758235E-1
8.344282868E1,-5.656726956E-1,1.406191885E-1,-1.928187460E-1
8.344788206E1,-6.231986880E-1,1.672516167E-1,-1.811004728E-1
8.345298425E1,-6.732676625E-1,1.853616685E-1,-1.565986425E-1
8.345802144E1,-7.148142457E-1,1.938840449E-1,-1.097255871E-1
8.346308170E1,-7.393160462E-1,1.587292403E-1,-5.006895587E-2
8.346827113E1,-7.382507920E-1,7.776667923E-2,1.597945392E-2
8.347338097E1,-6.679411530E-1,3.835069016E-2,9.268083423E-2
8.347856535E1,-5.486279130E-1,5.326484516E-2,1.640557349E-1
8.348333061E1,-4.197269976E-1,1.118561774E-1,2.247776538E-1
8.348848321E1,-3.046749234E-1,1.683169156E-1,2.737812996E-1
8.349348191E1,-2.205164731E-1,1.448803842E-1,3.313073516E-1
8.349861733E1,-1.608598381E-1,3.515479714E-2,4.218575954E-1
8.350374801E1,-1.022685021E-1,-1.278356314E-1,5.390402675E-1
8.350885066E1,-3.515479714E-2,-3.004137278E-1,6.562229395E-1
8.351378743E1,1.917534508E-2,-4.197269976E-1,7.339895964E-1
8.351903410E1,3.515479714E-2,-4.506205916E-1,7.680791020E-1
8.352391332E1,0.000000000E0,-3.600703776E-1,7.648832202E-1
8.352906707E1,-7.563608140E-2,-1.161173657E-1,7.382507920E-1
8.353405233E1,-1.448803842E-1,1.619251370E-1,7.212060094E-1
8.353917442E1,-1.885575503E-1,2.886954844E-1,7.126836777E-1
8.354448296E1,-1.917534471E-1,2.599324584E-1,6.881818175E-1
8.354943212E1,-1.651210189E-1,1.480762810E-1,6.317210793E-1
8.355429874E1,-1.043990999E-1,5.326484796E-3,5.475625992E-1
8.355954572E1,-6.391781382E-3,-1.683169156E-1,4.346411526E-1
8.356454223E1,1.320968270E-1,-3.835068941E-1,2.993484437E-1
8.356977223E1,3.025443256E-1,-6.178722382E-1,1.448803842E-1
8.357477447E1,4.580776691E-1,-8.341274858E-1,1.171826664E-2
8.357991244E1,5.827174187E-1,-1.025880933E0,-1.043990999E-1
8.358478473E1,6.722023487E-1,-1.170761347E0,-2.109287977E-1
8.358990166E1,7.318589687E-1,-1.285813451E0,-3.046749234E-1
8.359491380E1,7.680791020E-1,-1.397669554E0,-3.973557651E-1
8.360003676E1,7.957767844E-1,-1.514852285E0,-4.825794995E-1
8.360506624E1,8.053644896E-1,-1.610728979E0,-5.550196767E-1
8.361027130E1,7.861891389E-1,-1.676777363E0,-6.082845330E-1
8.361519609E1,7.531649470E-1,-1.714062810E0,-6.349169612E-1
8.362036135E1,7.073571682E-1,-1.717258692E0,-6.402434707E-1
8.362537984E1,6.583535075E-1,-1.691691518E0,-6.402434707E-1
8.363062015E1,6.189374924E-1,-1.623512506E0,-6.338516474E-1
8.363552807E1,6.008274555E-1,-1.521244049E0,-6.210681200E-1
8.364081344E1,5.976315737E-1,-1.395539045E0,-6.018927693E-1
8.364559490E1,6.104151607E-1,-1.257050395E0,-5.752603412E-1
8.365074042E1,6.338516474E-1,-1.104712963E0,-5.401055217E-1
8.365575505E1,6.679411530E-1,-9.545060396E-1,-4.985589683E-1
8.366088125E1,7.137489319E-1,-8.330622315E-1,-4.506205916E-1
8.366593604E1,7.595567107E-1,-7.457078695E-1,-3.920292854E-1
8.367105927E1,8.011032939E-1,-6.913776994E-1,-3.313073516E-1
8.367607287E1,8.245398402E-1,-6.668758988E-1,-2.780424953E-1
8.368116776E1,8.319969177E-1,-6.477005482E-1,-2.364959270E-1
8.368632094E1,8.213439584E-1,-6.242640018E-1,-1.981452256E-1
8.369136657E1,8.032338619E-1,-5.848480463E-1,-1.651210189E-1
8.369643870E1,7.787320614E-1,-5.315831900E-1,-1.374233067E-1
8.370146469E1,7.446425557E-1,-4.836448133E-1,-1.161173657E-1
8.370657756E1,7.137489319E-1,-4.367717505E-1,-1.033338010E-1
8.371161198E1,7.009654045E-1,-3.867027760E-1,-9.268083423E-2
8.371671501E1,7.062918544E-1,-3.366338313E-1,-8.522375673E-2
8.372182490E1,7.297284007E-1,-2.918913662E-1,-8.096256852E-2
8.372680996E1,7.616873384E-1,-2.471488863E-1,-7.563608140E-2
8.373186896E1,8.000379801E-1,-1.960146427E-1,-6.817900389E-2
8.373705944E1,8.373233676E-1,-1.395539045E-1,-5.113425106E-2
8.374172058E1,8.682169914E-1,-8.309315890E-2,-3.302420676E-2
8.374704636E1,8.959147334E-1,-1.917534508E-2,-1.811004803E-2
8.375231819E1,9.193512797E-1,4.367717355E-2,-8.522375487E-3
8.375718074E1,9.332001209E-1,1.054643989E-1,-5.326484796E-3
8.376232350E1,9.395918846E-1,1.587292403E-1,-4.261187743E-3
8.376739699E1,9.374613166E-1,1.896228492E-1,-1.917534508E-2
8.377243944E1,9.268083572E-1,2.002758235E-1,-3.835069016E-2
8.377750621E1,9.076330066E-1,1.874922663E-1,-6.072192639E-2
8.378261756E1,8.831311464E-1,1.502068639E-1,-8.841964602E-2
8.378762954E1,8.511722684E-1,9.800732136E-2,-1.193132550E-1
8.379280147E1,8.138868809E-1,2.876301669E-2,-1.491415650E-1
8.379774887E1,7.723402977E-1,-4.580776766E-2,-1.789698899E-1
8.380292335E1,7.275978327E-1,-1.129214764E-1,-2.087981999E-1
8.380841252E1,6.817900538E-1,-1.768392920E-1,-2.418224066E-1
8.381300194E1,6.295905113E-1,-2.375612110E-1,-2.673895359E-1
8.381804486E1,5.699338317E-1,-2.854995728E-1,-2.886954844E-1
8.382312231E1,5.124078393E-1,-3.195890784E-1,-3.046749234E-1
8.382824549E1,4.559471011E-1,-3.355685472E-1,-3.153278828E-1
8.383332965E1,4.058781266E-1,-3.472867906E-1,-3.238502741E-1
8.383829934E1,3.558091819E-1,-3.664621413E-1,-3.270461559E-1
8.384348892E1,3.142625988E-1,-3.867027760E-1,-3.281114697E-1
8.384861679E1,2.759118974E-1,-4.122699201E-1,-3.302420378E-1
8.385367231E1,2.364959270E-1,-4.367717505E-1,-3.334379494E-1
8.385838591E1,2.013411224E-1,-4.655347466E-1,-3.376991153E-1
8.386375278E1,1.693822145E-1,-4.964283705E-1,-3.430256248E-1
8.386877304E1,1.459456831E-1,-5.198649168E-1,-3.526133001E-1
8.387404002E1,1.310315281E-1,-5.379749537E-1,-3.568744659E-1
8.387907362E1,1.193132550E-1,-5.571503043E-1,-3.643315434E-1
8.388402888E1,1.075949892E-1,-5.795215368E-1,-3.653968573E-1
8.388910789E1,1.075949892E-1,-5.933703780E-1,-3.632662594E-1
8.389417226E1,1.203785539E-1,-5.986968875E-1,-3.611356616E-1
8.389916305E1,1.352927089E-1,-6.061539650E-1,-3.515479863E-1
8.390448070E1,1.502068639E-1,-6.242640018E-1,-3.387644291E-1
8.390946247E1,1.693822145E-1,-6.349169612E-1,-3.195890784E-1
8.391452560E1,1.981452256E-1,-6.359822750E-1,-3.004137278E-1
8.391947346E1,2.194511741E-1,-6.540923119E-1,-2.769772112E-1
8.392460409E1,2.322347313E-1,-6.817900538E-1,-2.503447831E-1
8.392928372E1,2.439530045E-1,-7.062918544E-1,-2.183858752E-1
8.393477518E1,2.524753809E-1,-7.265325189E-1,-1.832310706E-1
8.393988357E1,2.631283402E-1,-7.435772419E-1,-1.523374617E-1
8.394487570E1,2.823036909E-1,-7.489037514E-1,-1.214438528E-1
8.394986789E1,3.089361191E-1,-7.350549102E-1,-9.481142461E-2
8.395506430E1,3.302420378E-1,-7.201407552E-1,-6.817900389E-2
8.396006316E1,3.451561928E-1,-7.030959725E-1,-4.261187837E-2
8.396514680E1,3.536785841E-1,-6.871165037E-1,-2.024064213E-2
8.397018191E1,3.515479863E-1,-6.722023487E-1,1.065296936E-3
8.397534430E1,3.451561928E-1,-6.540923119E-1,1.917534508E-2
8.398049279E1,3.419603109E-1,-6.285251975E-1,3.195890784E-2
8.398547248E1,3.462215066E-1,-5.923051238E-1,3.622009605E-2
8.399067264E1,3.579397798E-1,-5.507585406E-1,4.048128426E-2
8.399562941E1,3.675274551E-1,-5.049507618E-1,4.687306657E-2
8.400062087E1,3.675274551E-1,-4.612735808E-1,4.367717355E-2
8.400577071E1,3.600703776E-1,-4.303799570E-1,4.261187837E-2
8.401073879E1,3.398297131E-1,-4.112046063E-1,4.580776766E-2
8.401584696E1,3.195890784E-1,-4.080087245E-1,4.474247247E-2
8.402091556E1,3.036096394E-1,-4.218575954E-1,4.154657945E-2
8.402623050E1,2.833689749E-1,-4.516859055E-1,3.622009605E-2
8.403108853E1,2.684548199E-1,-4.772530198E-1,3.515479714E-2
8.403618379E1,2.609977424E-1,-4.964283705E-1,3.089361079E-2
8.404118660E1,2.599324584E-1,-5.038854480E-1,2.769771963E-2
8.404627910E1,2.546059787E-1,-5.017548800E-1,2.556712553E-2
8.405133994E1,2.514100671E-1,-4.836448133E-1,2.450183034E-2
8.405646244E1,2.524753809E-1,-4.527511895E-1,2.343653329E-2
8.406145655E1,2.631283402E-1,-4.186616838E-1,2.450183034E-2
8.406665848E1,2.695201337E-1,-3.984210491E-1,2.024064213E-2
8.407158421E1,2.695201337E-1,-3.898986876E-1,1.597945392E-2
8.407675056E1,2.695201337E-1,-3.824416101E-1,1.278356276E-2
8.408182687E1,2.716507316E-1,-3.771151006E-1,1.171826664E-2
8.408691186E1,2.695201337E-1,-3.835068941E-1,1.171826664E-2
8.409191046E1,2.652589381E-1,-4.037475288E-1,1.278356276E-2
8.409693244E1,2.641936541E-1,-4.293146729E-1,9.587672539E-3
8.410219765E1,2.652589381E-1,-4.612735808E-1,7.457078435E-3
8.410722202E1,2.748466134E-1,-4.889712930E-1,8.522375487E-3
8.411222296E1,2.812383771E-1,-5.134730935E-1,4.261187743E-3
8.411730723E1,2.897607684E-1,-5.358443856E-1,0.000000000E0
8.412232130E1,3.078708053E-1,-5.433014631E-1,-3.195890691E-3
8.412749255E1,3.291767538E-1,-5.422361493E-1,-2.130593872E-3
8.413248869E1,3.558091819E-1,-5.326484442E-1,-1.065296936E-3
8.413762744E1,3.813762963E-1,-5.145384073E-1,0.000000000E0
8.414264479E1,4.080087245E-1,-4.889712930E-1,4.261187743E-3
8.414793739E1,4.325105548E-1,-4.623388648E-1,8.522375487E-3
8.415277661E1,4.527511895E-1,-4.420982301E-1,1.065296959E-2
8.415822297E1,4.697959423E-1,-4.282493591E-1,1.811004803E-2
8.416293375E1,4.857754111E-1,-4.197269976E-1,2.237123623E-2
8.416796958E1,5.038854480E-1,-4.101393223E-1,2.556712553E-2
8.417309313E1,5.305178761E-1,-3.994863629E-1,2.663242258E-2
8.417824141E1,5.550196767E-1,-3.909639716E-1,3.622009605E-2
8.418322292E1,5.752603412E-1,-3.835068941E-1,4.048128426E-2
8.418837276E1,5.923051238E-1,-3.739192188E-1,4.367717355E-2
8.419336266E1,6.050886512E-1,-3.611356616E-1,4.900366068E-2
8.419848979E1,6.082845330E-1,-3.472867906E-1,5.113425106E-2
8.420349172E1,6.040233374E-1,-3.376991153E-1,5.219954997E-2
8.420869558E1,5.955010056E-1,-3.313073516E-1,5.326484516E-2
8.421367667E1,5.869786143E-1,-3.302420378E-1,4.687306657E-2
8.421896120E1,5.784562230E-1,-3.398297131E-1,4.154657945E-2
8.422381058E1,5.603461862E-1,-3.419603109E-1,4.793836176E-2
8.422885506E1,5.305178761E-1,-3.366338313E-1,5.433014408E-2
8.423386417E1,4.889712930E-1,-3.313073516E-1,5.326484516E-2
8.423898381E1,4.378370345E-1,-3.206543922E-1,5.433014408E-2
8.424407230E1,3.824416101E-1,-3.057402074E-1,4.900366068E-2
8.424927412E1,3.227849603E-1,-2.982831299E-1,3.941598535E-2
8.425423766E1,2.652589381E-1,-2.844342887E-1,3.195890784E-2
8.425946553E1,2.045370042E-1,-2.705854177E-1,1.491415687E-2
8.426437782E1,1.502068639E-1,-2.609977424E-1,-8.522375487E-3
8.426941375E1,9.907261282E-2,-2.492794842E-1,-4.367717355E-2
8.427441407E1,5.326484516E-2,-2.354306281E-1,-7.350549102E-2
8.427960386E1,7.457078435E-3,-2.311694324E-1,-1.022685021E-1
8.428470465E1,-4.048128426E-2,-2.311694324E-1,-1.310315281E-1
8.428970449E1,-9.694202244E-2,-2.407571077E-1,-1.608598381E-1
8.429474793E1,-1.597945392E-1,-2.524753809E-1,-1.981452256E-1
8.429986512E1,-2.258429527E-1,-2.727160156E-1,-2.482141852E-1
8.430511178E1,-2.865648866E-1,-2.812383771E-1,-3.025443256E-1
8.430999439E1,-3.387644291E-1,-2.705854177E-1,-3.536785841E-1
8.431468512E1,-3.877680898E-1,-2.514100671E-1,-4.037475288E-1
8.432018923E1,-4.197269976E-1,-2.173205763E-1,-4.570123851E-1
8.432516064E1,-4.303799570E-1,-1.768392920E-1,-5.070813298E-1
8.433035569E1,-4.197269976E-1,-1.384886056E-1,-5.486279130E-1
8.433539877E1,-3.898986876E-1,-1.086602882E-1,-5.773909688E-1
8.434056710E1,-3.398297131E-1,-7.776667923E-2,-5.965662599E-1
8.434550387E1,-2.759118974E-1,-3.941598535E-2,-5.901744962E-1
8.435070793E1,-2.087981999E-1,7.457078435E-3,-5.486279130E-1
8.435569356E1,-1.459456831E-1,7.457078248E-2,-4.857754111E-1
8.436079872E1,-1.012032107E-1,1.704475135E-1,-4.122699201E-1
8.436598955E1,-8.096256852E-2,2.908260524E-1,-3.313073516E-1
8.437106814E1,-8.202786744E-2,4.389023483E-1,-2.556712627E-1
8.437586002E1,-1.022685021E-1,6.061539650E-1,-1.864269674E-1
8.438102497E1,-1.331621110E-1,7.776667476E-1,-1.214438528E-1
8.438621596E1,-1.715128124E-1,9.342654347E-1,-5.965662748E-2
8.439132122E1,-2.024064213E-1,1.070623398E0,-5.326484796E-3
8.439619580E1,-2.322347313E-1,1.184610248E0,3.515479714E-2
8.440133731E1,-2.567365468E-1,1.279421568E0,6.498311460E-2
8.440628200E1,-2.748466134E-1,1.356122971E0,8.522375673E-2
8.441146289E1,-2.886954844E-1,1.411518455E0,9.268083423E-2
8.441642648E1,-2.982831299E-1,1.448803782E0,9.055023640E-2
8.442157575E1,-3.068055212E-1,1.479697466E0,7.776667923E-2
8.442661695E1,-3.142625988E-1,1.510591030E0,5.006895587E-2
8.443182664E1,-3.195890784E-1,1.539354086E0,1.278356276E-2
8.443689070E1,-3.174584806E-1,1.572378278E0,-2.769771963E-2
8.444207159E1,-3.110667169E-1,1.612859607E0,-6.817900389E-2
8.444688393E1,-3.089361191E-1,1.656536698E0,-9.907261282E-2
8.445206346E1,-3.131972849E-1,1.697018027E0,-1.171826646E-1
8.445703498E1,-3.153278828E-1,1.742825747E0,-1.331621110E-1
8.446216362E1,-3.195890784E-1,1.800351858E0,-1.459456831E-1
8.446732003E1,-3.238502741E-1,1.864269614E0,-1.480762810E-1
8.447229294E1,-3.291767538E-1,1.919665098E0,-1.416844875E-1
8.447729706E1,-3.387644291E-1,1.961211681E0,-1.352927089E-1
8.448241253E1,-3.515479863E-1,1.982517600E0,-1.352927089E-1
8.448748982E1,-3.653968573E-1,1.997431755E0,-1.320968270E-1
8.449262810E1,-3.856374919E-1,2.003823519E0,-1.171826646E-1
8.449790310E1,-4.154658020E-1,1.989974618E0,-9.481142461E-2
8.450271680E1,-4.559471011E-1,1.950558662E0,-5.752603337E-2
8.450770399E1,-5.060160160E-1,1.916469216E0,-6.391781382E-3
8.451285368E1,-5.496932268E-1,1.904750943E0,4.261187837E-2
8.451800654E1,-5.848480463E-1,1.909012079E0,8.841964602E-2
8.452302217E1,-6.093498468E-1,1.918599725E0,1.459456831E-1
8.452801201E1,-6.359822750E-1,1.926056862E0,2.130593807E-1
8.453315722E1,-6.711370945E-1,1.929252744E0,2.759118974E-1
8.453823050E1,-6.999000907E-1,1.946297526E0,3.259808719E-1
8.454328524E1,-7.265325189E-1,1.954819918E0,3.760498166E-1
8.454833374E1,-7.670137882E-1,1.943101645E0,4.335758388E-1
8.455343561E1,-7.989727259E-1,1.924991608E0,4.815142155E-1
8.455857030E1,-8.117562532E-1,1.893032670E0,5.134730935E-1
8.456364853E1,-8.181480169E-1,1.813135386E0,5.294525623E-1
8.456855270E1,-8.383886814E-1,1.677842617E0,5.294525623E-1
8.457372301E1,-8.522375226E-1,1.529766440E0,5.241261125E-1
8.457875655E1,-8.319969177E-1,1.398734927E0,5.070813298E-1
8.458385520E1,-8.011032939E-1,1.304988742E0,4.548817873E-1
8.458893244E1,-8.000379801E-1,1.242136240E0,4.048128426E-1
8.459406587E1,-8.362581134E-1,1.203785539E0,3.739192188E-1
8.459903754E1,-8.991106153E-1,1.215503812E0,3.536785841E-1
8.460427030E1,-9.640937448E-1,1.276225686E0,3.387644291E-1
8.460915312E1,-1.031207442E0,1.345470071E0,3.174584806E-1
8.461431879E1,-1.099386454E0,1.404061317E0,2.940219641E-1
8.461931530E1,-1.153716564E0,1.426432610E0,2.961525619E-1
8.462441603E1,-1.193132520E0,1.405126691E0,3.259808719E-1
8.462943635E1,-1.221895576E0,1.347600579E0,3.664621413E-1
8.463470973E1,-1.250658631E0,1.261311531E0,3.813762963E-1
8.463958338E1,-1.276225686E0,1.152651310E0,3.590050638E-1
8.464471937E1,-1.289009333E0,1.049317479E0,3.270461559E-1
8.464975614E1,-1.297531724E0,9.470489621E-1,3.153278828E-1
8.465619093E1,-1.310315251E0,8.394539952E-1,3.227849603E-1
8.466004187E1,-1.319902897E0,7.520996332E-1,3.131972849E-1
8.466500192E1,-1.320968151E0,6.988347769E-1,2.929566503E-1
8.467009890E1,-1.308184624E0,6.583535075E-1,2.727160156E-1
8.467509817E1,-1.282617569E0,6.242640018E-1,2.535406649E-1
8.468014229E1,-1.235744476E0,5.816521049E-1,2.396918088E-1
8.468531437E1,-1.175022483E0,5.347790718E-1,2.258429527E-1
8.469037057E1,-1.115365863E0,4.911018908E-1,2.151899785E-1
8.469543266E1,-1.052513361E0,4.431635141E-1,2.066676021E-1
8.470041297E1,-9.875302315E-1,3.845722079E-1,1.938840449E-1
8.470568464E1,-9.278736115E-1,3.142625988E-1,1.800351888E-1
8.471058255E1,-8.639557958E-1,2.375612110E-1,1.704475135E-1
8.471571537E1,-8.000379801E-1,1.651210189E-1,1.608598381E-1
8.472069318E1,-7.382507920E-1,9.907261282E-2,1.565986425E-1
8.472588474E1,-6.775288582E-1,3.408950195E-2,1.587292403E-1
8.473095308E1,-6.242640018E-1,-3.195890784E-2,1.715128124E-1
8.473612511E1,-5.784562230E-1,-9.587672353E-2,1.800351888E-1
8.474125834E1,-5.337137580E-1,-1.587292403E-1,1.757739931E-1
8.474618256E1,-4.889712930E-1,-2.194511741E-1,1.704475135E-1
8.475124152E1,-4.367717505E-1,-2.801730931E-1,1.747086942E-1
8.475642167E1,-3.845722079E-1,-3.419603109E-1,1.672516167E-1
8.476135433E1,-3.227849603E-1,-4.133352041E-1,1.534027606E-1
8.476642594E1,-2.514100671E-1,-5.017548800E-1,1.352927089E-1
8.477142693E1,-1.779045910E-1,-5.944356918E-1,1.054643989E-1
8.477652391E1,-1.075949892E-1,-6.839206219E-1,6.604841352E-2
8.478152319E1,-4.367717355E-2,-7.680791020E-1,2.556712553E-2
8.478660928E1,1.065296959E-2,-8.490416408E-1,-2.130593918E-2
8.479162584E1,6.498311460E-2,-9.342654347E-1,-7.137489319E-2
8.479680522E1,1.161173657E-1,-1.014162660E0,-1.214438528E-1
8.480184115E1,1.693822145E-1,-1.083406925E0,-1.629904360E-1
8.480704423E1,2.418224066E-1,-1.140933037E0,-1.842963696E-1
8.481203897E1,3.078708053E-1,-1.183544874E0,-2.002758235E-1
8.481721944E1,3.622009456E-1,-1.193132520E0,-2.237123549E-1
8.482223111E1,3.877680898E-1,-1.170761347E0,-2.535406649E-1
8.482759480E1,3.952251673E-1,-1.136671782E0,-2.876301706E-1
8.483241647E1,3.898986876E-1,-1.113235354E0,-3.206543922E-1
8.483733814E1,3.675274551E-1,-1.098321199E0,-3.547438681E-1
8.484237033E1,3.227849603E-1,-1.081276417E0,-3.835068941E-1
8.484757809E1,2.684548199E-1,-1.057839870E0,-3.962904513E-1
8.485257517E1,2.066676021E-1,-1.021619797E0,-3.962904513E-1
8.485764199E1,1.267703325E-1,-9.555713534E-1,-3.877680898E-1
8.486267595E1,3.408950195E-2,-8.639557958E-1,-3.717886209E-1
8.486783028E1,-6.498311460E-2,-7.520996332E-1,-3.632662594E-1
8.487277689E1,-1.715128124E-1,-6.200028062E-1,-3.696580231E-1
8.487807476E1,-2.908260524E-1,-4.793836176E-1,-3.930945694E-1
8.488294262E1,-4.101393223E-1,-3.536785841E-1,-4.112046063E-1
8.488806054E1,-5.187996030E-1,-2.716507316E-1,-4.122699201E-1
8.489308528E1,-6.125457287E-1,-2.269082516E-1,-4.016169310E-1
8.489819971E1,-7.009654045E-1,-2.013411224E-1,-3.898986876E-1
8.490319841E1,-7.829932570E-1,-1.906881481E-1,-3.696580231E-1
8.490836596E1,-8.586293459E-1,-1.960146427E-1,-3.376991153E-1
8.491334872E1,-9.214818478E-1,-2.215817571E-1,-2.929566503E-1
8.491846289E1,-9.651589990E-1,-2.609977424E-1,-2.354306281E-1
8.492349388E1,-9.790078998E-1,-2.556712627E-1,-1.683169156E-1
8.492862601E1,-9.523754716E-1,-1.747086942E-1,-9.161553532E-2
8.493371513E1,-9.108288884E-1,-4.154657945E-2,-6.391781382E-3
8.493879023E1,-8.682169914E-1,9.694202244E-2,7.883197069E-2
8.494383341E1,-8.288010359E-1,1.811004728E-1,1.736433953E-1
8.494897711E1,-7.893850207E-1,1.502068639E-1,2.791078091E-1
8.495393299E1,-7.361201644E-1,9.587672539E-3,3.920292854E-1
8.495902565E1,-6.551576257E-1,-1.715128124E-1,4.942977726E-1
8.496408065E1,-5.496932268E-1,-3.334379494E-1,5.656726956E-1
8.496918148E1,-4.474247098E-1,-4.506205916E-1,6.018927693E-1
8.497418513E1,-3.803110123E-1,-5.006895661E-1,6.082845330E-1
8.497934378E1,-3.685927391E-1,-4.708612561E-1,5.891091824E-1
8.498457253E1,-4.016169310E-1,-3.558091819E-1,5.433014631E-1
8.498947742E1,-4.389023483E-1,-2.013411224E-1,5.049507618E-1
8.499449190E1,-4.559471011E-1,-9.161553532E-2,4.900365770E-1
8.499970638E1,-4.580776691E-1,-5.752603337E-2,4.964283705E-1
8.500466503E1,-4.623388648E-1,-6.178722158E-2,5.124078393E-1
8.500981790E1,-4.666000605E-1,-7.670138031E-2,5.241261125E-1
8.501490738E1,-4.442288280E-1,-1.107908785E-1,5.113425255E-1
8.501991508E1,-4.037475288E-1,-1.789698899E-1,4.729918540E-1
8.502490863E1,-3.387644291E-1,-2.791078091E-1,4.144005179E-1
8.503004154E1,-2.556712627E-1,-4.026822448E-1,3.366338313E-1
8.503511410E1,-1.629904360E-1,-5.305178761E-1,2.364959270E-1
8.504015003E1,-6.072192639E-2,-6.626147032E-1,1.310315281E-1
8.504528951E1,5.646073818E-2,-7.925809026E-1,2.769771963E-2
8.505049373E1,2.002758235E-1,-9.289389253E-1,-7.989726961E-2
8.505545561E1,3.504827023E-1,-1.072754025E0,-1.800351888E-1
8.506056618E1,4.911018908E-1,-1.237874985E0,-2.780424953E-1
8.506581274E1,6.178722382E-1,-1.402996063E0,-3.653968573E-1
8.507077269E1,7.297284007E-1,-1.554268241E0,-4.442288280E-1
8.507575712E1,8.288010359E-1,-1.672516227E0,-5.070813298E-1
8.508087920E1,9.076330066E-1,-1.753478765E0,-5.486279130E-1
8.508585671E1,9.704855084E-1,-1.796090603E0,-5.667379498E-1
8.509109384E1,1.013097405E0,-1.801417112E0,-5.678032637E-1
8.509616551E1,1.026946187E0,-1.771588802E0,-5.720644593E-1
8.510117561E1,1.008836150E0,-1.688495636E0,-5.752603412E-1
8.510626452E1,9.587672353E-1,-1.551072359E0,-5.678032637E-1
8.511121744E1,8.692823052E-1,-1.346535325E0,-5.464973450E-1
8.511629640E1,7.446425557E-1,-1.096190572E0,-5.124078393E-1
8.512142197E1,5.891091824E-1,-8.149521351E-1,-4.644694626E-1
8.512661025E1,4.250534773E-1,-5.305178761E-1,-4.133352041E-1
8.513162129E1,2.801730931E-1,-2.812383771E-1,-3.696580231E-1
8.513675077E1,1.629904360E-1,-7.989726961E-2,-3.483521044E-1
8.514180749E1,8.628904819E-2,5.006895587E-2,-3.398297131E-1
8.514676348E1,4.687306657E-2,8.522375673E-2,-3.451561928E-1
8.515188994E1,3.941598535E-2,5.006895587E-2,-3.622009456E-1
8.515684364E1,6.924430281E-2,-3.089361079E-2,-3.771151006E-1
8.516205067E1,1.129214764E-1,-1.214438528E-1,-3.803110123E-1
8.516708385E1,1.587292403E-1,-1.981452256E-1,-3.792456985E-1
8.517214953E1,2.077329010E-1,-2.396918088E-1,-3.760498166E-1
8.517714942E1,2.567365468E-1,-2.439530045E-1,-3.717886209E-1
8.518235203E1,3.068055212E-1,-2.343653291E-1,-3.675274551E-1
8.518734130E1,3.600703776E-1,-2.215817571E-1,-3.547438681E-1
8.519245026E1,4.239881933E-1,-2.045370042E-1,-3.430256248E-1
8.519748468E1,4.932324886E-1,-1.853616685E-1,-3.366338313E-1
8.520257255E1,5.603461862E-1,-1.704475135E-1,-3.323726356E-1
8.520758542E1,6.295905113E-1,-1.661863178E-1,-3.281114697E-1
8.521275203E1,6.807247400E-1,-1.661863178E-1,-3.249155581E-1
8.521769510E1,7.254672050E-1,-1.725780964E-1,-3.217196763E-1
8.522282760E1,7.520996332E-1,-1.853616685E-1,-3.217196763E-1
8.522804891E1,7.670137882E-1,-2.066676021E-1,-3.259808719E-1
8.523295703E1,7.638179064E-1,-2.354306281E-1,-3.313073516E-1
8.523804589E1,7.435772419E-1,-2.705854177E-1,-3.419603109E-1
8.524323995E1,7.212060094E-1,-3.068055212E-1,-3.558091819E-1
8.524815162E1,6.881818175E-1,-3.408950269E-1,-3.590050638E-1
8.525329073E1,6.402434707E-1,-3.749845326E-1,-3.653968573E-1
8.525829104E1,5.816521049E-1,-4.165311158E-1,-3.717886209E-1
8.526353636E1,5.209302306E-1,-4.591429830E-1,-3.781804144E-1
8.526858047E1,4.708612561E-1,-4.900365770E-1,-3.771151006E-1
8.527367547E1,4.186616838E-1,-5.219954848E-1,-3.739192188E-1
8.527859824E1,3.675274551E-1,-5.464973450E-1,-3.664621413E-1
8.528372438E1,3.238502741E-1,-5.603461862E-1,-3.579397798E-1
8.528869496E1,2.865648866E-1,-5.752603412E-1,-3.526133001E-1
8.529404068E1,2.546059787E-1,-5.795215368E-1,-3.483521044E-1
8.529889740E1,2.290388346E-1,-5.741950274E-1,-3.430256248E-1
8.530402699E1,2.066676021E-1,-5.667379498E-1,-3.408950269E-1
8.530911527E1,1.832310706E-1,-5.635420680E-1,-3.376991153E-1
8.531416912E1,1.619251370E-1,-5.582156181E-1,-3.366338313E-1
8.531913970E1,1.438150853E-1,-5.507585406E-1,-3.313073516E-1
8.532439069E1,1.310315281E-1,-5.443667173E-1,-3.249155581E-1
8.532942064E1,1.214438528E-1,-5.464973450E-1,-3.270461559E-1
8.533437881E1,1.118561774E-1,-5.582156181E-1,-3.334379494E-1
8.533947939E1,1.065296903E-1,-5.709991455E-1,-3.376991153E-1
8.534456569E1,9.907261282E-2,-5.933703780E-1,-3.462215066E-1
8.534958210E1,9.694202244E-2,-6.082845330E-1,-3.611356616E-1
8.535473809E1,1.001379117E-1,-6.189374924E-1,-3.632662594E-1
8.535969027E1,1.033338010E-1,-6.487658620E-1,-3.568744659E-1
8.536493553E1,1.012032107E-1,-6.860512495E-1,-3.504827023E-1
8.536984850E1,9.481142461E-2,-7.180101275E-1,-3.387644291E-1
8.537498418E1,8.841964602E-2,-7.414466739E-1,-3.206543922E-1
8.538000850E1,8.096256852E-2,-7.457078695E-1,-2.950872481E-1
8.538518996E1,7.244019210E-2,-7.318589687E-1,-2.695201337E-1
8.539015872E1,6.391781569E-2,-7.137489319E-1,-2.460835874E-1
8.539528444E1,5.646073818E-2,-6.881818175E-1,-2.173205763E-1
8.540052825E1,5.539543927E-2,-6.615493894E-1,-1.885575503E-1
8.540554705E1,6.072192639E-2,-6.317210793E-1,-1.619251370E-1
8.541038955E1,7.670138031E-2,-6.072192788E-1,-1.406191885E-1
8.541578809E1,9.268083423E-2,-5.976315737E-1,-1.278356314E-1
8.542061840E1,1.150520667E-1,-6.018927693E-1,-1.235744432E-1
8.542618856E1,1.491415650E-1,-5.965662599E-1,-1.267703325E-1
8.543092788E1,1.917534471E-1,-5.805868506E-1,-1.267703325E-1
8.543604898E1,2.301041335E-1,-5.763256550E-1,-1.246397421E-1
8.544087851E1,2.546059787E-1,-5.784562230E-1,-1.182479635E-1
8.544600471E1,2.727160156E-1,-5.688685775E-1,-1.118561774E-1
8.545096789E1,2.865648866E-1,-5.560849905E-1,-1.054643989E-1
8.545632549E1,2.950872481E-1,-5.443667173E-1,-9.374613315E-2
8.546124872E1,2.993484437E-1,-5.294525623E-1,-7.776667923E-2
8.546638117E1,3.025443256E-1,-5.145384073E-1,-6.498311460E-2
8.547123654E1,3.057402074E-1,-4.953630865E-1,-4.793836176E-2
8.547648523E1,3.046749234E-1,-4.751224220E-1,-3.089361079E-2
8.548145586E1,3.025443256E-1,-4.570123851E-1,-9.587672539E-3
8.548661242E1,3.025443256E-1,-4.442288280E-1,7.457078435E-3
8.549168987E1,3.004137278E-1,-4.325105548E-1,2.450183034E-2
8.549672784E1,2.950872481E-1,-4.229228795E-1,4.048128426E-2
8.550176571E1,2.972178459E-1,-4.112046063E-1,5.219954997E-2
8.550696586E1,3.004137278E-1,-4.016169310E-1,6.178722158E-2
8.551192216E1,3.046749234E-1,-3.984210491E-1,6.924430281E-2
8.551708847E1,3.131972849E-1,-4.048128426E-1,7.457078248E-2
8.552199060E1,3.227849603E-1,-4.122699201E-1,8.202786744E-2
8.552722487E1,3.302420378E-1,-4.165311158E-1,8.841964602E-2
8.553215378E1,3.451561928E-1,-4.122699201E-1,9.481142461E-2
8.553725310E1,3.622009456E-1,-3.994863629E-1,9.800732136E-2
8.554227613E1,3.717886209E-1,-3.962904513E-1,9.587672353E-2
8.554742602E1,3.739192188E-1,-3.920292854E-1,8.841964602E-2
8.555243519E1,3.813762963E-1,-3.792456985E-1,8.415845782E-2
8.555759998E1,3.835068941E-1,-3.707233369E-1,7.989726961E-2
8.556257769E1,3.771151006E-1,-3.803110123E-1,7.457078248E-2
8.556736571E1,3.653968573E-1,-3.984210491E-1,5.859133229E-2
8.557269509E1,3.526133001E-1,-4.325105548E-1,4.474247247E-2
8.557785696E1,3.440909088E-1,-4.687306583E-1,3.728539124E-2
8.558285629E1,3.376991153E-1,-4.942977726E-1,2.663242258E-2
8.558817228E1,3.270461559E-1,-5.187996030E-1,1.917534508E-2
8.559317936E1,3.206543922E-1,-5.294525623E-1,1.171826664E-2
8.559835150E1,3.195890784E-1,-5.326484442E-1,4.261187743E-3
8.560322144E1,3.227849603E-1,-5.113425255E-1,0.000000000E0
8.560833592E1,3.408950269E-1,-4.708612561E-1,0.000000000E0
8.561331264E1,3.739192188E-1,-4.186616838E-1,-1.065296936E-3
8.561844822E1,4.197269976E-1,-3.611356616E-1,1.065296936E-3
8.562340962E1,4.655347466E-1,-3.078708053E-1,7.457078435E-3
8.562856796E1,5.113425255E-1,-2.663242221E-1,1.597945392E-2
8.563363587E1,5.518237948E-1,-2.364959270E-1,2.237123623E-2
8.563874218E1,5.880439281E-1,-2.215817571E-1,2.769771963E-2
8.564384786E1,6.168069243E-1,-2.077329010E-1,2.876301669E-2
8.564884353E1,6.381128430E-1,-2.066676021E-1,2.450183034E-2
8.565392405E1,6.487658620E-1,-2.194511741E-1,1.491415687E-2
8.565906187E1,6.498311162E-1,-2.354306281E-1,-1.278356276E-2
8.566425359E1,6.391781569E-1,-2.620630562E-1,-4.048128426E-2
8.566916088E1,6.093498468E-1,-2.791078091E-1,-5.646073818E-2
8.567411364E1,5.560849905E-1,-2.886954844E-1,-8.628904819E-2
8.567926051E1,4.868406951E-1,-2.823036909E-1,-1.225091442E-1
8.568430432E1,4.133352041E-1,-2.514100671E-1,-1.502068639E-1
8.568943973E1,3.376991153E-1,-2.002758235E-1,-1.747086942E-1
8.569447333E1,2.609977424E-1,-1.459456831E-1,-2.056023031E-1
8.569967057E1,1.938840449E-1,-1.033338010E-1,-2.364959270E-1
8.570453922E1,1.267703325E-1,-8.202786744E-2,-2.620630562E-1
8.571002781E1,6.391781569E-2,-7.670138031E-2,-2.908260524E-1
8.571471786E1,8.522375487E-3,-8.522375673E-2,-3.195890784E-1
8.571988875E1,-3.195890784E-2,-9.055023640E-2,-3.579397798E-1
8.572491974E1,-5.965662748E-2,-7.244019210E-2,-4.058781266E-1
8.573005057E1,-7.457078248E-2,-3.302420676E-2,-4.357064366E-1
8.573498844E1,-7.883197069E-2,1.171826664E-2,-4.420982301E-1
8.574012229E1,-7.350549102E-2,5.965662748E-2,-4.229228795E-1
8.574510120E1,-6.285251677E-2,1.225091442E-1,-4.218575954E-1
8.575028182E1,-4.261187837E-2,1.938840449E-1,-4.090740085E-1
8.575529240E1,-1.811004803E-2,2.663242221E-1,-3.653968573E-1
8.576039307E1,-6.391781382E-3,3.494173884E-1,-2.950872481E-1
8.576542667E1,-1.065296959E-2,4.559471011E-1,-2.450182885E-1
8.577053573E1,-1.278356276E-2,5.795215368E-1,-1.874922663E-1
8.577562651E1,-1.917534508E-2,7.137489319E-1,-1.171826646E-1
8.578076823E1,-2.876301669E-2,8.554334641E-1,-5.433014408E-2
8.578578969E1,-4.474247247E-2,1.003509760E0,4.261187743E-3
8.579100448E1,-6.817900389E-2,1.150520682E0,6.285251677E-2
8.579585308E1,-9.907261282E-2,1.283682823E0,1.118561774E-1
8.580109042E1,-1.416844875E-1,1.394473672E0,1.555333585E-1
8.580596391E1,-1.949493438E-1,1.488219857E0,1.949493438E-1
8.581112850E1,-2.514100671E-1,1.560660005E0,2.183858752E-1
8.581616865E1,-3.121320009E-1,1.616055489E0,2.247776538E-1
8.582152016E1,-3.675274551E-1,1.657602072E0,2.162552774E-1
8.582625735E1,-4.250534773E-1,1.710866928E0,1.992105246E-1
8.583146897E1,-4.783183336E-1,1.775849938E0,1.779045910E-1
8.583654272E1,-5.187996030E-1,1.850420833E0,1.523374617E-1
8.584156892E1,-5.401055217E-1,1.932448626E0,1.150520667E-1
8.584657845E1,-5.379749537E-1,2.025129557E0,6.924430281E-2
8.585166392E1,-5.113425255E-1,2.107157230E0,2.024064213E-2
8.585681986E1,-4.719265401E-1,2.160422087E0,-2.450183034E-2
8.586181116E1,-4.314452708E-1,2.175336361E0,-5.965662748E-2
8.586686256E1,-3.909639716E-1,2.164683342E0,-8.948494494E-2
8.587204204E1,-3.515479863E-1,2.148703814E0,-1.193132550E-1
8.587701746E1,-3.174584806E-1,2.119940996E0,-1.459456831E-1
8.588220475E1,-2.918913662E-1,2.084786177E0,-1.576639414E-1
8.588722215E1,-2.759118974E-1,2.047500610E0,-1.576639414E-1
8.589225632E1,-2.652589381E-1,2.016607046E0,-1.512721628E-1
8.589699184E1,-2.684548199E-1,1.993170619E0,-1.310315281E-1
8.590245288E1,-2.918913662E-1,1.956950426E0,-8.948494494E-2
8.590751153E1,-3.472867906E-1,1.904750943E0,-2.663242258E-2
8.591253996E1,-4.197269976E-1,1.853616714E0,3.941598535E-2
8.591772153E1,-4.985589683E-1,1.809939504E0,9.694202244E-2
8.592283965E1,-5.592808723E-1,1.790764093E0,1.523374617E-1
8.592772372E1,-6.050886512E-1,1.796090603E0,2.119940966E-1
8.593285116E1,-6.540923119E-1,1.805678248E0,2.759118974E-1
8.593811429E1,-6.913776994E-1,1.821657777E0,3.355685472E-1
8.594296601E1,-7.244018912E-1,1.844028950E0,4.005516469E-1
8.594801247E1,-7.499690652E-1,1.887706161E0,4.495553076E-1
8.595319643E1,-7.744708657E-1,1.942036271E0,4.815142155E-1
8.595820830E1,-7.979074121E-1,1.992105246E0,4.964283705E-1
8.596338012E1,-8.224092126E-1,1.999562383E0,5.060160160E-1
8.596830257E1,-8.596946001E-1,1.952689290E0,5.422361493E-1
8.597343325E1,-8.905882239E-1,1.891967416E0,5.699338317E-1
8.597844664E1,-9.118942022E-1,1.838702559E0,5.741950274E-1
8.598357695E1,-9.268083572E-1,1.781176448E0,5.624767542E-1
8.598857945E1,-9.406571984E-1,1.717258692E0,5.219954848E-1
8.599370180E1,-9.406571984E-1,1.640557289E0,4.559471011E-1
8.599874836E1,-9.193512797E-1,1.573443532E0,3.920292854E-1
8.600386388E1,-8.969800472E-1,1.505264521E0,3.547438681E-1
8.600892477E1,-8.916535378E-1,1.439216137E0,3.408950269E-1
8.601396388E1,-8.948494196E-1,1.374233007E0,3.472867906E-1
8.601908347E1,-9.246777296E-1,1.277291059E0,3.728539348E-1
8.602416419E1,-9.768772721E-1,1.157977819E0,3.920292854E-1
8.602925347E1,-1.036533952E0,1.056774616E0,4.048128426E-1
8.603436748E1,-1.095125198E0,9.694201946E-1,4.122699201E-1
8.603932550E1,-1.152651310E0,8.831311464E-1,3.898986876E-1
8.604441399E1,-1.203785539E0,8.064298034E-1,3.334379494E-1
8.604942060E1,-1.244266868E0,7.403813601E-1,2.865648866E-1
8.605454316E1,-1.271964550E0,6.722023487E-1,2.482141852E-1
8.605956446E1,-1.283682823E0,6.093498468E-1,2.130593807E-1
8.606468889E1,-1.285813451E0,5.518237948E-1,1.832310706E-1
8.606977732E1,-1.285813451E0,4.996242523E-1,1.565986425E-1
8.607484456E1,-1.279421568E0,4.463594258E-1,1.331621110E-1
8.607990904E1,-1.264507413E0,3.952251673E-1,1.139867753E-1
8.608519066E1,-1.240005612E0,3.440909088E-1,9.800732136E-2
8.609017175E1,-1.205916166E0,2.982831299E-1,8.628904819E-2
8.609512076E1,-1.157977819E0,2.588671446E-1,7.244019210E-2
8.610020691E1,-1.102582335E0,2.087981999E-1,5.433014408E-2
8.610529931E1,-1.051448107E0,1.459456831E-1,3.728539124E-2
8.611029061E1,-9.981832504E-1,7.776667923E-2,2.343653329E-2
8.611557155E1,-9.459837079E-1,3.195890691E-3,1.704475097E-2
8.612049254E1,-8.863270283E-1,-7.137489319E-2,1.491415687E-2
8.612555426E1,-8.181480169E-1,-1.470109820E-1,1.278356276E-2
8.613051405E1,-7.478384376E-1,-2.237123549E-1,8.522375487E-3
8.613549394E1,-6.764635444E-1,-3.025443256E-1,4.261187743E-3
8.614066853E1,-6.029580832E-1,-3.920292854E-1,-1.065296936E-3
8.614587853E1,-5.187996030E-1,-4.740571380E-1,3.195890691E-3
8.615085113E1,-4.303799570E-1,-5.528891087E-1,3.195890691E-3
8.615600858E1,-3.440909088E-1,-6.391781569E-1,-8.522375487E-3
8.616095561E1,-2.663242221E-1,-7.222713232E-1,-2.982831374E-2
8.616608775E1,-1.928187460E-1,-7.925809026E-1,-5.326484516E-2
8.617113384E1,-1.278356314E-1,-8.564987183E-1,-7.670138031E-2
8.617631306E1,-7.350549102E-2,-9.204165339E-1,-1.054643989E-1
8.618128395E1,-2.130593918E-2,-9.896608591E-1,-1.352927089E-1
8.618636645E1,2.769771963E-2,-1.049317479E0,-1.683169156E-1
8.619141400E1,7.030959427E-2,-1.101517081E0,-1.981452256E-1
8.619661458E1,1.075949892E-1,-1.149455428E0,-2.269082516E-1
8.620141176E1,1.374233067E-1,-1.181414247E0,-2.439530045E-1
8.620679161E1,1.587292403E-1,-1.188871384E0,-2.641936541E-1
8.621170453E1,1.597945392E-1,-1.175022483E0,-2.876301706E-1
8.621682812E1,1.438150853E-1,-1.143063664E0,-3.163931966E-1
8.622197671E1,1.012032107E-1,-1.097255826E0,-3.526133001E-1
8.622697921E1,3.728539124E-2,-1.041860461E0,-3.909639716E-1
8.623199047E1,-2.663242258E-2,-9.832690954E-1,-4.144005179E-1
8.623847172E1,-9.268083423E-2,-9.214818478E-1,-4.218575954E-1
8.624207682E1,-1.480762810E-1,-8.501069546E-1,-4.101393223E-1
8.624724364E1,-2.013411224E-1,-7.670137882E-1,-3.898986876E-1
8.625227880E1,-2.546059787E-1,-6.775288582E-1,-3.707233369E-1
8.625741281E1,-3.036096394E-1,-5.763256550E-1,-3.547438681E-1
8.626241682E1,-3.568744659E-1,-4.580776691E-1,-3.376991153E-1
8.626754599E1,-4.090740085E-1,-3.366338313E-1,-3.078708053E-1
8.627258891E1,-4.580776691E-1,-2.364959270E-1,-2.663242221E-1
8.627767562E1,-5.113425255E-1,-1.704475135E-1,-2.226470560E-1
8.628275021E1,-5.709991455E-1,-1.075949892E-1,-1.832310706E-1
8.628796766E1,-6.359822750E-1,-3.835069016E-2,-1.438150853E-1
8.629303886E1,-7.084224820E-1,2.982831374E-2,-9.800732136E-2
8.629821724E1,-7.883197069E-1,8.522375673E-2,-3.835069016E-2
8.630310057E1,-8.735435009E-1,1.139867753E-1,3.195890784E-2
8.630821521E1,-9.481142759E-1,9.800732136E-2,1.129214764E-1
8.631312657E1,-9.811384678E-1,6.604841352E-2,2.109287977E-1
8.631834745E1,-9.598325491E-1,4.474247247E-2,3.089361191E-1
8.632333829E1,-8.916535378E-1,5.219954997E-2,4.058781266E-1
8.632839131E1,-7.861891389E-1,9.800732136E-2,4.804489315E-1
8.633339777E1,-6.551576257E-1,1.565986425E-1,5.411708355E-1
8.633850501E1,-5.241261125E-1,1.363580078E-1,6.008274555E-1
8.634359563E1,-3.867027760E-1,-1.491415687E-2,6.796594262E-1
8.634870662E1,-2.439530045E-1,-2.482141852E-1,7.584913969E-1
8.635341001E1,-1.161173657E-1,-4.708612561E-1,8.085603714E-1
8.635880131E1,-4.048128426E-2,-6.072192788E-1,8.117562532E-1
8.636400282E1,-2.343653329E-2,-6.210681200E-1,7.616873384E-1
8.636895782E1,-5.646073818E-2,-5.187996030E-1,6.913776994E-1
8.637405485E1,-1.565986425E-1,-3.952251673E-1,6.338516474E-1
8.637933751E1,-2.812383771E-1,-2.833689749E-1,6.125457287E-1
8.638413335E1,-3.717886209E-1,-1.853616685E-1,6.359822750E-1
8.638927527E1,-4.165311158E-1,-1.320968270E-1,6.530269980E-1
8.639433152E1,-4.250534773E-1,-1.161173657E-1,6.498311162E-1
8.639945949E1,-4.144005179E-1,-1.374233067E-1,6.295905113E-1
8.640456918E1,-3.749845326E-1,-1.896228492E-1,5.837827325E-1
8.640951944E1,-3.046749234E-1,-2.673895359E-1,5.049507618E-1
8.641454850E1,-2.034717202E-1,-3.749845326E-1,4.005516469E-1
8.641968215E1,-7.563608140E-2,-5.049507618E-1,2.748466134E-1
8.642487090E1,6.285251677E-2,-6.466352344E-1,1.406191885E-1
8.643018173E1,2.109287977E-1,-8.011032939E-1,9.587672539E-3
8.643490955E1,3.792456985E-1,-9.864649773E-1,-1.150520667E-1
8.644012340E1,5.603461862E-1,-1.182479620E0,-2.194511741E-1
8.644493158E1,7.233366370E-1,-1.362514734E0,-3.036096394E-1
8.645011793E1,8.575640321E-1,-1.518048167E0,-3.760498166E-1
8.645513387E1,9.630284309E-1,-1.642687917E0,-4.442288280E-1
8.646022439E1,1.028011560E0,-1.723650455E0,-4.942977726E-1
8.646527038E1,1.051448107E0,-1.768392920E0,-5.241261125E-1
8.647040085E1,1.040795088E0,-1.790764093E0,-5.347790718E-1
8.647551158E1,1.013097405E0,-1.788633585E0,-5.337137580E-1
8.648059372E1,9.726160765E-1,-1.769458175E0,-5.241261125E-1
8.648577028E1,9.129594564E-1,-1.716193318E0,-5.145384073E-1
8.649062674E1,8.383886814E-1,-1.623512506E0,-5.070813298E-1
8.649588508E1,7.467731237E-1,-1.496742249E0,-4.996242523E-1
8.650074252E1,6.402434707E-1,-1.329490542E0,-4.793836176E-1
8.650576700E1,5.315831900E-1,-1.131345391E0,-4.484900236E-1
8.651086482E1,4.271840751E-1,-9.097635746E-1,-4.058781266E-1
8.651590034E1,3.398297131E-1,-6.732676625E-1,-3.643315434E-1
8.652103716E1,2.759118974E-1,-4.623388648E-1,-3.291767538E-1
8.652603247E1,2.418224066E-1,-2.982831299E-1,-2.982831299E-1
8.653118596E1,2.333000302E-1,-1.821657717E-1,-2.684548199E-1
8.653617096E1,2.364959270E-1,-1.129214764E-1,-2.428877056E-1
8.654128253E1,2.535406649E-1,-7.563608140E-2,-2.343653291E-1
8.654629024E1,2.833689749E-1,-5.433014408E-2,-2.290388346E-1
8.655151925E1,3.206543922E-1,-3.728539124E-2,-2.269082516E-1
8.655664388E1,3.632662594E-1,-2.769771963E-2,-2.290388346E-1
8.656159274E1,4.101393223E-1,-2.130593918E-2,-2.322347313E-1
8.656663373E1,4.580776691E-1,-1.384885982E-2,-2.354306281E-1
8.657196685E1,5.156037211E-1,-1.704475097E-2,-2.322347313E-1
8.657673498E1,5.773909688E-1,-1.704475097E-2,-2.215817571E-1
8.658196795E1,6.477005482E-1,-1.917534508E-2,-2.141246796E-1
8.658682206E1,7.190754414E-1,-3.941598535E-2,-2.109287977E-1
8.659201644E1,7.840585709E-1,-6.924430281E-2,-2.066676021E-1
8.659704144E1,8.437151909E-1,-1.065296903E-1,-2.024064213E-1
8.660221279E1,8.895229697E-1,-1.491415650E-1,-1.960146427E-1
8.660722660E1,9.182859659E-1,-1.970799267E-1,-1.885575503E-1
8.661230748E1,9.406571984E-1,-2.237123549E-1,-1.736433953E-1
8.661731165E1,9.353306890E-1,-2.567365468E-1,-1.661863178E-1
8.662242170E1,8.980453014E-1,-3.089361191E-1,-1.693822145E-1
8.662743045E1,8.394539952E-1,-3.568744659E-1,-1.789698899E-1
8.663265754E1,7.712749839E-1,-3.888333738E-1,-1.992105246E-1
8.663761061E1,6.967042089E-1,-4.069434404E-1,-2.205164731E-1
8.664275374E1,6.136110425E-1,-4.112046063E-1,-2.407571077E-1
8.664773863E1,5.273219943E-1,-4.165311158E-1,-2.620630562E-1
8.665287582E1,4.442288280E-1,-4.261187613E-1,-2.833689749E-1
8.665787296E1,3.749845326E-1,-4.399676323E-1,-3.014790416E-1
8.666300316E1,3.174584806E-1,-4.602082670E-1,-3.110667169E-1
8.666802577E1,2.641936541E-1,-4.804489315E-1,-3.185237944E-1
8.667314171E1,2.215817571E-1,-5.028201342E-1,-3.185237944E-1
8.667814186E1,1.949493438E-1,-5.273219943E-1,-3.195890784E-1
8.668328530E1,1.747086942E-1,-5.507585406E-1,-3.227849603E-1
8.668845462E1,1.640557349E-1,-5.784562230E-1,-3.291767538E-1
8.669342369E1,1.597945392E-1,-6.082845330E-1,-3.376991153E-1
8.669846822E1,1.587292403E-1,-6.381128430E-1,-3.430256248E-1
8.670356519E1,1.544680595E-1,-6.658105850E-1,-3.440909088E-1
8.670888671E1,1.534027606E-1,-6.945735812E-1,-3.398297131E-1
8.671383181E1,1.512721628E-1,-7.233366370E-1,-3.323726356E-1
8.671882260E1,1.470109820E-1,-7.489037514E-1,-3.206543922E-1
8.672396984E1,1.438150853E-1,-7.723402977E-1,-3.121320009E-1
8.672910291E1,1.363580078E-1,-7.925809026E-1,-3.046749234E-1
8.673414031E1,1.289009303E-1,-8.021686077E-1,-2.950872481E-1
8.673918369E1,1.257050335E-1,-8.000379801E-1,-2.833689749E-1
8.674440901E1,1.299662292E-1,-7.893850207E-1,-2.727160156E-1
8.674923614E1,1.406191885E-1,-7.776667476E-1,-2.641936541E-1
8.675437786E1,1.587292403E-1,-7.702096701E-1,-2.567365468E-1
8.675955062E1,1.874922663E-1,-7.520996332E-1,-2.482141852E-1
8.676468151E1,2.215817571E-1,-7.329242826E-1,-2.375612110E-1
8.676959620E1,2.588671446E-1,-7.212060094E-1,-2.343653291E-1
8.677468677E1,2.961525619E-1,-7.116183639E-1,-2.301041335E-1
8.677975479E1,3.398297131E-1,-7.020306587E-1,-2.279735506E-1
8.678483411E1,3.877680898E-1,-6.849859357E-1,-2.269082516E-1
8.678986229E1,4.410329461E-1,-6.615493894E-1,-2.162552774E-1
8.679504740E1,4.921671748E-1,-6.413087845E-1,-2.087981999E-1
8.679997870E1,5.369096398E-1,-6.338516474E-1,-2.002758235E-1
8.680538703E1,5.741950274E-1,-6.381128430E-1,-1.928187460E-1
8.681018834E1,5.933703780E-1,-6.604840755E-1,-1.842963696E-1
8.681544938E1,5.923051238E-1,-6.988347769E-1,-1.619251370E-1
8.682025917E1,5.869786143E-1,-7.169448137E-1,-1.331621110E-1
8.682556532E1,5.955010056E-1,-6.956388950E-1,-1.182479635E-1
8.683073162E1,6.210681200E-1,-6.530269980E-1,-1.203785539E-1
8.683558808E1,6.508964300E-1,-6.338516474E-1,-1.118561774E-1
8.684070365E1,6.764635444E-1,-6.508964300E-1,-7.989726961E-2
8.684563709E1,6.903123856E-1,-6.924430132E-1,-3.622009605E-2
8.685069594E1,6.903123856E-1,-7.094877362E-1,-1.065296936E-3
8.685582813E1,6.839206219E-1,-6.711370945E-1,2.876301669E-2
8.686114990E1,6.743329763E-1,-5.976315737E-1,4.261187837E-2
8.686593360E1,6.636800170E-1,-5.081466436E-1,5.539543927E-2
8.687097782E1,6.551576257E-1,-4.229228795E-1,6.711370498E-2
8.687629740E1,6.477005482E-1,-3.632662594E-1,8.202786744E-2
8.688114339E1,6.423740387E-1,-3.323726356E-1,9.268083423E-2
8.688630902E1,6.370475888E-1,-3.195890784E-1,1.001379117E-1
8.689129272E1,6.391781569E-1,-3.163931966E-1,1.065296903E-1
8.689643600E1,6.477005482E-1,-3.185237944E-1,1.075949892E-1
8.690145288E1,6.540923119E-1,-3.376991153E-1,1.043990999E-1
8.690651038E1,6.604840755E-1,-3.579397798E-1,1.033338010E-1
8.691154991E1,6.636800170E-1,-3.792456985E-1,9.907261282E-2
8.691664168E1,6.540923119E-1,-4.154658020E-1,9.268083423E-2
8.692178397E1,6.402434707E-1,-4.548817873E-1,8.628904819E-2
8.692691230E1,6.242640018E-1,-4.879060090E-1,8.096256852E-2
8.693206840E1,6.125457287E-1,-5.134730935E-1,7.563608140E-2
8.693709626E1,5.965662599E-1,-5.369096398E-1,6.604841352E-2
8.694215335E1,5.699338317E-1,-5.592808723E-1,5.113425106E-2
8.694712903E1,5.369096398E-1,-5.699338317E-1,3.515479714E-2
8.695214512E1,5.092119575E-1,-5.678032637E-1,2.237123623E-2
8.695728095E1,4.804489315E-1,-5.528891087E-1,4.261187743E-3
8.696231132E1,4.495553076E-1,-5.273219943E-1,-1.384885982E-2
8.696751918E1,4.133352041E-1,-5.006895661E-1,-3.195890784E-2
8.697256606E1,3.813762963E-1,-4.772530198E-1,-4.900366068E-2
8.697773293E1,3.558091819E-1,-4.548817873E-1,-6.498311460E-2
8.698276262E1,3.451561928E-1,-4.271840751E-1,-8.202786744E-2
8.698772523E1,3.536785841E-1,-3.930945694E-1,-9.268083423E-2
8.699268382E1,3.760498166E-1,-3.632662594E-1,-1.022685021E-1
8.699780153E1,4.144005179E-1,-3.398297131E-1,-1.086602882E-1
8.700283559E1,4.591429830E-1,-3.238502741E-1,-1.161173657E-1
8.700803221E1,5.070813298E-1,-3.121320009E-1,-1.193132550E-1
8.701293950E1,5.614115000E-1,-2.993484437E-1,-1.107908785E-1
8.701810940E1,6.104151607E-1,-2.940219641E-1,-9.481142461E-2
8.702316169E1,6.530269980E-1,-2.982831299E-1,-8.415845782E-2
8.702836138E1,6.913776994E-1,-2.908260524E-1,-7.563608140E-2
8.703333284E1,7.201407552E-1,-2.578018606E-1,-5.539543927E-2
8.703838784E1,7.339895964E-1,-2.173205763E-1,-4.048128426E-2
8.704338148E1,7.233366370E-1,-1.768392920E-1,-3.302420676E-2
8.704863049E1,6.999000907E-1,-1.374233067E-1,-3.089361079E-2
8.705355091E1,6.583535075E-1,-1.150520667E-1,-3.622009605E-2
8.705870138E1,6.125457287E-1,-1.012032107E-1,-4.474247247E-2
8.706370914E1,5.699338317E-1,-7.244019210E-2,-4.687306657E-2
8.706881003E1,5.124078393E-1,-4.900366068E-2,-5.433014408E-2
8.707387102E1,4.484900236E-1,-3.728539124E-2,-7.350549102E-2
8.707898487E1,3.909639716E-1,-2.769771963E-2,-9.800732136E-2
8.708396196E1,3.376991153E-1,-1.704475097E-2,-1.235744432E-1
8.708918097E1,2.812383771E-1,-1.171826664E-2,-1.459456831E-1
8.709408571E1,2.151899785E-1,-2.556712553E-2,-1.619251370E-1
8.709928253E1,1.438150853E-1,-4.793836176E-2,-1.768392920E-1
8.710422300E1,7.137489319E-2,-6.604841352E-2,-2.024064213E-1
8.710940868E1,-1.065296936E-3,-6.924430281E-2,-2.439530045E-1
8.711437196E1,-6.391781569E-2,-5.646073818E-2,-2.812383771E-1
8.711954665E1,-1.107908785E-1,-3.302420676E-2,-3.163931966E-1
8.712468712E1,-1.331621110E-1,-2.343653329E-2,-3.579397798E-1
8.712968342E1,-1.342274100E-1,6.391781382E-3,-3.813762963E-1
8.713466082E1,-1.299662292E-1,4.154657945E-2,-4.016169310E-1
8.713981264E1,-1.214438528E-1,8.096256852E-2,-4.122699201E-1
8.714484014E1,-1.043990999E-1,1.331621110E-1,-4.058781266E-1
8.714996144E1,-7.883197069E-2,2.034717202E-1,-3.941598535E-1
8.715493410E1,-3.515479714E-2,2.940219641E-1,-3.632662594E-1
8.716014202E1,1.704475097E-2,3.994863629E-1,-3.004137278E-1
8.716511551E1,6.817900389E-2,5.113425255E-1,-2.269082516E-1
8.717023999E1,1.129214764E-1,6.306557655E-1,-1.608598381E-1
8.717525988E1,1.491415650E-1,7.595567107E-1,-1.012032107E-1
8.718034634E1,1.747086942E-1,8.937841058E-1,-4.687306657E-2
8.718547598E1,1.874922663E-1,1.022685051E0,2.130593872E-3
8.719066249E1,1.842963696E-1,1.143063664E0,4.474247247E-2
8.719565030E1,1.715128124E-1,1.255985141E0,8.096256852E-2
8.720064754E1,1.470109820E-1,1.357188344E0,1.107908785E-1
8.720570905E1,1.139867753E-1,1.445607901E0,1.267703325E-1
8.721086541E1,6.285251677E-2,1.515917540E0,1.363580078E-1
8.721589437E1,8.522375487E-3,1.581965923E0,1.384886056E-1
8.722098582E1,-4.580776766E-2,1.648014307E0,1.267703325E-1
8.722597697E1,-9.694202244E-2,1.717258692E0,9.800732136E-2
8.723116978E1,-1.374233067E-1,1.787568212E0,5.752603337E-2
8.723609286E1,-1.640557349E-1,1.858943105E0,2.237123623E-2
8.724126614E1,-1.736433953E-1,1.938840389E0,-1.065296936E-3
8.724644312E1,-1.661863178E-1,2.029390574E0,-1.917534508E-2
8.725154807E1,-1.448803842E-1,2.123136759E0,-3.195890784E-2
8.725643697E1,-1.022685021E-1,2.221144199E0,-4.261187837E-2
8.726155484E1,-4.900366068E-2,2.313824892E0,-4.474247247E-2
8.726667161E1,1.171826664E-2,2.396918058E0,-4.580776766E-2
8.727168906E1,7.989726961E-2,2.462966442E0,-5.219954997E-2
8.727665317E1,1.555333585E-1,2.510904789E0,-4.900366068E-2
8.728191333E1,2.237123549E-1,2.516231298E0,-4.048128426E-2
8.728703359E1,2.748466134E-1,2.483207226E0,-2.450183034E-2
8.729203354E1,3.089361191E-1,2.429942369E0,0.000000000E0
8.729717989E1,3.249155581E-1,2.352175713E0,3.728539124E-2
8.730221172E1,3.238502741E-1,2.249907017E0,9.374613315E-2
8.730725510E1,2.982831299E-1,2.143377542E0,1.544680595E-1
8.731227547E1,2.514100671E-1,2.073067904E0,2.237123549E-1
8.731734401E1,1.938840449E-1,2.045370102E0,2.950872481E-1
8.732203677E1,1.267703325E-1,2.059218884E0,3.558091819E-1
8.732742047E1,5.646073818E-2,2.115679741E0,4.037475288E-1
8.733249901E1,-1.491415687E-2,2.192381144E0,4.229228795E-1
8.733757656E1,-8.096256852E-2,2.272278309E0,4.431635141E-1
8.734280563E1,-1.597945392E-1,2.297845602E0,5.049507618E-1
8.734781672E1,-2.705854177E-1,2.255233526E0,5.709991455E-1
8.735293657E1,-3.877680898E-1,2.178532124E0,6.018927693E-1
8.735779188E1,-4.921671748E-1,2.072002649E0,6.061539650E-1
8.736291334E1,-5.955010056E-1,1.924991608E0,5.869786143E-1
8.736766032E1,-6.977695227E-1,1.786502957E0,5.550196767E-1
8.737312745E1,-7.723402977E-1,1.697018027E0,5.092119575E-1
8.737808803E1,-8.149521351E-1,1.637361407E0,4.410329461E-1
8.738323495E1,-8.437151909E-1,1.564921141E0,3.685927391E-1
8.738826386E1,-8.682169914E-1,1.469044447E0,3.121320009E-1
8.739357287E1,-8.937841058E-1,1.373167753E0,2.737812996E-1
8.739840824E1,-9.278736115E-1,1.293270469E0,2.450182885E-1
8.740347975E1,-9.694201946E-1,1.241070986E0,2.247776538E-1
8.740851985E1,-1.007770896E0,1.200589657E0,2.247776538E-1
8.741362610E1,-1.042925715E0,1.159043074E0,2.311694324E-1
8.741871121E1,-1.094059944E0,1.129214764E0,2.333000302E-1
8.742382428E1,-1.156912446E0,1.111104727E0,2.343653291E-1
8.742896647E1,-1.224026203E0,1.088733435E0,2.364959270E-1
8.743382038E1,-1.287943959E0,1.043990970E0,2.396918088E-1
8.743895434E1,-1.348665953E0,9.864649773E-1,2.428877056E-1
8.744410256E1,-1.409387827E0,9.289389253E-1,2.524753809E-1
8.744907668E1,-1.479697466E0,8.756740689E-1,2.492794842E-1
8.745432106E1,-1.548941731E0,8.351927996E-1,2.162552774E-1
8.745929913E1,-1.597945452E0,8.074950576E-1,1.725780964E-1
8.746442647E1,-1.622447252E0,7.872544527E-1,1.310315281E-1
8.746938460E1,-1.626708388E0,7.542302012E-1,1.001379117E-1
8.747461996E1,-1.607533097E0,7.052266002E-1,7.989726961E-2
8.747960861E1,-1.572378278E0,6.413087845E-1,6.391781569E-2
8.748439434E1,-1.524439931E0,5.688685775E-1,4.154657945E-2
8.748935413E1,-1.465848565E0,5.028201342E-1,1.597945392E-2
8.749480913E1,-1.393408418E0,4.484900236E-1,-3.195890691E-3
8.749996825E1,-1.322033525E0,4.005516469E-1,-2.343653329E-2
8.750511601E1,-1.251723886E0,3.419603109E-1,-4.687306657E-2
8.751006752E1,-1.188871384E0,2.663242221E-1,-7.670138031E-2
8.751508169E1,-1.130280018E0,1.736433953E-1,-1.129214764E-1
8.752012075E1,-1.073819280E0,7.883197069E-2,-1.491415650E-1
8.752521122E1,-1.016293287E0,-1.811004803E-2,-1.853616685E-1
8.753036336E1,-9.619631171E-1,-1.065296903E-1,-2.205164731E-1
8.753541372E1,-9.065676928E-1,-1.842963696E-1,-2.524753809E-1
8.754057836E1,-8.511722684E-1,-2.556712627E-1,-2.801730931E-1
8.754552961E1,-7.915156484E-1,-3.217196763E-1,-3.025443256E-1
8.755051195E1,-7.275978327E-1,-3.856374919E-1,-3.238502741E-1
8.755582737E1,-6.498311162E-1,-4.602082670E-1,-3.419603109E-1
8.756066128E1,-5.646073818E-1,-5.464973450E-1,-3.600703776E-1
8.756579690E1,-4.740571380E-1,-6.349169612E-1,-3.760498166E-1
8.757098346E1,-3.835068941E-1,-7.329242826E-1,-3.877680898E-1
8.757591513E1,-2.950872481E-1,-8.362581134E-1,-4.016169310E-1
8.758116602E1,-2.162552774E-1,-9.278736115E-1,-4.186616838E-1
8.758613050E1,-1.480762810E-1,-1.001379132E0,-4.282493591E-1
8.759112378E1,-9.268083423E-2,-1.051448107E0,-4.367717505E-1
8.759619596E1,-5.113425106E-2,-1.087668180E0,-4.452941120E-1
8.760105477E1,-1.597945392E-2,-1.115365863E0,-4.431635141E-1
8.760636810E1,9.587672539E-3,-1.123888254E0,-4.442288280E-1
8.761150998E1,2.663242258E-2,-1.107908845E0,-4.420982301E-1
8.761650826E1,4.048128426E-2,-1.085537553E0,-4.261187613E-1
8.762158451E1,4.367717355E-2,-1.057839870E0,-4.101393223E-1
8.762661321E1,3.195890784E-2,-1.021619797E0,-4.005516469E-1
8.763195618E1,7.457078435E-3,-9.736813903E-1,-3.856374919E-1
8.763683045E1,-2.024064213E-2,-9.150900841E-1,-3.622009456E-1
8.764201165E1,-5.326484516E-2,-8.596946001E-1,-3.302420378E-1
8.764695191E1,-1.043990999E-1,-8.128215671E-1,-3.036096394E-1
8.765191889E1,-1.619251370E-1,-7.616873384E-1,-2.897607684E-1
8.765707842E1,-2.205164731E-1,-7.030959725E-1,-2.780424953E-1
8.766215941E1,-2.801730931E-1,-6.253293157E-1,-2.737812996E-1
8.766731024E1,-3.398297131E-1,-5.315831900E-1,-2.727160156E-1
8.767231202E1,-3.994863629E-1,-4.239881933E-1,-2.652589381E-1
8.767739233E1,-4.506205916E-1,-3.153278828E-1,-2.482141852E-1
8.768249613E1,-4.974936545E-1,-2.290388346E-1,-2.237123549E-1
8.768756670E1,-5.422361493E-1,-1.800351888E-1,-2.002758235E-1
8.769265332E1,-5.805868506E-1,-1.693822145E-1,-1.768392920E-1
8.769768868E1,-6.178722382E-1,-1.789698899E-1,-1.480762810E-1
8.770289389E1,-6.519617438E-1,-2.045370042E-1,-1.065296903E-1
8.770780936E1,-6.690064669E-1,-2.354306281E-1,-4.793836176E-2
8.771278478E1,-6.604840755E-1,-2.492794842E-1,3.408950195E-2
8.771790311E1,-6.274598837E-1,-2.151899785E-1,1.384886056E-1
8.772308634E1,-5.784562230E-1,-1.043990999E-1,2.428877056E-1
8.772803119E1,-5.145384073E-1,5.752603337E-2,3.440909088E-1
8.773312171E1,-4.495553076E-1,2.162552774E-1,4.420982301E-1
8.773838275E1,-3.867027760E-1,2.886954844E-1,5.518237948E-1
8.774341868E1,-3.238502741E-1,1.992105246E-1,6.785941720E-1
8.774837171E1,-2.482141852E-1,-3.408950195E-2,8.149521351E-1
8.775342421E1,-1.960146427E-1,-2.950872481E-1,9.182859659E-1
8.775849197E1,-1.853616685E-1,-4.644694626E-1,9.481142759E-1
8.776356369E1,-2.151899785E-1,-4.708612561E-1,9.108288884E-1
8.776869468E1,-2.599324584E-1,-3.153278828E-1,8.170827627E-1
8.777382088E1,-2.993484437E-1,-8.628904819E-2,7.116183639E-1
8.777886749E1,-3.068055212E-1,8.841964602E-2,6.519617438E-1
8.778385786E1,-2.844342887E-1,1.502068639E-1,6.413087845E-1
8.778896911E1,-2.364959270E-1,1.075949892E-1,6.327863932E-1
8.779403843E1,-1.544680595E-1,-6.391781382E-3,6.050886512E-1
8.779910635E1,-4.048128426E-2,-1.512721628E-1,5.539544225E-1
8.780415062E1,9.694202244E-2,-3.078708053E-1,4.783183336E-1
8.780935484E1,2.503447831E-1,-4.548817873E-1,3.792456985E-1
8.781422031E1,3.867027760E-1,-5.848480463E-1,2.716507316E-1
8.781939109E1,4.996242523E-1,-6.988347769E-1,1.576639414E-1
8.782450620E1,5.997622013E-1,-8.213439584E-1,3.622009605E-2
8.782956943E1,7.190754414E-1,-9.630284309E-1,-8.948494494E-2
8.783448646E1,8.596946001E-1,-1.132410645E0,-2.045370042E-1
8.783981807E1,9.822037816E-1,-1.317772269E0,-2.993484437E-1
8.784469917E1,1.087668180E0,-1.515917540E0,-3.717886209E-1
8.784982912E1,1.177153111E0,-1.692756772E0,-4.282493591E-1
8.785498740E1,1.235744476E0,-1.818461895E0,-4.729918540E-1
8.785989682E1,1.264507413E0,-1.882379651E0,-5.006895661E-1
8.786504448E1,1.251723886E0,-1.887706161E0,-5.124078393E-1
8.787006365E1,1.200589657E0,-1.851486087E0,-5.028201342E-1
8.787512454E1,1.126018882E0,-1.775849938E0,-4.815142155E-1
8.788022162E1,1.036533952E0,-1.678907990E0,-4.570123851E-1
8.788521412E1,9.395918846E-1,-1.558529377E0,-4.378370345E-1
8.789034360E1,8.426498771E-1,-1.388081908E0,-4.144005179E-1
8.789543818E1,7.435772419E-1,-1.165434837E0,-3.792456985E-1
8.790056126E1,6.477005482E-1,-8.927188516E-1,-3.408950269E-1
8.790557037E1,5.603461862E-1,-5.923051238E-1,-3.057402074E-1
8.791069074E1,4.889712930E-1,-2.972178459E-1,-2.748466134E-1
8.791561470E1,4.410329461E-1,-4.900366068E-2,-2.428877056E-1
8.792082292E1,4.197269976E-1,1.161173657E-1,-2.151899785E-1
8.792578178E1,4.165311158E-1,1.896228492E-1,-2.034717202E-1
8.793093006E1,4.229228795E-1,1.864269674E-1,-2.034717202E-1
8.793594006E1,4.346411526E-1,1.299662292E-1,-2.109287977E-1
8.794118735E1,4.484900236E-1,5.859133229E-2,-2.258429527E-1
8.794606512E1,4.655347466E-1,-4.261187743E-3,-2.450182885E-1
8.795123418E1,4.772530198E-1,-5.219954997E-2,-2.620630562E-1
8.795626152E1,4.900365770E-1,-8.735434711E-2,-2.748466134E-1
8.796137288E1,5.124078393E-1,-1.097255871E-1,-2.812383771E-1
8.796655991E1,5.539544225E-1,-1.246397421E-1,-2.812383771E-1
8.797150637E1,6.200028062E-1,-1.406191885E-1,-2.769772112E-1
8.797653715E1,6.967042089E-1,-1.693822145E-1,-2.673895359E-1
8.798171647E1,7.829932570E-1,-1.960146427E-1,-2.588671446E-1
8.798674121E1,8.692823052E-1,-2.173205763E-1,-2.567365468E-1
8.799196788E1,9.385265708E-1,-2.343653291E-1,-2.631283402E-1
8.799696783E1,9.853996634E-1,-2.588671446E-1,-2.737812996E-1
8.800189371E1,1.005640268E0,-2.972178459E-1,-2.833689749E-1
8.800670689E1,1.002444386E0,-3.387644291E-1,-2.918913662E-1
8.801206960E1,9.758120179E-1,-3.707233369E-1,-2.993484437E-1
8.801736590E1,9.300042391E-1,-3.952251673E-1,-3.100014031E-1
8.802221523E1,8.671516776E-1,-4.218575954E-1,-3.195890784E-1
8.802772596E1,7.936462164E-1,-4.474247098E-1,-3.217196763E-1
8.803232429E1,7.052266002E-1,-4.666000605E-1,-3.281114697E-1
8.803736658E1,6.114804149E-1,-4.921671748E-1,-3.345032334E-1
8.804266851E1,5.198649168E-1,-5.124078393E-1,-3.376991153E-1
8.804752627E1,4.367717505E-1,-5.294525623E-1,-3.334379494E-1
8.805231690E1,3.632662594E-1,-5.454320312E-1,-3.281114697E-1
8.805767534E1,2.993484437E-1,-5.560849905E-1,-3.249155581E-1
8.806286226E1,2.375612110E-1,-5.518237948E-1,-3.259808719E-1
8.806788711E1,1.832310706E-1,-5.337137580E-1,-3.302420378E-1
8.807296836E1,1.363580078E-1,-5.177342892E-1,-3.281114697E-1
8.807796096E1,1.012032107E-1,-5.124078393E-1,-3.249155581E-1
8.808305232E1,7.457078248E-2,-5.209302306E-1,-3.217196763E-1
8.808807107E1,4.261187837E-2,-5.369096398E-1,-3.185237944E-1
8.809321268E1,1.065296959E-2,-5.454320312E-1,-3.142625988E-1
8.809828961E1,-1.384885982E-2,-5.496932268E-1,-3.068055212E-1
8.810334523E1,-3.835069016E-2,-5.507585406E-1,-3.004137278E-1
8.810843919E1,-6.178722158E-2,-5.571503043E-1,-2.961525619E-1
8.811351143E1,-9.268083423E-2,-5.688685775E-1,-2.918913662E-1
8.811864185E1,-1.257050335E-1,-5.795215368E-1,-2.844342887E-1
8.812363982E1,-1.565986425E-1,-5.880439281E-1,-2.716507316E-1
8.812861409E1,-1.821657717E-1,-5.933703780E-1,-2.609977424E-1
8.813381602E1,-2.045370042E-1,-5.944356918E-1,-2.514100671E-1
8.813882560E1,-2.311694324E-1,-5.976315737E-1,-2.407571077E-1
8.814394024E1,-2.471488863E-1,-5.986968875E-1,-2.343653291E-1
8.814900669E1,-2.524753809E-1,-5.944356918E-1,-2.333000302E-1
8.815406680E1,-2.514100671E-1,-5.859133005E-1,-2.279735506E-1
8.815909784E1,-2.439530045E-1,-5.763256550E-1,-2.269082516E-1
8.816428029E1,-2.290388346E-1,-5.688685775E-1,-2.258429527E-1
8.816924535E1,-2.098634988E-1,-5.624767542E-1,-2.237123549E-1
8.817435837E1,-1.864269674E-1,-5.550196767E-1,-2.247776538E-1
8.817965274E1,-1.555333585E-1,-5.475625992E-1,-2.205164731E-1
8.818447863E1,-1.289009303E-1,-5.454320312E-1,-2.119940966E-1
8.818948404E1,-1.075949892E-1,-5.433014631E-1,-2.024064213E-1
8.819464993E1,-8.948494494E-2,-5.379749537E-1,-1.917534471E-1
8.819957957E1,-6.498311460E-2,-5.219954848E-1,-1.779045910E-1
8.820476676E1,-3.728539124E-2,-4.953630865E-1,-1.661863178E-1
8.820987785E1,-3.195890691E-3,-4.644694626E-1,-1.544680595E-1
8.821488024E1,3.515479714E-2,-4.367717505E-1,-1.438150853E-1
8.821964092E1,7.350549102E-2,-4.239881933E-1,-1.352927089E-1
8.822508644E1,1.139867753E-1,-4.197269976E-1,-1.267703325E-1
8.823011681E1,1.534027606E-1,-4.229228795E-1,-1.150520667E-1
8.823537499E1,1.938840449E-1,-4.271840751E-1,-1.012032107E-1
8.824025369E1,2.301041335E-1,-4.367717505E-1,-8.628904819E-2
8.824548447E1,2.631283402E-1,-4.463594258E-1,-6.817900389E-2
8.825005275E1,2.918913662E-1,-4.538165033E-1,-4.580776766E-2
8.825518655E1,3.089361191E-1,-4.676653445E-1,-2.130593918E-2
8.826022248E1,3.238502741E-1,-4.857754111E-1,2.130593872E-3
8.826561239E1,3.313073516E-1,-5.060160160E-1,2.556712553E-2
8.827067884E1,3.376991153E-1,-5.273219943E-1,4.154657945E-2
8.827578978E1,3.462215066E-1,-5.518237948E-1,5.539543927E-2
8.828100546E1,3.494173884E-1,-5.741950274E-1,6.924430281E-2
8.828596926E1,3.462215066E-1,-5.944356918E-1,8.202786744E-2
8.829099395E1,3.398297131E-1,-6.093498468E-1,9.161553532E-2
8.829603515E1,3.334379494E-1,-6.285251975E-1,9.374613315E-2
8.830118958E1,3.238502741E-1,-6.413087845E-1,9.694202244E-2
8.830624505E1,3.121320009E-1,-6.508964300E-1,9.907261282E-2
8.831121843E1,2.982831299E-1,-6.679411530E-1,9.161553532E-2
8.831641921E1,2.812383771E-1,-6.796594262E-1,8.522375673E-2
8.832136822E1,2.663242221E-1,-6.817900538E-1,7.989726961E-2
8.832649432E1,2.567365468E-1,-6.828553081E-1,7.457078248E-2
8.833151052E1,2.535406649E-1,-6.892471313E-1,7.137489319E-2
8.833661505E1,2.546059787E-1,-7.009654045E-1,6.817900389E-2
8.834150891E1,2.482141852E-1,-7.190754414E-1,6.604841352E-2
8.834672838E1,2.439530045E-1,-7.339895964E-1,5.646073818E-2
8.835217844E1,2.546059787E-1,-7.275978327E-1,4.580776766E-2
8.835689802E1,2.673895359E-1,-7.126836777E-1,3.302420676E-2
8.836189479E1,2.801730931E-1,-6.956388950E-1,2.130593918E-2
8.836718802E1,2.918913662E-1,-6.807247400E-1,7.457078435E-3
8.837205360E1,3.068055212E-1,-6.690064669E-1,-6.391781382E-3
8.837736271E1,3.238502741E-1,-6.551576257E-1,-1.917534508E-2
8.838223787E1,3.440909088E-1,-6.349169612E-1,-2.769771963E-2
8.838753693E1,3.685927391E-1,-5.986968875E-1,-3.835069016E-2
8.839236771E1,3.952251673E-1,-5.582156181E-1,-4.687306657E-2
8.839757198E1,4.186616838E-1,-5.166690350E-1,-5.433014408E-2
8.840249027E1,4.463594258E-1,-4.761877358E-1,-6.285251677E-2
8.840732052E1,4.751224220E-1,-4.399676323E-1,-7.137489319E-2
8.841260933E1,5.081466436E-1,-4.048128426E-1,-7.989726961E-2
8.841788323E1,5.379749537E-1,-3.760498166E-1,-8.841964602E-2
8.842283558E1,5.646073818E-1,-3.568744659E-1,-9.268083423E-2
8.842815339E1,5.880439281E-1,-3.451561928E-1,-8.948494494E-2
8.843296402E1,6.082845330E-1,-3.259808719E-1,-8.309315890E-2
8.843821511E1,6.295905113E-1,-2.982831299E-1,-7.350549102E-2
8.844310058E1,6.455699205E-1,-2.791078091E-1,-5.326484516E-2
8.844817136E1,6.540923119E-1,-2.727160156E-1,-3.195890784E-2
8.845330152E1,6.455699205E-1,-2.748466134E-1,-1.491415687E-2
8.845847376E1,6.210681200E-1,-2.791078091E-1,-4.261187743E-3
8.846353814E1,5.859133005E-1,-2.748466134E-1,-4.261187743E-3
8.846862595E1,5.486279130E-1,-2.514100671E-1,-9.587672539E-3
8.847372043E1,5.049507618E-1,-2.226470560E-1,-1.278356276E-2
8.847863678E1,4.548817873E-1,-1.906881481E-1,-1.917534508E-2
8.848362116E1,3.962904513E-1,-1.587292403E-1,-3.089361079E-2
8.848878329E1,3.334379494E-1,-1.246397421E-1,-3.835069016E-2
8.849380876E1,2.716507316E-1,-8.735434711E-2,-4.474247247E-2
8.849888923E1,2.098634988E-1,-5.219954997E-2,-4.900366068E-2
8.850392991E1,1.523374617E-1,-1.278356276E-2,-5.113425106E-2
8.850907033E1,9.800732136E-2,2.237123623E-2,-5.646073818E-2
8.851407439E1,5.113425106E-2,5.539543927E-2,-6.285251677E-2
8.851927168E1,2.343653329E-2,8.096256852E-2,-7.670138031E-2
8.852441970E1,-5.326484796E-3,8.948494494E-2,-9.587672353E-2
8.852965324E1,-3.302420676E-2,6.391781569E-2,-1.278356314E-1
8.853438465E1,-5.965662748E-2,8.522375487E-3,-1.608598381E-1
8.853947851E1,-8.522375673E-2,-2.556712553E-2,-2.002758235E-1
8.854451856E1,-1.214438528E-1,-3.195890784E-2,-2.428877056E-1
8.854968715E1,-1.736433953E-1,-1.278356276E-2,-2.844342887E-1
8.855467747E1,-2.279735506E-1,2.982831374E-2,-3.217196763E-1
8.855976809E1,-2.833689749E-1,8.948494494E-2,-3.451561928E-1
8.856481804E1,-3.291767538E-1,1.597945392E-1,-3.568744659E-1
8.857012190E1,-3.664621413E-1,2.333000302E-1,-3.451561928E-1
8.857522612E1,-3.984210491E-1,3.046749234E-1,-3.036096394E-1
8.858010377E1,-4.229228795E-1,3.781804144E-1,-2.673895359E-1
8.858503044E1,-4.250534773E-1,4.644694626E-1,-2.386265099E-1
8.859033643E1,-4.101393223E-1,5.667379498E-1,-2.034717202E-1
8.859522794E1,-3.930945694E-1,6.999000907E-1,-1.651210189E-1
8.860060820E1,-3.835068941E-1,8.650211096E-1,-1.267703325E-1
8.860565476E1,-3.803110123E-1,1.052513361E0,-8.415845782E-2
8.861060799E1,-3.867027760E-1,1.248528004E0,-4.154657945E-2
8.861587904E1,-3.962904513E-1,1.438150883E0,3.195890691E-3
8.862037784E1,-4.101393223E-1,1.619251370E0,3.728539124E-2
8.862563081E1,-4.239881933E-1,1.782241821E0,6.604841352E-2
8.863109857E1,-4.410329461E-1,1.880249143E0,9.907261282E-2
8.863601242E1,-4.634041786E-1,1.916469216E0,1.257050335E-1
8.864092555E1,-4.740571380E-1,1.938840389E0,1.278356314E-1
8.864592013E1,-4.729918540E-1,1.971864581E0,1.054643989E-1
8.865105805E1,-4.559471011E-1,2.028325319E0,6.178722158E-2
8.865606836E1,-4.261187613E-1,2.109287977E0,1.491415687E-2
8.866116206E1,-3.867027760E-1,2.200903416E0,-2.024064213E-2
8.866640451E1,-3.398297131E-1,2.291453600E0,-5.752603337E-2
8.867141170E1,-2.748466134E-1,2.362828493E0,-8.948494494E-2
8.867671805E1,-1.981452256E-1,2.420354605E0,-1.033338010E-1
8.868150717E1,-1.139867753E-1,2.465097189E0,-1.075949892E-1
8.868655420E1,-3.622009605E-2,2.483207226E0,-1.097255871E-1
8.869162065E1,2.024064213E-2,2.473619461E0,-1.075949892E-1
8.869660342E1,6.285251677E-2,2.446987152E0,-9.694202244E-2
8.870177884E1,1.065296903E-1,2.411832333E0,-7.030959427E-2
8.870693170E1,1.395539045E-1,2.373481512E0,-2.450183034E-2
8.871189660E1,1.534027606E-1,2.321281910E0,3.622009605E-2
8.871689321E1,1.416844875E-1,2.261625290E0,1.107908785E-1
8.872170233E1,1.001379117E-1,2.206229925E0,1.970799267E-1
8.872706071E1,3.941598535E-2,2.166813850E0,2.982831299E-1
8.873220889E1,-2.769771963E-2,2.158291578E0,3.898986876E-1
8.873721196E1,-9.374613315E-2,2.175336361E0,4.591429830E-1
8.874242254E1,-1.683169156E-1,2.199838161E0,5.060160160E-1
8.874759978E1,-2.567365468E-1,2.244580746E0,5.475625992E-1
8.875247952E1,-3.483521044E-1,2.283996582E0,5.955010056E-1
8.875761634E1,-4.431635141E-1,2.298910856E0,6.381128430E-1
8.876272431E1,-5.454320312E-1,2.282931328E0,6.487658620E-1
8.876763348E1,-6.562229395E-1,2.247776508E0,6.381128430E-1
8.877276733E1,-7.531649470E-1,2.207295179E0,6.189374924E-1
8.877798655E1,-8.501069546E-1,2.135920286E0,6.018927693E-1
8.878292728E1,-9.651589990E-1,2.019803047E0,5.752603412E-1
8.878807463E1,-1.073819280E0,1.903685570E0,5.337137580E-1
8.879307431E1,-1.150520682E0,1.804612994E0,4.974936545E-1
8.879827317E1,-1.210177302E0,1.684234500E0,4.484900236E-1
8.880327155E1,-1.258115649E0,1.548941731E0,3.877680898E-1
8.880822932E1,-1.299662232E0,1.442412019E0,3.430256248E-1
8.881331775E1,-1.335882306E0,1.367841244E0,3.068055212E-1
8.881833854E1,-1.363580108E0,1.307119370E0,2.801730931E-1
8.882363973E1,-1.367841244E0,1.240005612E0,2.844342887E-1
8.882855057E1,-1.374233007E0,1.169696093E0,3.014790416E-1
8.883364406E1,-1.397669554E0,1.100451708E0,2.886954844E-1
8.883861005E1,-1.418975472E0,1.034403324E0,2.460835874E-1
8.884361270E1,-1.434955001E0,9.694201946E-1,1.981452256E-1
8.884878234E1,-1.456260920E0,9.055023789E-1,1.565986425E-1
8.885387666E1,-1.487154484E0,8.469110727E-1,1.352927089E-1
8.885900323E1,-1.513786912E0,7.893850207E-1,1.289009303E-1
8.886403088E1,-1.538288832E0,7.574261427E-1,1.203785539E-1
8.886905427E1,-1.547876477E0,7.297284007E-1,1.118561774E-1
8.887427057E1,-1.536158204E0,7.020306587E-1,1.054643989E-1
8.887938188E1,-1.506329894E0,6.839206219E-1,9.800732136E-2
8.888431661E1,-1.463717937E0,6.690064669E-1,9.268083423E-2
8.888941360E1,-1.412583709E0,6.487658620E-1,8.948494494E-2
8.889480219E1,-1.351861835E0,6.221334338E-1,7.563608140E-2
8.889948808E1,-1.271964550E0,5.880439281E-1,4.793836176E-2
8.890460875E1,-1.179283738E0,5.358443856E-1,1.917534508E-2
8.890972219E1,-1.080211043E0,4.655347466E-1,-4.261187743E-3
8.891480115E1,-9.811384678E-1,3.803110123E-1,-3.089361079E-2
8.891983500E1,-8.820658922E-1,2.940219641E-1,-5.539543927E-2
8.892488334E1,-7.936462164E-1,2.045370042E-1,-7.670138031E-2
8.892997084E1,-7.052266002E-1,1.065296903E-1,-8.628904819E-2
8.893503704E1,-6.263945699E-1,8.522375487E-3,-8.948494494E-2
8.894007501E1,-5.592808723E-1,-7.989726961E-2,-9.268083423E-2
8.894514766E1,-5.017548800E-1,-1.629904360E-1,-1.043990999E-1
8.895034147E1,-4.484900236E-1,-2.471488863E-1,-1.193132550E-1
8.895506897E1,-3.930945694E-1,-3.408950269E-1,-1.267703325E-1
8.896034131E1,-3.281114697E-1,-4.389023483E-1,-1.331621110E-1
8.896580027E1,-2.535406649E-1,-5.337137580E-1,-1.374233067E-1
8.897056230E1,-1.725780964E-1,-6.285251975E-1,-1.363580078E-1
8.897562652E1,-9.907261282E-2,-7.222713232E-1,-1.416844875E-1
8.898067673E1,-3.302420676E-2,-8.000379801E-1,-1.565986425E-1
8.898580996E1,2.024064213E-2,-8.628905416E-1,-1.747086942E-1
8.899083527E1,6.285251677E-2,-9.193512797E-1,-1.981452256E-1
8.899590657E1,9.268083423E-2,-9.800731540E-1,-2.226470560E-1
8.900105793E1,1.171826646E-1,-1.043990970E0,-2.471488863E-1
8.900605834E1,1.406191885E-1,-1.098321199E0,-2.727160156E-1
8.901110303E1,1.608598381E-1,-1.145194173E0,-2.972178459E-1
8.901627090E1,1.864269674E-1,-1.186740756E0,-3.142625988E-1
8.902125168E1,2.119940966E-1,-1.222960830E0,-3.195890784E-1
8.902636491E1,2.407571077E-1,-1.242136240E0,-3.174584806E-1
8.903148840E1,2.663242221E-1,-1.245332122E0,-3.163931966E-1
8.903651324E1,2.769772112E-1,-1.233613849E0,-3.281114697E-1
8.904148101E1,2.620630562E-1,-1.199524403E0,-3.568744659E-1
8.904657559E1,2.205164731E-1,-1.148390055E0,-3.973557651E-1
8.905159877E1,1.704475135E-1,-1.089798808E0,-4.378370345E-1
8.905679845E1,1.246397421E-1,-1.033338070E0,-4.602082670E-1
8.906220741E1,7.776667923E-2,-9.747467041E-1,-4.719265401E-1
8.906695299E1,2.663242258E-2,-9.182859659E-1,-4.836448133E-1
8.907195012E1,-2.237123623E-2,-8.650211096E-1,-5.006895661E-1
8.907702898E1,-7.244019210E-2,-7.947115302E-1,-5.219954848E-1
8.908207690E1,-1.225091442E-1,-6.860512495E-1,-5.369096398E-1
8.908723054E1,-1.683169156E-1,-5.560849905E-1,-5.464973450E-1
8.909221966E1,-2.183858752E-1,-4.367717505E-1,-5.464973450E-1
8.909738841E1,-2.801730931E-1,-3.398297131E-1,-5.262566805E-1
8.910236773E1,-3.494173884E-1,-2.641936541E-1,-4.974936545E-1
8.910746601E1,-4.239881933E-1,-2.141246796E-1,-4.612735808E-1
8.911260794E1,-5.028201342E-1,-1.842963696E-1,-4.261187613E-1
8.911761132E1,-5.891091824E-1,-1.715128124E-1,-3.877680898E-1
8.912271638E1,-6.817900538E-1,-1.821657717E-1,-3.398297131E-1
8.912790726E1,-7.691444159E-1,-2.343653291E-1,-2.780424953E-1
8.913285820E1,-8.554334641E-1,-3.110667169E-1,-2.173205763E-1
8.913815409E1,-9.268083572E-1,-3.675274551E-1,-1.565986425E-1
8.914300367E1,-9.651589990E-1,-3.760498166E-1,-8.948494494E-2
8.914815867E1,-9.672896266E-1,-3.259808719E-1,-2.237123623E-2
8.915326534E1,-9.332001209E-1,-2.290388346E-1,6.178722158E-2
8.915823409E1,-8.831311464E-1,-1.033338010E-1,1.629904360E-1
8.916317404E1,-8.341274858E-1,2.982831374E-2,2.663242221E-1
8.916848050E1,-7.904503345E-1,1.491415650E-1,3.675274551E-1
8.917337805E1,-7.350549102E-1,2.226470560E-1,4.687306583E-1
8.917846727E1,-6.615493894E-1,2.173205763E-1,5.816521049E-1
8.918348138E1,-5.646073818E-1,1.107908785E-1,7.148142457E-1
8.918834784E1,-4.442288280E-1,-8.735434711E-2,8.554334641E-1
8.919353566E1,-3.174584806E-1,-3.046749234E-1,9.811384678E-1
8.919876904E1,-2.226470560E-1,-4.602082670E-1,1.068492770E0
8.920385206E1,-1.842963696E-1,-5.582156181E-1,1.115365863E0
8.920891331E1,-2.290388346E-1,-5.901744962E-1,1.110039353E0
8.921410175E1,-3.217196763E-1,-4.783183336E-1,1.049317479E0
8.921916441E1,-4.026822448E-1,-2.205164731E-1,9.715508223E-1
8.922409680E1,-4.687306583E-1,4.154657945E-2,9.268083572E-1
8.922928988E1,-5.166690350E-1,2.045370042E-1,9.097635746E-1
8.923420118E1,-5.177342892E-1,2.631283402E-1,8.895229697E-1
8.923931342E1,-4.580776691E-1,2.311694324E-1,8.362581134E-1
8.924441608E1,-3.398297131E-1,1.342274100E-1,7.361201644E-1
8.924948873E1,-1.779045910E-1,0.000000000E0,5.933703780E-1
8.925451233E1,1.065296959E-2,-1.608598381E-1,4.218575954E-1
8.925962374E1,2.077329010E-1,-3.568744659E-1,2.333000302E-1
8.926482426E1,4.080087245E-1,-5.624767542E-1,4.793836176E-2
8.926976972E1,6.178722382E-1,-7.552955151E-1,-1.129214764E-1
8.927476327E1,8.373233676E-1,-9.566366673E-1,-2.471488863E-1
8.928002551E1,1.047186852E0,-1.165434837E0,-3.494173884E-1
8.928491332E1,1.242136240E0,-1.371037126E0,-4.325105548E-1
8.929010358E1,1.401930809E0,-1.553202987E0,-4.985589683E-1
8.929507494E1,1.522309303E0,-1.684234500E0,-5.560849905E-1
8.930025728E1,1.608598351E0,-1.757739902E0,-6.157416105E-1
8.930537067E1,1.658667326E0,-1.802482367E0,-6.572881937E-1
8.931034343E1,1.685299754E0,-1.826984286E0,-6.722023487E-1
8.931551145E1,1.699148655E0,-1.822723031E0,-6.626147032E-1
8.932048239E1,1.693822145E0,-1.796090603E0,-6.381128430E-1
8.932551114E1,1.666124463E0,-1.733238101E0,-6.082845330E-1
8.933076525E1,1.620316625E0,-1.632034898E0,-5.795215368E-1
8.933588833E1,1.557464123E0,-1.472240329E0,-5.422361493E-1
8.934081728E1,1.474370956E0,-1.253854513E0,-5.006895661E-1
8.934580499E1,1.374233007E0,-9.875302315E-1,-4.570123851E-1
8.935092895E1,1.267703295E0,-6.871165037E-1,-4.175963998E-1
8.935613041E1,1.161173701E0,-3.952251673E-1,-3.760498166E-1
8.936109567E1,1.062101007E0,-1.651210189E-1,-3.291767538E-1
8.936602948E1,9.736813903E-1,-1.811004803E-2,-2.759118974E-1
8.937115052E1,9.012411833E-1,4.687306657E-2,-2.311694324E-1
8.937635198E1,8.447804451E-1,5.752603337E-2,-2.034717202E-1
8.938133713E1,7.989727259E-1,3.622009605E-2,-1.896228492E-1
8.938649786E1,7.638179064E-1,8.522375487E-3,-1.864269674E-1
8.939152203E1,7.382507920E-1,-1.704475097E-2,-1.960146427E-1
8.939652734E1,7.190754414E-1,-4.687306657E-2,-2.056023031E-1
8.940157536E1,7.201407552E-1,-7.457078248E-2,-2.098634988E-1
8.940627495E1,7.361201644E-1,-8.948494494E-2,-2.098634988E-1
8.941188885E1,7.659484744E-1,-9.587672353E-2,-1.960146427E-1
8.941676318E1,8.032338619E-1,-1.012032107E-1,-1.832310706E-1
8.942187526E1,8.426498771E-1,-1.150520667E-1,-1.789698899E-1
8.942695047E1,8.841964602E-1,-1.331621110E-1,-1.768392920E-1
8.943210464E1,9.268083572E-1,-1.459456831E-1,-1.715128124E-1
8.943713401E1,9.619631171E-1,-1.747086942E-1,-1.715128124E-1
8.944248224E1,9.822037816E-1,-2.109287977E-1,-1.842963696E-1
8.944733391E1,9.811384678E-1,-2.524753809E-1,-2.098634988E-1
8.945236651E1,9.587672353E-1,-2.791078091E-1,-2.333000302E-1
8.945881126E1,9.172206521E-1,-2.929566503E-1,-2.578018606E-1
8.946251740E1,8.554334641E-1,-3.100014031E-1,-2.769772112E-1
8.946766605E1,7.787320614E-1,-3.408950269E-1,-2.844342887E-1
8.947262167E1,6.977695227E-1,-3.867027760E-1,-2.833689749E-1
8.947769100E1,6.114804149E-1,-4.389023483E-1,-2.876301706E-1
8.948286490E1,5.262566805E-1,-4.847100973E-1,-2.950872481E-1
8.948790470E1,4.463594258E-1,-5.241261125E-1,-3.036096394E-1
8.949281928E1,3.685927391E-1,-5.635420680E-1,-3.142625988E-1
8.949799720E1,2.982831299E-1,-5.912398100E-1,-3.206543922E-1
8.950306365E1,2.333000302E-1,-6.146763563E-1,-3.227849603E-1
8.950805116E1,1.768392920E-1,-6.295905113E-1,-3.281114697E-1
8.951305657E1,1.278356314E-1,-6.285251975E-1,-3.302420378E-1
8.951846600E1,8.522375673E-2,-6.349169612E-1,-3.334379494E-1
8.952327720E1,3.089361079E-2,-6.583535075E-1,-3.345032334E-1
8.952857376E1,-2.237123623E-2,-6.785941720E-1,-3.302420378E-1
8.953349605E1,-7.030959427E-2,-6.860512495E-1,-3.259808719E-1
8.953867376E1,-1.150520667E-1,-6.881818175E-1,-3.238502741E-1
8.954362538E1,-1.565986425E-1,-6.871165037E-1,-3.206543922E-1
8.954881246E1,-1.938840449E-1,-6.903123856E-1,-3.163931966E-1
8.955364793E1,-2.311694324E-1,-7.009654045E-1,-3.163931966E-1
8.955883554E1,-2.652589381E-1,-7.126836777E-1,-3.131972849E-1
8.956387262E1,-2.950872481E-1,-7.275978327E-1,-3.100014031E-1
8.956898439E1,-3.195890784E-1,-7.414466739E-1,-3.057402074E-1
8.957418726E1,-3.387644291E-1,-7.520996332E-1,-3.014790416E-1
8.957910934E1,-3.483521044E-1,-7.542302012E-1,-2.982831299E-1
8.958422340E1,-3.472867906E-1,-7.403813601E-1,-2.929566503E-1
8.958938830E1,-3.291767538E-1,-7.105530500E-1,-2.844342887E-1
8.959432799E1,-3.068055212E-1,-6.881818175E-1,-2.737812996E-1
8.959947997E1,-2.812383771E-1,-6.753982306E-1,-2.652589381E-1
8.960442294E1,-2.460835874E-1,-6.615493894E-1,-2.578018606E-1
8.960955815E1,-2.013411224E-1,-6.381128430E-1,-2.460835874E-1
8.961456549E1,-1.502068639E-1,-6.231986880E-1,-2.343653291E-1
8.961964919E1,-1.012032107E-1,-6.200028062E-1,-2.247776538E-1
8.962468153E1,-5.859133229E-2,-6.221334338E-1,-2.183858752E-1
8.962985164E1,-1.811004803E-2,-6.221334338E-1,-2.141246796E-1
8.963485508E1,2.450183034E-2,-6.168069243E-1,-2.119940966E-1
8.964003674E1,6.924430281E-2,-6.050886512E-1,-2.130593807E-1
8.964498185E1,1.097255871E-1,-5.923051238E-1,-2.087981999E-1
8.965006346E1,1.534027606E-1,-5.720644593E-1,-2.034717202E-1
8.965534549E1,2.066676021E-1,-5.496932268E-1,-2.002758235E-1
8.966045081E1,2.631283402E-1,-5.262566805E-1,-1.981452256E-1
8.966529471E1,3.217196763E-1,-4.974936545E-1,-1.917534471E-1
8.967052919E1,3.781804144E-1,-4.666000605E-1,-1.800351888E-1
8.967547154E1,4.303799570E-1,-4.389023483E-1,-1.661863178E-1
8.968054237E1,4.719265401E-1,-4.069434404E-1,-1.491415650E-1
8.968555253E1,5.038854480E-1,-3.792456985E-1,-1.235744432E-1
8.969037096E1,5.230607986E-1,-3.568744659E-1,-9.481142461E-2
8.969571633E1,5.315831900E-1,-3.440909088E-1,-6.498311460E-2
8.970081060E1,5.379749537E-1,-3.387644291E-1,-3.195890784E-2
8.970600149E1,5.464973450E-1,-3.313073516E-1,-3.195890691E-3
8.971111321E1,5.571503043E-1,-3.227849603E-1,2.024064213E-2
8.971601451E1,5.656726956E-1,-3.334379494E-1,3.302420676E-2
8.972118649E1,5.678032637E-1,-3.632662594E-1,3.941598535E-2
8.972618441E1,5.603461862E-1,-3.984210491E-1,4.580776766E-2
8.973140607E1,5.390402675E-1,-4.357064366E-1,4.900366068E-2
8.973626081E1,5.156037211E-1,-4.634041786E-1,5.433014408E-2
8.974145290E1,4.996242523E-1,-4.857754111E-1,5.965662748E-2
8.974639878E1,4.836448133E-1,-5.134730935E-1,5.965662748E-2
8.975149576E1,4.623388648E-1,-5.379749537E-1,5.965662748E-2
8.975674842E1,4.389023483E-1,-5.433014631E-1,5.646073818E-2
8.976170556E1,4.197269976E-1,-5.369096398E-1,5.326484516E-2
8.976665941E1,4.026822448E-1,-5.177342892E-1,4.367717355E-2
8.977195087E1,3.898986876E-1,-4.953630865E-1,2.982831374E-2
8.977682874E1,3.781804144E-1,-4.868406951E-1,1.171826664E-2
8.978198691E1,3.728539348E-1,-4.889712930E-1,-8.522375487E-3
8.978714160E1,3.749845326E-1,-4.996242523E-1,-2.876301669E-2
8.979209035E1,3.813762963E-1,-5.156037211E-1,-5.219954997E-2
8.979713421E1,3.867027760E-1,-5.326484442E-1,-8.096256852E-2
8.980227520E1,3.994863629E-1,-5.507585406E-1,-1.054643989E-1
8.980754051E1,4.133352041E-1,-5.624767542E-1,-1.235744432E-1
8.981239634E1,4.282493591E-1,-5.656726956E-1,-1.406191885E-1
8.981751848E1,4.516859055E-1,-5.614115000E-1,-1.534027606E-1
8.982254509E1,4.761877358E-1,-5.603461862E-1,-1.555333585E-1
8.982753749E1,5.049507618E-1,-5.486279130E-1,-1.523374617E-1
8.983275905E1,5.422361493E-1,-5.230607986E-1,-1.470109820E-1
8.983766437E1,5.827174187E-1,-4.985589683E-1,-1.395539045E-1
8.984286739E1,6.242640018E-1,-4.783183336E-1,-1.235744432E-1
8.984786598E1,6.647452712E-1,-4.655347466E-1,-1.012032107E-1
8.985301426E1,7.094877362E-1,-4.495553076E-1,-8.202786744E-2
8.985803202E1,7.574261427E-1,-4.314452708E-1,-6.498311460E-2
8.986310307E1,7.989727259E-1,-4.218575954E-1,-5.219954997E-2
8.986822765E1,8.309316039E-1,-4.218575954E-1,-4.261187837E-2
8.987323208E1,8.628905416E-1,-3.781804144E-1,-1.491415687E-2
8.987838786E1,8.735435009E-1,-3.068055212E-1,1.278356276E-2
8.988340526E1,8.479763865E-1,-2.418224066E-1,3.089361079E-2
8.988842864E1,8.032338619E-1,-1.736433953E-1,4.154657945E-2
8.989352515E1,7.414466739E-1,-1.075949892E-1,4.793836176E-2
8.989853849E1,6.700717807E-1,-6.391781569E-2,4.687306657E-2
8.990372948E1,5.944356918E-1,-4.048128426E-2,4.154657945E-2
8.990884792E1,5.166690350E-1,-3.515479714E-2,3.515479714E-2
8.991396271E1,4.378370345E-1,-5.433014408E-2,2.024064213E-2
8.991879922E1,3.675274551E-1,-9.587672353E-2,-1.065296959E-2
8.992400536E1,3.206543922E-1,-7.776667923E-2,-2.024064213E-2
8.992896568E1,2.663242221E-1,-4.580776766E-2,-3.302420676E-2
8.993407365E1,2.024064213E-1,-2.556712553E-2,-5.326484516E-2
8.993912057E1,1.395539045E-1,-5.326484796E-3,-7.989726961E-2
8.994436599E1,7.457078248E-2,2.450183034E-2,-1.161173657E-1
8.994925068E1,4.261187743E-3,5.113425106E-2,-1.619251370E-1
8.995438781E1,-5.965662748E-2,6.924430281E-2,-2.215817571E-1
8.995948568E1,-1.086602882E-1,7.883197069E-2,-2.759118974E-1
8.996448719E1,-1.512721628E-1,9.481142461E-2,-2.929566503E-1
8.996985818E1,-1.874922663E-1,1.065296903E-1,-3.014790416E-1
8.997470136E1,-2.077329010E-1,1.374233067E-1,-3.494173884E-1
8.997940667E1,-2.034717202E-1,1.864269674E-1,-3.813762963E-1
8.998499969E1,-1.821657717E-1,2.386265099E-1,-3.781804144E-1
8.998995230E1,-1.576639414E-1,3.004137278E-1,-3.526133001E-1
8.999503475E1,-1.289009303E-1,3.803110123E-1,-3.025443256E-1
9.000004464E1,-1.043990999E-1,4.729918540E-1,-2.375612110E-1
9.000533225E1,-8.948494494E-2,5.816521049E-1,-1.693822145E-1
9.001011881E1,-8.415845782E-2,7.105530500E-1,-1.033338010E-1
9.001528766E1,-9.268083423E-2,8.586293459E-1,-4.261187837E-2
9.002028970E1,-1.107908785E-1,1.019489169E0,1.491415687E-2
9.002543678E1,-1.406191885E-1,1.180348992E0,7.350549102E-2
9.003008746E1,-1.821657717E-1,1.335882306E0,1.299662292E-1
9.003563173E1,-2.322347313E-1,1.475436211E0,1.747086942E-1
9.004055517E1,-2.823036909E-1,1.592618942E0,2.045370042E-1
9.004566366E1,-3.281114697E-1,1.685299754E0,2.333000302E-1
9.005092694E1,-3.696580231E-1,1.752413511E0,2.503447831E-1
9.005582767E1,-3.973557651E-1,1.803547740E0,2.524753809E-1
9.006095444E1,-4.144005179E-1,1.856812596E0,2.396918088E-1
9.006593418E1,-4.122699201E-1,1.914338589E0,2.087981999E-1
9.007107429E1,-3.909639716E-1,1.979321718E0,1.693822145E-1
9.007613830E1,-3.611356616E-1,2.043239594E0,1.246397421E-1
9.008117887E1,-3.270461559E-1,2.095438957E0,9.587672353E-2
9.008620298E1,-2.929566503E-1,2.138051033E0,7.670138031E-2
9.009183783E1,-2.556712627E-1,2.181728125E0,5.219954997E-2
9.009652746E1,-2.141246796E-1,2.226470709E0,2.876301669E-2
9.010137773E1,-1.661863178E-1,2.261625290E0,1.065296959E-2
9.010648335E1,-1.289009303E-1,2.276539564E0,-8.522375487E-3
9.011157898E1,-1.065296903E-1,2.274409056E0,-2.769771963E-2
9.011663663E1,-9.800732136E-2,2.249907017E0,-3.515479714E-2
9.012168163E1,-1.054643989E-1,2.195576906E0,-3.089361079E-2
9.012681893E1,-1.203785539E-1,2.130593777E0,-2.769771963E-2
9.013191528E1,-1.342274100E-1,2.085851431E0,-1.811004803E-2
9.013691190E1,-1.448803842E-1,2.074133158E0,1.384885982E-2
9.014166596E1,-1.704475135E-1,2.077328920E0,7.137489319E-2
9.014711809E1,-2.151899785E-1,2.084786177E0,1.406191885E-1
9.015213231E1,-2.631283402E-1,2.113549232E0,2.205164731E-1
9.015725742E1,-3.110667169E-1,2.160422087E0,2.961525619E-1
9.016223659E1,-3.590050638E-1,2.214752436E0,3.653968573E-1
9.016760606E1,-4.016169310E-1,2.276539564E0,4.239881933E-1
9.017242549E1,-4.484900236E-1,2.321281910E0,4.857754111E-1
9.017778122E1,-5.262566805E-1,2.288257837E0,5.475625992E-1
9.018276727E1,-6.210681200E-1,2.211556435E0,6.029580832E-1
9.018766169E1,-7.052266002E-1,2.140181541E0,6.359822750E-1
9.019268258E1,-7.648832202E-1,2.072002649E0,6.551576257E-1
9.019782685E1,-8.042991757E-1,1.986778736E0,6.572881937E-1
9.020292732E1,-8.117562532E-1,1.907946825E0,6.285251975E-1
9.020762039E1,-8.096256852E-1,1.809939504E0,5.944356918E-1
9.021273425E1,-8.117562532E-1,1.688495636E0,5.646073818E-1
9.021809852E1,-8.245398402E-1,1.564921141E0,5.241261125E-1
9.022336758E1,-8.522375226E-1,1.463717937E0,4.836448133E-1
9.022832711E1,-8.927188516E-1,1.389147162E0,4.602082670E-1
9.023325800E1,-9.417225122E-1,1.340143561E0,4.399676323E-1
9.023854477E1,-9.949873090E-1,1.311380506E0,4.261187613E-1
9.024341264E1,-1.040795088E0,1.287943959E0,4.293146729E-1
9.024856649E1,-1.075949907E0,1.254919767E0,4.303799570E-1
9.025359988E1,-1.108974099E0,1.198459029E0,4.175963998E-1
9.025866982E1,-1.140933037E0,1.121757627E0,3.835068941E-1
9.026380118E1,-1.181414247E0,1.047186852E0,3.472867906E-1
9.026895816E1,-1.230417967E0,9.694201946E-1,3.131972849E-1
9.027384884E1,-1.282617569E0,8.969800472E-1,2.897607684E-1
9.027909509E1,-1.331621170E0,8.405193090E-1,2.727160156E-1
9.028393504E1,-1.360384226E0,7.957767844E-1,2.567365468E-1
9.028914800E1,-1.372102499E0,7.638179064E-1,2.450182885E-1
9.029409764E1,-1.371037126E0,7.307937145E-1,2.322347313E-1
9.029922889E1,-1.358253598E0,6.913776994E-1,2.205164731E-1
9.030426144E1,-1.333751798E0,6.455699205E-1,2.098634988E-1
9.030938467E1,-1.300727606E0,6.072192788E-1,1.885575503E-1
9.031445926E1,-1.254919767E0,5.678032637E-1,1.704475135E-1
9.031965790E1,-1.201654911E0,5.230607986E-1,1.491415650E-1
9.032451921E1,-1.133475900E0,4.687306583E-1,1.331621110E-1
9.032971915E1,-1.063166380E0,3.994863629E-1,1.182479635E-1
9.033479744E1,-9.981832504E-1,3.163931966E-1,1.022685021E-1
9.033985166E1,-9.353306890E-1,2.226470560E-1,8.096256852E-2
9.034522025E1,-8.788699508E-1,1.225091442E-1,6.498311460E-2
9.034992291E1,-8.213439584E-1,2.343653329E-2,4.900366068E-2
9.035492775E1,-7.659484744E-1,-6.391781569E-2,3.408950195E-2
9.036007832E1,-7.169448137E-1,-1.395539045E-1,1.811004803E-2
9.036528254E1,-6.732676625E-1,-2.183858752E-1,1.065296959E-2
9.037040265E1,-6.242640018E-1,-2.897607684E-1,8.522375487E-3
9.037522739E1,-5.709991455E-1,-3.526133001E-1,-1.065296936E-3
9.038032436E1,-5.092119575E-1,-4.090740085E-1,-5.326484796E-3
9.038545208E1,-4.399676323E-1,-4.815142155E-1,-1.704475097E-2
9.039061333E1,-3.579397798E-1,-5.635420680E-1,-2.663242258E-2
9.039557630E1,-2.737812996E-1,-6.359822750E-1,-3.728539124E-2
9.040072937E1,-1.906881481E-1,-6.988347769E-1,-6.072192639E-2
9.040565255E1,-1.214438528E-1,-7.574261427E-1,-8.522375673E-2
9.041078812E1,-6.391781569E-2,-8.117562532E-1,-1.107908785E-1
9.041577552E1,-9.587672539E-3,-8.618252277E-1,-1.395539045E-1
9.042108703E1,4.154657945E-2,-9.076330066E-1,-1.672516167E-1
9.042610557E1,8.735434711E-2,-9.438530803E-1,-1.949493438E-1
9.043118562E1,1.310315281E-1,-9.758120179E-1,-2.151899785E-1
9.043619016E1,1.757739931E-1,-1.008836150E0,-2.290388346E-1
9.044129739E1,2.130593807E-1,-1.035468578E0,-2.386265099E-1
9.044644057E1,2.258429527E-1,-1.041860461E0,-2.492794842E-1
9.045149693E1,2.162552774E-1,-1.034403324E0,-2.631283402E-1
9.045636802E1,2.002758235E-1,-1.024815679E0,-2.695201337E-1
9.046157083E1,1.885575503E-1,-1.013097405E0,-2.737812996E-1
9.046651865E1,1.779045910E-1,-9.853996634E-1,-2.705854177E-1
9.047172276E1,1.587292403E-1,-9.374613166E-1,-2.567365468E-1
9.047685110E1,1.214438528E-1,-8.778046966E-1,-2.343653291E-1
9.048177058E1,5.113425106E-2,-8.000379801E-1,-1.981452256E-1
9.048680021E1,-3.941598535E-2,-6.935083270E-1,-1.661863178E-1
9.049197969E1,-1.459456831E-1,-5.646073818E-1,-1.395539045E-1
9.049701870E1,-2.609977424E-1,-4.378370345E-1,-1.289009303E-1
9.050233922E1,-3.803110123E-1,-3.313073516E-1,-1.352927089E-1
9.050719506E1,-4.847100973E-1,-2.471488863E-1,-1.395539045E-1
9.051250365E1,-5.709991455E-1,-1.938840449E-1,-1.395539045E-1
9.051729621E1,-6.338516474E-1,-1.779045910E-1,-1.384886056E-1
9.052249428E1,-6.711370945E-1,-1.853616685E-1,-1.470109820E-1
9.052737162E1,-6.935083270E-1,-2.034717202E-1,-1.523374617E-1
9.053251365E1,-7.116183639E-1,-2.279735506E-1,-1.534027606E-1
9.053757220E1,-7.307937145E-1,-2.737812996E-1,-1.470109820E-1
9.054265933E1,-7.531649470E-1,-3.440909088E-1,-1.299662292E-1
9.054769829E1,-7.478384376E-1,-4.069434404E-1,-9.907261282E-2
9.055279043E1,-7.020306587E-1,-4.250534773E-1,-4.687306657E-2
9.055785293E1,-6.317210793E-1,-3.930945694E-1,1.065296959E-2
9.056291938E1,-5.411708355E-1,-3.174584806E-1,7.563608140E-2
9.056792897E1,-4.325105548E-1,-1.992105246E-1,1.438150853E-1
9.057308345E1,-3.334379494E-1,-3.408950195E-2,2.119940966E-1
9.057811111E1,-2.641936541E-1,1.523374617E-1,2.769772112E-1
9.058326126E1,-2.109287977E-1,2.865648866E-1,3.398297131E-1
9.058824121E1,-1.608598381E-1,2.982831299E-1,4.133352041E-1
9.059354178E1,-9.907261282E-2,1.597945392E-1,5.177342892E-1
9.059856288E1,-2.024064213E-2,-1.331621110E-1,6.381128430E-1
9.060350371E1,5.006895587E-2,-5.028201342E-1,7.382507920E-1
9.060864179E1,8.735434711E-2,-7.840585709E-1,8.160174489E-1
9.061362403E1,6.498311460E-2,-8.927188516E-1,8.682169914E-1
9.061884679E1,-2.237123623E-2,-8.288010359E-1,8.778046966E-1
9.062378491E1,-1.406191885E-1,-6.168069243E-1,8.277357221E-1
9.062896632E1,-2.418224066E-1,-3.217196763E-1,7.201407552E-1
9.063392007E1,-2.801730931E-1,-6.498311460E-2,6.242640018E-1
9.063912174E1,-2.524753809E-1,5.113425106E-2,5.763256550E-1
9.064406090E1,-1.779045910E-1,4.474247247E-2,5.539544225E-1
9.064912736E1,-8.522375673E-2,-1.384885982E-2,5.273219943E-1
9.065419122E1,2.876301669E-2,-7.883197069E-2,4.666000605E-1
9.065936898E1,1.747086942E-1,-1.608598381E-1,3.643315434E-1
9.066436674E1,3.323726356E-1,-2.727160156E-1,2.428877056E-1
9.066939252E1,4.889712930E-1,-4.069434404E-1,1.342274100E-1
9.067460752E1,6.306557655E-1,-5.422361493E-1,3.515479714E-2
9.067953982E1,7.457078695E-1,-6.775288582E-1,-6.072192639E-2
9.068467060E1,8.469110727E-1,-8.106909394E-1,-1.544680595E-1
9.068976357E1,9.385265708E-1,-9.513101578E-1,-2.460835874E-1
9.069481273E1,1.028011560E0,-1.099386454E0,-3.281114697E-1
9.069978659E1,1.116431236E0,-1.241070986E0,-4.080087245E-1
9.070492310E1,1.205916166E0,-1.369971871E0,-4.868406951E-1
9.070994643E1,1.280486941E0,-1.474370956E0,-5.550196767E-1
9.071509221E1,1.330555916E0,-1.544680595E0,-6.018927693E-1
9.072009034E1,1.359318852E0,-1.571313024E0,-6.061539650E-1
9.072519867E1,1.357188344E0,-1.568117142E0,-5.848480463E-1
9.073028732E1,1.325229406E0,-1.539354086E0,-5.656726956E-1
9.073535331E1,1.267703295E0,-1.475436211E0,-5.592808723E-1
9.074038690E1,1.175022483E0,-1.356122971E0,-5.582156181E-1
9.074556727E1,1.048252225E0,-1.181414247E0,-5.560849905E-1
9.075065123E1,8.916535378E-1,-9.640937448E-1,-5.550196767E-1
9.075566019E1,7.244018912E-1,-7.265325189E-1,-5.528891087E-1
9.076066826E1,5.624767542E-1,-4.964283705E-1,-5.443667173E-1
9.076588821E1,4.186616838E-1,-3.206543922E-1,-5.219954848E-1
9.077080316E1,2.950872481E-1,-2.183858752E-1,-5.028201342E-1
9.077597378E1,1.960146427E-1,-1.832310706E-1,-4.932324886E-1
9.078114910E1,1.267703325E-1,-2.141246796E-1,-4.985589683E-1
9.078621394E1,8.735434711E-2,-2.886954844E-1,-5.060160160E-1
9.079128123E1,5.965662748E-2,-3.685927391E-1,-5.028201342E-1
9.079624852E1,5.113425106E-2,-4.175963998E-1,-4.932324886E-1
9.080121321E1,5.965662748E-2,-4.474247098E-1,-4.783183336E-1
9.080636545E1,7.563608140E-2,-4.666000605E-1,-4.559471011E-1
9.081137285E1,1.043990999E-1,-4.623388648E-1,-4.346411526E-1
9.081651488E1,1.438150853E-1,-4.442288280E-1,-4.144005179E-1
9.082160644E1,1.779045910E-1,-4.303799570E-1,-3.867027760E-1
9.082639972E1,2.056023031E-1,-4.218575954E-1,-3.590050638E-1
9.083170582E1,2.333000302E-1,-4.112046063E-1,-3.398297131E-1
9.083676759E1,2.482141852E-1,-4.048128426E-1,-3.206543922E-1
9.084181842E1,2.578018606E-1,-3.973557651E-1,-3.057402074E-1
9.084707629E1,2.780424953E-1,-3.952251673E-1,-2.961525619E-1
9.085196525E1,2.972178459E-1,-4.016169310E-1,-2.961525619E-1
9.085710697E1,3.078708053E-1,-4.165311158E-1,-3.036096394E-1
9.086211874E1,3.142625988E-1,-4.335758388E-1,-3.110667169E-1
9.086747983E1,3.057402074E-1,-4.367717505E-1,-3.185237944E-1
9.087227129E1,2.950872481E-1,-4.303799570E-1,-3.281114697E-1
9.087737202E1,2.791078091E-1,-4.410329461E-1,-3.387644291E-1
9.088258989E1,2.524753809E-1,-4.729918540E-1,-3.526133001E-1
9.088750926E1,2.173205763E-1,-5.166690350E-1,-3.696580231E-1
9.089263129E1,1.768392920E-1,-5.592808723E-1,-3.867027760E-1
9.089770744E1,1.374233067E-1,-5.891091824E-1,-3.973557651E-1
9.090265416E1,9.800732136E-2,-6.029580832E-1,-4.026822448E-1
9.090778530E1,5.752603337E-2,-6.104151607E-1,-4.026822448E-1
9.091312963E1,2.237123623E-2,-6.157416105E-1,-3.994863629E-1
9.091805984E1,-6.391781382E-3,-6.146763563E-1,-3.930945694E-1
9.092303229E1,-2.982831374E-2,-6.029580832E-1,-3.845722079E-1
9.092812609E1,-4.793836176E-2,-5.891091824E-1,-3.760498166E-1
9.093309583E1,-7.350549102E-2,-5.816521049E-1,-3.685927391E-1
9.093827416E1,-9.161553532E-2,-5.741950274E-1,-3.664621413E-1
9.094331297E1,-9.694202244E-2,-5.560849905E-1,-3.622009456E-1
9.094836271E1,-9.374613315E-2,-5.411708355E-1,-3.590050638E-1
9.095334687E1,-8.628904819E-2,-5.347790718E-1,-3.568744659E-1
9.095853281E1,-7.776667923E-2,-5.337137580E-1,-3.568744659E-1
9.096352807E1,-6.817900389E-2,-5.379749537E-1,-3.547438681E-1
9.096863495E1,-5.433014408E-2,-5.464973450E-1,-3.483521044E-1
9.097361271E1,-3.941598535E-2,-5.592808723E-1,-3.451561928E-1
9.097884338E1,-2.343653329E-2,-5.678032637E-1,-3.387644291E-1
9.098399969E1,-3.195890691E-3,-5.784562230E-1,-3.291767538E-1
9.098903646E1,2.343653329E-2,-5.848480463E-1,-3.153278828E-1
9.099394235E1,6.178722158E-2,-5.784562230E-1,-3.025443256E-1
9.099946844E1,1.086602882E-1,-5.688685775E-1,-2.876301706E-1
9.100406537E1,1.672516167E-1,-5.592808723E-1,-2.737812996E-1
9.100921313E1,2.279735506E-1,-5.528891087E-1,-2.620630562E-1
9.101429297E1,2.940219641E-1,-5.507585406E-1,-2.503447831E-1
9.101936354E1,3.600703776E-1,-5.454320312E-1,-2.407571077E-1
9.102448485E1,4.239881933E-1,-5.358443856E-1,-2.290388346E-1
9.102947417E1,4.740571380E-1,-5.433014631E-1,-2.151899785E-1
9.103457204E1,5.006895661E-1,-5.880439281E-1,-2.024064213E-1
9.103971860E1,5.038854480E-1,-6.487658620E-1,-1.832310706E-1
9.104461350E1,5.092119575E-1,-6.956388950E-1,-1.640557349E-1
9.104987308E1,5.326484442E-1,-7.201407552E-1,-1.480762810E-1
9.105491532E1,5.550196767E-1,-7.201407552E-1,-1.406191885E-1
9.105998094E1,5.752603412E-1,-7.073571682E-1,-1.320968270E-1
9.106499980E1,5.955010056E-1,-6.999000907E-1,-1.043990999E-1
9.107006548E1,6.114804149E-1,-6.924430132E-1,-7.350549102E-2
9.107542152E1,6.114804149E-1,-6.743329763E-1,-5.539543927E-2
9.108024558E1,6.093498468E-1,-6.349169612E-1,-3.302420676E-2
9.108523636E1,6.029580832E-1,-5.827174187E-1,-1.704475097E-2
9.109043241E1,5.805868506E-1,-5.347790718E-1,-1.065296959E-2
9.109533725E1,5.656726956E-1,-4.857754111E-1,-2.130593872E-3
9.110043422E1,5.560849905E-1,-4.474247098E-1,3.195890691E-3
9.110549298E1,5.496932268E-1,-4.229228795E-1,3.195890691E-3
9.111072574E1,5.443667173E-1,-4.069434404E-1,1.065296936E-3
9.111573554E1,5.433014631E-1,-4.080087245E-1,-6.391781382E-3
9.112077830E1,5.358443856E-1,-4.378370345E-1,-1.917534508E-2
9.112583559E1,5.262566805E-1,-4.953630865E-1,-2.982831374E-2
9.113096595E1,5.177342892E-1,-5.603461862E-1,-3.408950195E-2
9.113601559E1,5.166690350E-1,-6.082845330E-1,-4.261187837E-2
9.114113257E1,5.230607986E-1,-6.423740387E-1,-5.113425106E-2
9.114620450E1,5.315831900E-1,-6.540923119E-1,-6.604841352E-2
9.115126356E1,5.464973450E-1,-6.381128430E-1,-7.883197069E-2
9.115619939E1,5.528891087E-1,-6.093498468E-1,-8.522375673E-2
9.116140106E1,5.496932268E-1,-5.720644593E-1,-9.161553532E-2
9.116637127E1,5.454320312E-1,-5.177342892E-1,-9.587672353E-2
9.117145596E1,5.422361493E-1,-4.602082670E-1,-1.022685021E-1
9.117654169E1,5.347790718E-1,-3.930945694E-1,-1.161173657E-1
9.118184122E1,5.315831900E-1,-3.355685472E-1,-1.203785539E-1
9.118676898E1,5.294525623E-1,-3.046749234E-1,-1.193132550E-1
9.119179278E1,5.305178761E-1,-2.886954844E-1,-1.182479635E-1
9.119694804E1,5.369096398E-1,-2.844342887E-1,-1.193132550E-1
9.120192002E1,5.475625992E-1,-2.886954844E-1,-1.182479635E-1
9.120698221E1,5.624767542E-1,-3.068055212E-1,-1.139867753E-1
9.121204971E1,5.827174187E-1,-3.238502741E-1,-1.054643989E-1
9.121711747E1,6.072192788E-1,-3.440909088E-1,-9.481142461E-2
9.122223419E1,6.317210793E-1,-3.611356616E-1,-8.522375673E-2
9.122725930E1,6.508964300E-1,-3.792456985E-1,-7.776667923E-2
9.123236195E1,6.722023487E-1,-3.696580231E-1,-5.859133229E-2
9.123740586E1,6.860512495E-1,-3.323726356E-1,-3.515479714E-2
9.124257612E1,6.732676625E-1,-2.993484437E-1,-1.704475097E-2
9.124765003E1,6.381128430E-1,-2.641936541E-1,-7.457078435E-3
9.125278695E1,5.901744962E-1,-2.301041335E-1,-3.195890691E-3
9.125766956E1,5.251913667E-1,-2.024064213E-1,-4.261187743E-3
9.126280820E1,4.484900236E-1,-1.789698899E-1,-1.065296959E-2
9.126786092E1,3.728539348E-1,-1.587292403E-1,-2.450183034E-2
9.127293513E1,3.068055212E-1,-1.438150853E-1,-4.154657945E-2
9.127800081E1,2.471488863E-1,-1.310315281E-1,-6.178722158E-2
9.128322472E1,1.832310706E-1,-1.257050335E-1,-8.841964602E-2
9.128818550E1,1.203785539E-1,-1.331621110E-1,-1.139867753E-1
9.129318456E1,5.859133229E-2,-1.480762810E-1,-1.416844875E-1
9.129829519E1,-3.195890691E-3,-1.800351888E-1,-1.704475135E-1
9.130341904E1,-6.604841352E-2,-1.874922663E-1,-2.428877056E-1
9.130853347E1,-1.310315281E-1,-1.725780964E-1,-2.940219641E-1
9.131351706E1,-1.917534471E-1,-1.683169156E-1,-3.302420378E-1
9.131861404E1,-2.471488863E-1,-1.651210189E-1,-3.376991153E-1
9.132362316E1,-2.854995728E-1,-1.257050335E-1,-3.653968573E-1
9.132869582E1,-3.004137278E-1,-6.817900389E-2,-3.909639716E-1
9.133376733E1,-2.993484437E-1,-2.130593918E-2,-3.898986876E-1
9.133885920E1,-2.812383771E-1,3.302420676E-2,-3.867027760E-1
9.134399530E1,-2.514100671E-1,9.161553532E-2,-3.696580231E-1
9.134897072E1,-2.066676021E-1,1.565986425E-1,-3.366338313E-1
9.135412295E1,-1.640557349E-1,2.269082516E-1,-2.961525619E-1
9.135917379E1,-1.299662292E-1,3.025443256E-1,-2.535406649E-1
9.136431327E1,-1.001379117E-1,3.920292854E-1,-2.151899785E-1
9.136920665E1,-8.415845782E-2,4.932324886E-1,-1.789698899E-1
9.137437155E1,-8.841964602E-2,6.040233374E-1,-1.544680595E-1
9.137936749E1,-1.022685021E-1,7.222713232E-1,-1.352927089E-1
9.138464827E1,-1.235744432E-1,8.298662901E-1,-1.129214764E-1
9.138952968E1,-1.502068639E-1,9.257430434E-1,-9.161553532E-2
9.139467869E1,-1.842963696E-1,1.014162660E0,-8.096256852E-2
9.139969546E1,-2.183858752E-1,1.094059944E0,-7.137489319E-2
9.140485713E1,-2.514100671E-1,1.168630719E0,-6.285251677E-2
9.140978051E1,-2.833689749E-1,1.231483221E0,-5.752603337E-2
9.141494171E1,-3.078708053E-1,1.281552196E0,-5.752603337E-2
9.141993270E1,-3.313073516E-1,1.322033525E0,-6.604841352E-2
9.142512963E1,-3.451561928E-1,1.368906617E0,-7.670138031E-2
9.143008447E1,-3.504827023E-1,1.433889627E0,-8.841964602E-2
9.143521161E1,-3.558091819E-1,1.511656404E0,-1.065296903E-1
9.144021145E1,-3.611356616E-1,1.594749570E0,-1.289009303E-1
9.144559958E1,-3.685927391E-1,1.676777363E0,-1.534027606E-1
9.145043598E1,-3.739192188E-1,1.755609393E0,-1.672516167E-1
9.145568036E1,-3.717886209E-1,1.831245422E0,-1.672516167E-1
9.146081333E1,-3.622009456E-1,1.906881571E0,-1.747086942E-1
9.146564744E1,-3.451561928E-1,1.982517600E0,-1.885575503E-1
9.147068724E1,-3.249155581E-1,2.047500610E0,-1.992105246E-1
9.147593375E1,-3.078708053E-1,2.080524921E0,-2.077329010E-1
9.148083521E1,-2.950872481E-1,2.086916685E0,-2.162552774E-1
9.148598406E1,-2.918913662E-1,2.072002649E0,-2.237123549E-1
9.149098641E1,-2.982831299E-1,2.036847830E0,-2.311694324E-1
9.149610870E1,-3.025443256E-1,1.984648228E0,-2.333000302E-1
9.150117073E1,-3.142625988E-1,1.913273335E0,-2.279735506E-1
9.150660776E1,-3.355685472E-1,1.834441304E0,-2.077329010E-1
9.151128912E1,-3.664621413E-1,1.768392920E0,-1.885575503E-1
9.151650969E1,-4.016169310E-1,1.716193318E0,-1.683169156E-1
9.152137542E1,-4.452941120E-1,1.688495636E0,-1.416844875E-1
9.152652459E1,-4.996242523E-1,1.698083282E0,-1.001379117E-1
9.153153209E1,-5.486279130E-1,1.733238101E0,-4.367717355E-2
9.153668453E1,-5.933703780E-1,1.779045939E0,2.450183034E-2
9.154163912E1,-6.349169612E-1,1.826984286E0,9.374613315E-2
9.154673678E1,-6.743329763E-1,1.878118515E0,1.629904360E-1
9.155177824E1,-7.073571682E-1,1.923926234E0,2.237123549E-1
9.155705594E1,-7.520996332E-1,1.933513880E0,2.854995728E-1
9.156202959E1,-8.128215671E-1,1.909012079E0,3.408950269E-1
9.156707079E1,-8.724781871E-1,1.845094323E0,3.845722079E-1
9.157205813E1,-9.129594564E-1,1.747087002E0,4.271840751E-1
9.157727199E1,-9.278736115E-1,1.619251370E0,4.655347466E-1
9.158227897E1,-9.140247703E-1,1.480762720E0,4.847100973E-1
9.158744068E1,-8.682169914E-1,1.368906617E0,4.644694626E-1
9.159235928E1,-8.298662901E-1,1.319902897E0,4.452941120E-1
9.159752741E1,-8.266704082E-1,1.297531724E0,4.335758388E-1
9.160269954E1,-8.554334641E-1,1.293270469E0,4.207922816E-1
9.160777069E1,-9.204165339E-1,1.307119370E0,4.133352041E-1
9.161267043E1,-1.005640268E0,1.322033525E0,4.037475288E-1
9.161781579E1,-1.061035752E0,1.324164033E0,3.930945694E-1
9.162310309E1,-1.083406925E0,1.313511133E0,4.058781266E-1
9.162799137E1,-1.092994690E0,1.287943959E0,4.325105548E-1
9.163298017E1,-1.099386454E0,1.243201494E0,4.303799570E-1
9.163805053E1,-1.090864062E0,1.192067266E0,4.133352041E-1
9.164309428E1,-1.061035752E0,1.128149509E0,3.909639716E-1
9.164839059E1,-1.018423915E0,1.037599206E0,3.685927391E-1
9.165340668E1,-9.843343496E-1,9.353306890E-1,3.579397798E-1
9.165848267E1,-9.683549404E-1,8.522375226E-1,3.398297131E-1
9.166334252E1,-9.545060396E-1,7.840585709E-1,3.313073516E-1
9.166849814E1,-9.395918846E-1,7.190754414E-1,3.398297131E-1
9.167359710E1,-9.268083572E-1,6.562229395E-1,3.483521044E-1
9.167865111E1,-9.182859659E-1,5.955010056E-1,3.440909088E-1
9.168369768E1,-9.012411833E-1,5.358443856E-1,3.323726356E-1
9.168881444E1,-8.767393827E-1,4.761877358E-1,3.195890784E-1
9.169380247E1,-8.554334641E-1,4.069434404E-1,3.100014031E-1
9.169914674E1,-8.362581134E-1,3.440909088E-1,3.036096394E-1
9.170407638E1,-8.085603714E-1,2.897607684E-1,2.886954844E-1
9.170940299E1,-7.755361795E-1,2.311694324E-1,2.684548199E-1
9.171415278E1,-7.414466739E-1,1.640557349E-1,2.514100671E-1
9.171922278E1,-6.999000907E-1,8.735434711E-2,2.386265099E-1
9.172444258E1,-6.636800170E-1,7.457078435E-3,2.247776538E-1
9.172935534E1,-6.221334338E-1,-7.350549102E-2,2.098634988E-1
9.173454685E1,-5.699338317E-1,-1.587292403E-1,1.917534471E-1
9.173950346E1,-5.113425255E-1,-2.524753809E-1,1.747086942E-1
9.174454081E1,-4.442288280E-1,-3.440909088E-1,1.534027606E-1
9.174970445E1,-3.707233369E-1,-4.229228795E-1,1.257050335E-1
9.175459419E1,-2.950872481E-1,-5.060160160E-1,1.012032107E-1
9.175982664E1,-2.215817571E-1,-5.923051238E-1,7.989726961E-2
9.176477893E1,-1.512721628E-1,-6.668758988E-1,5.539543927E-2
9.176989899E1,-9.055023640E-2,-7.265325189E-1,2.769771963E-2
9.177510946E1,-3.941598535E-2,-7.861891389E-1,-3.195890691E-3
9.178015383E1,5.326484796E-3,-8.522375226E-1,-3.835069016E-2
9.178531284E1,4.687306657E-2,-9.140247703E-1,-7.776667923E-2
9.179042404E1,8.841964602E-2,-9.715508223E-1,-1.214438528E-1
9.179520706E1,1.235744432E-1,-1.029076815E0,-1.597945392E-1
9.180030315E1,1.576639414E-1,-1.084472299E0,-1.885575503E-1
9.180545566E1,1.981452256E-1,-1.119627118E0,-2.013411224E-1
9.181054253E1,2.471488863E-1,-1.134541273E0,-2.034717202E-1
9.181548258E1,2.812383771E-1,-1.143063664E0,-1.992105246E-1
9.182068337E1,2.854995728E-1,-1.151585937E0,-2.002758235E-1
9.182576295E1,2.695201337E-1,-1.146259546E0,-2.151899785E-1
9.183080863E1,2.311694324E-1,-1.111104727E0,-2.354306281E-1
9.183587316E1,1.725780964E-1,-1.056774616E0,-2.439530045E-1
9.184103024E1,1.139867753E-1,-9.960526228E-1,-2.396918088E-1
9.184595571E1,6.391781569E-2,-9.417225122E-1,-2.205164731E-1
9.185119790E1,-4.261187743E-3,-8.831311464E-1,-1.864269674E-1
9.185605795E1,-9.055023640E-2,-7.957767844E-1,-1.512721628E-1
9.186123905E1,-1.800351888E-1,-6.828553081E-1,-1.235744432E-1
9.186638665E1,-2.727160156E-1,-5.592808723E-1,-9.907261282E-2
9.187133337E1,-3.536785841E-1,-4.410329461E-1,-7.670138031E-2
9.187642228E1,-4.069434404E-1,-3.568744659E-1,-4.367717355E-2
9.188150426E1,-4.303799570E-1,-3.206543922E-1,-1.597945392E-2
9.188655280E1,-4.357064366E-1,-3.227849603E-1,1.065296936E-3
9.189166436E1,-4.367717505E-1,-3.504827023E-1,1.704475097E-2
9.189685389E1,-4.271840751E-1,-3.920292854E-1,4.580776766E-2
9.190173671E1,-3.962904513E-1,-4.261187613E-1,9.694202244E-2
9.190675764E1,-3.515479863E-1,-4.154658020E-1,1.683169156E-1
9.191200358E1,-2.961525619E-1,-3.376991153E-1,2.556712627E-1
9.191699218E1,-2.343653291E-1,-2.034717202E-1,3.536785841E-1
9.192210989E1,-1.757739931E-1,-5.433014408E-2,4.644694626E-1
9.192707171E1,-1.331621110E-1,2.982831374E-2,5.901744962E-1
9.193217358E1,-1.161173657E-1,2.876301669E-2,7.169448137E-1
9.193722067E1,-1.235744432E-1,-3.089361079E-2,8.330622315E-1
9.194247728E1,-1.544680595E-1,-8.841964602E-2,9.214818478E-1
9.194741437E1,-1.906881481E-1,-7.244019210E-2,9.619631171E-1
9.195250015E1,-2.013411224E-1,3.302420676E-2,9.363960028E-1
9.195745187E1,-1.544680595E-1,1.693822145E-1,8.714128733E-1
9.196263364E1,-7.350549102E-2,2.439530045E-1,8.011032939E-1
9.196762020E1,3.195890691E-3,1.672516167E-1,7.403813601E-1
9.197290369E1,6.817900389E-2,-1.491415687E-2,6.881818175E-1
9.197804192E1,1.214438528E-1,-1.800351888E-1,6.295905113E-1
9.198290500E1,1.693822145E-1,-2.929566503E-1,5.464973450E-1
9.198789192E1,2.322347313E-1,-3.781804144E-1,4.516859055E-1
9.199315614E1,3.281114697E-1,-4.452941120E-1,3.462215066E-1
9.199806375E1,4.538165033E-1,-5.070813298E-1,2.290388346E-1
9.200337458E1,5.784562230E-1,-6.040233374E-1,1.150520667E-1
9.200837677E1,6.881818175E-1,-7.382507920E-1,5.326484796E-3
9.201341286E1,8.011032939E-1,-9.012411833E-1,-1.033338010E-1
9.201836036E1,9.289389253E-1,-1.072754025E0,-2.141246796E-1
9.202362135E1,1.067427516E0,-1.250658631E0,-3.185237944E-1
9.202853005E1,1.208046675E0,-1.424301982E0,-3.994863629E-1
9.203362932E1,1.340143561E0,-1.583031297E0,-4.570123851E-1
9.203863656E1,1.451999664E0,-1.733238101E0,-4.964283705E-1
9.204379308E1,1.527635813E0,-1.856812596E0,-5.283873081E-1
9.204878271E1,1.571313024E0,-1.938840389E0,-5.560849905E-1
9.205387974E1,1.580900669E0,-1.968668699E0,-5.859133005E-1
9.205892344E1,1.567051768E0,-1.937775135E0,-6.178722382E-1
9.206402532E1,1.535092831E0,-1.848290205E0,-6.466352344E-1
9.206910110E1,1.480762720E0,-1.700213909E0,-6.498311162E-1
9.207419948E1,1.405126691E0,-1.488219857E0,-6.242640018E-1
9.207917516E1,1.310315251E0,-1.212307930E0,-5.699338317E-1
9.208440725E1,1.189936638E0,-8.735435009E-1,-4.974936545E-1
9.208959761E1,1.053578615E0,-4.911018908E-1,-4.144005179E-1
9.209458730E1,9.129594564E-1,-1.086602882E-1,-3.376991153E-1
9.209961798E1,7.808626294E-1,2.205164731E-1,-2.737812996E-1
9.210465584E1,6.626147032E-1,4.474247098E-1,-2.226470560E-1
9.210970272E1,5.720644593E-1,5.678032637E-1,-2.024064213E-1
9.211484011E1,5.251913667E-1,5.933703780E-1,-2.013411224E-1
9.211980652E1,5.081466436E-1,5.209302306E-1,-2.087981999E-1
9.212512751E1,5.070813298E-1,3.696580231E-1,-2.247776538E-1
9.212961834E1,5.145384073E-1,1.938840449E-1,-2.471488863E-1
9.213508475E1,5.209302306E-1,4.474247247E-2,-2.727160156E-1
9.214010475E1,5.273219943E-1,-4.793836176E-2,-3.004137278E-1
9.214538048E1,5.390402675E-1,-9.055023640E-2,-3.302420378E-1
9.215022272E1,5.571503043E-1,-1.001379117E-1,-3.611356616E-1
9.215550007E1,5.837827325E-1,-9.907261282E-2,-3.845722079E-1
9.216043923E1,6.125457287E-1,-1.001379117E-1,-3.941598535E-1
9.216544210E1,6.455699205E-1,-1.033338010E-1,-3.824416101E-1
9.217049814E1,6.807247400E-1,-1.171826646E-1,-3.622009456E-1
9.217560366E1,7.180101275E-1,-1.448803842E-1,-3.430256248E-1
9.218073283E1,7.499690652E-1,-1.747086942E-1,-3.206543922E-1
9.218583059E1,7.723402977E-1,-2.013411224E-1,-2.950872481E-1
9.219073491E1,7.840585709E-1,-2.290388346E-1,-2.748466134E-1
9.219591778E1,7.808626294E-1,-2.578018606E-1,-2.609977424E-1
9.220084731E1,7.648832202E-1,-2.823036909E-1,-2.567365468E-1
9.220625408E1,7.446425557E-1,-3.100014031E-1,-2.546059787E-1
9.221108434E1,7.169448137E-1,-3.419603109E-1,-2.578018606E-1
9.221621570E1,6.828553081E-1,-3.803110123E-1,-2.652589381E-1
9.222122971E1,6.445046663E-1,-4.197269976E-1,-2.705854177E-1
9.222633085E1,6.018927693E-1,-4.495553076E-1,-2.748466134E-1
9.223145549E1,5.571503043E-1,-4.804489315E-1,-2.769772112E-1
9.223669309E1,5.092119575E-1,-5.092119575E-1,-2.791078091E-1
9.224154518E1,4.591429830E-1,-5.433014631E-1,-2.801730931E-1
9.224663851E1,4.016169310E-1,-5.869786143E-1,-2.801730931E-1
9.225160841E1,3.440909088E-1,-6.263945699E-1,-2.769772112E-1
9.225687508E1,2.961525619E-1,-6.402434707E-1,-2.748466134E-1
9.226178638E1,2.503447831E-1,-6.477005482E-1,-2.705854177E-1
9.226687627E1,2.002758235E-1,-6.583535075E-1,-2.631283402E-1
9.227203237E1,1.459456831E-1,-6.562229395E-1,-2.503447831E-1
9.227705622E1,9.374613315E-2,-6.455699205E-1,-2.407571077E-1
9.228205581E1,4.154657945E-2,-6.221334338E-1,-2.258429527E-1
9.228727466E1,-4.261187743E-3,-5.859133005E-1,-2.151899785E-1
9.229222737E1,-4.793836176E-2,-5.539544225E-1,-2.056023031E-1
9.229735789E1,-9.374613315E-2,-5.283873081E-1,-1.960146427E-1
9.230250680E1,-1.363580078E-1,-5.060160160E-1,-1.864269674E-1
9.230751784E1,-1.725780964E-1,-4.847100973E-1,-1.821657717E-1
9.231261170E1,-1.960146427E-1,-4.634041786E-1,-1.768392920E-1
9.231777690E1,-2.109287977E-1,-4.378370345E-1,-1.736433953E-1
9.232262847E1,-2.087981999E-1,-4.122699201E-1,-1.725780964E-1
9.232803487E1,-2.056023031E-1,-4.058781266E-1,-1.704475135E-1
9.233276602E1,-2.034717202E-1,-4.186616838E-1,-1.693822145E-1
9.233799107E1,-1.938840449E-1,-4.303799570E-1,-1.629904360E-1
9.234303066E1,-1.842963696E-1,-4.484900236E-1,-1.491415650E-1
9.234813186E1,-1.715128124E-1,-4.761877358E-1,-1.320968270E-1
9.235341358E1,-1.480762810E-1,-4.932324886E-1,-1.129214764E-1
9.235831259E1,-1.118561774E-1,-5.017548800E-1,-9.268083423E-2
9.236320113E1,-7.137489319E-2,-5.145384073E-1,-6.711370498E-2
9.236835967E1,-2.556712553E-2,-5.251913667E-1,-4.261187837E-2
9.237348821E1,2.130593918E-2,-5.315831900E-1,-1.811004803E-2
9.237859576E1,6.817900389E-2,-5.347790718E-1,5.326484796E-3
9.238364342E1,1.129214764E-1,-5.273219943E-1,2.556712553E-2
9.238883097E1,1.523374617E-1,-5.092119575E-1,4.261187837E-2
9.239364780E1,1.896228492E-1,-4.836448133E-1,5.646073818E-2
9.239875571E1,2.237123549E-1,-4.612735808E-1,6.924430281E-2
9.240374983E1,2.524753809E-1,-4.420982301E-1,8.415845782E-2
9.240894920E1,2.865648866E-1,-4.218575954E-1,9.055023640E-2
9.241406520E1,3.195890784E-1,-4.058781266E-1,9.268083423E-2
9.241904796E1,3.515479863E-1,-3.941598535E-1,9.587672353E-2
9.242403629E1,3.760498166E-1,-3.898986876E-1,1.022685021E-1
9.242915306E1,3.877680898E-1,-3.835068941E-1,1.118561774E-1
9.243418155E1,3.930945694E-1,-3.813762963E-1,1.214438528E-1
9.243947744E1,3.962904513E-1,-3.898986876E-1,1.289009303E-1
9.244452082E1,4.080087245E-1,-4.037475288E-1,1.342274100E-1
9.244947812E1,4.239881933E-1,-4.144005179E-1,1.374233067E-1
9.245458239E1,4.410329461E-1,-4.229228795E-1,1.416844875E-1
9.245969832E1,4.452941120E-1,-4.367717505E-1,1.406191885E-1
9.246466838E1,4.399676323E-1,-4.431635141E-1,1.416844875E-1
9.246981906E1,4.271840751E-1,-4.410329461E-1,1.438150853E-1
9.247476572E1,4.133352041E-1,-4.389023483E-1,1.459456831E-1
9.247989635E1,3.994863629E-1,-4.410329461E-1,1.480762810E-1
9.248507140E1,3.867027760E-1,-4.420982301E-1,1.502068639E-1
9.249010223E1,3.739192188E-1,-4.389023483E-1,1.470109820E-1
9.249532328E1,3.611356616E-1,-4.357064366E-1,1.395539045E-1
9.250019619E1,3.430256248E-1,-4.293146729E-1,1.267703325E-1
9.250518156E1,3.227849603E-1,-4.186616838E-1,1.129214764E-1
9.251034760E1,3.046749234E-1,-4.058781266E-1,1.043990999E-1
9.251536911E1,2.823036909E-1,-3.984210491E-1,9.161553532E-2
9.252043010E1,2.609977424E-1,-3.930945694E-1,7.776667923E-2
9.252554135E1,2.407571077E-1,-3.920292854E-1,6.285251677E-2
9.253081427E1,2.258429527E-1,-3.877680898E-1,5.006895587E-2
9.253564865E1,2.162552774E-1,-3.813762963E-1,4.048128426E-2
9.254091703E1,2.066676021E-1,-3.792456985E-1,2.982831374E-2
9.254581073E1,1.981452256E-1,-3.760498166E-1,2.024064213E-2
9.255103469E1,1.949493438E-1,-3.696580231E-1,1.278356276E-2
9.255591922E1,2.034717202E-1,-3.600703776E-1,1.384885982E-2
9.256108761E1,2.162552774E-1,-3.568744659E-1,1.491415687E-2
9.256622339E1,2.396918088E-1,-3.536785841E-1,1.491415687E-2
9.257118901E1,2.716507316E-1,-3.462215066E-1,1.811004803E-2
9.257636136E1,3.110667169E-1,-3.291767538E-1,2.343653329E-2
9.258134193E1,3.568744659E-1,-3.110667169E-1,3.089361079E-2
9.258646912E1,4.026822448E-1,-2.961525619E-1,3.941598535E-2
9.259141625E1,4.452941120E-1,-2.780424953E-1,5.433014408E-2
9.259646792E1,4.857754111E-1,-2.588671446E-1,7.244019210E-2
9.260171683E1,5.241261125E-1,-2.439530045E-1,8.841964602E-2
9.260663350E1,5.571503043E-1,-2.301041335E-1,9.907261282E-2
9.261190876E1,5.859133005E-1,-2.183858752E-1,1.075949892E-1
9.261693470E1,6.008274555E-1,-2.151899785E-1,1.118561774E-1
9.262194266E1,5.965662599E-1,-2.375612110E-1,1.139867753E-1
9.262689558E1,5.741950274E-1,-2.620630562E-1,1.107908785E-1
9.263223813E1,5.273219943E-1,-2.791078091E-1,9.694202244E-2
9.263707126E1,4.666000605E-1,-2.929566503E-1,7.670138031E-2
9.264220168E1,3.941598535E-1,-3.131972849E-1,5.965662748E-2
9.264724975E1,3.057402074E-1,-3.345032334E-1,3.728539124E-2
9.265233110E1,2.077329010E-1,-3.568744659E-1,1.811004803E-2
9.265736100E1,1.033338010E-1,-3.824416101E-1,-3.195890691E-3
9.266259876E1,-4.261187743E-3,-4.026822448E-1,-2.343653329E-2
9.266768178E1,-1.129214764E-1,-4.186616838E-1,-4.154657945E-2
9.267276611E1,-2.205164731E-1,-4.389023483E-1,-6.817900389E-2
9.267784220E1,-3.259808719E-1,-4.676653445E-1,-9.374613315E-2
9.268286194E1,-4.250534773E-1,-4.964283705E-1,-1.107908785E-1
9.268785788E1,-5.177342892E-1,-5.219954848E-1,-1.363580078E-1
9.269284606E1,-6.018927693E-1,-5.486279130E-1,-1.693822145E-1
9.269811496E1,-6.743329763E-1,-5.486279130E-1,-1.853616685E-1
9.270304226E1,-7.435772419E-1,-5.337137580E-1,-2.066676021E-1
9.270826872E1,-8.042991757E-1,-5.209302306E-1,-2.418224066E-1
9.271320939E1,-8.458457589E-1,-5.017548800E-1,-2.716507316E-1
9.271818460E1,-8.607599139E-1,-4.815142155E-1,-2.972178459E-1
9.272340762E1,-8.522375226E-1,-4.751224220E-1,-3.142625988E-1
9.272835018E1,-8.298662901E-1,-4.687306583E-1,-3.323726356E-1
9.273342851E1,-7.861891389E-1,-4.602082670E-1,-3.472867906E-1
9.273850794E1,-7.403813601E-1,-4.516859055E-1,-3.387644291E-1
9.274364632E1,-6.903123856E-1,-4.144005179E-1,-3.163931966E-1
9.274870690E1,-6.253293157E-1,-3.366338313E-1,-2.812383771E-1
9.275385288E1,-5.486279130E-1,-2.311694324E-1,-2.364959270E-1
9.275894731E1,-4.655347466E-1,-1.171826646E-1,-1.842963696E-1
9.276388778E1,-3.824416101E-1,1.704475097E-2,-1.267703325E-1
9.276890153E1,-3.025443256E-1,1.640557349E-1,-6.924430281E-2
9.277399502E1,-2.343653291E-1,3.057402074E-1,-1.278356276E-2
9.277918945E1,-1.842963696E-1,4.335758388E-1,3.622009605E-2
9.278415586E1,-1.587292403E-1,5.496932268E-1,8.522375673E-2
9.278925075E1,-1.555333585E-1,6.615493894E-1,1.267703325E-1
9.279445841E1,-1.789698899E-1,7.584913969E-1,1.587292403E-1
9.279934898E1,-2.215817571E-1,8.533028364E-1,1.768392920E-1
9.280446336E1,-2.801730931E-1,9.427877665E-1,1.853616685E-1
9.280948831E1,-3.483521044E-1,1.030142188E0,1.832310706E-1
9.281456003E1,-4.186616838E-1,1.115365863E0,1.693822145E-1
9.281968706E1,-4.836448133E-1,1.202720284E0,1.448803842E-1
9.282483565E1,-5.475625992E-1,1.282617569E0,1.150520667E-1
9.282981836E1,-6.040233374E-1,1.357188344E0,8.522375673E-2
9.283491232E1,-6.519617438E-1,1.430693746E0,5.113425106E-2
9.283986680E1,-6.881818175E-1,1.505264521E0,1.491415687E-2
9.284499524E1,-7.116183639E-1,1.588357687E0,-2.024064213E-2
9.285007456E1,-7.265325189E-1,1.671450853E0,-5.646073818E-2
9.285521664E1,-7.371854782E-1,1.741760492E0,-8.735434711E-2
9.286021300E1,-7.403813601E-1,1.801417112E0,-1.171826646E-1
9.286540909E1,-7.318589687E-1,1.862138987E0,-1.448803842E-1
9.287030831E1,-7.158795595E-1,1.921795726E0,-1.736433953E-1
9.287543660E1,-6.913776994E-1,1.986778736E0,-2.045370042E-1
9.288068519E1,-6.562229395E-1,2.038978338E0,-2.269082516E-1
9.288573134E1,-6.125457287E-1,2.077328920E0,-2.471488863E-1
9.289058764E1,-5.731297731E-1,2.099700212E0,-2.620630562E-1
9.289591201E1,-5.443667173E-1,2.111418486E0,-2.631283402E-1
9.290087889E1,-5.401055217E-1,2.123136759E0,-2.407571077E-1
9.290593452E1,-5.667379498E-1,2.126332760E0,-1.981452256E-1
9.291088196E1,-6.082845330E-1,2.110353231E0,-1.448803842E-1
9.291602686E1,-6.615493894E-1,2.089047194E0,-8.415845782E-2
9.292102368E1,-7.126836777E-1,2.077328920E0,-1.491415687E-2
9.292632655E1,-7.574261427E-1,2.085851431E0,6.285251677E-2
9.293117592E1,-7.861891389E-1,2.117810249E0,1.502068639E-1
9.293643806E1,-8.128215671E-1,2.183858633E0,2.450182885E-1
9.294141530E1,-8.405193090E-1,2.254168272E0,3.419603109E-1
9.294662681E1,-8.788699508E-1,2.304237366E0,4.165311158E-1
9.295147962E1,-9.097635746E-1,2.360697985E0,4.729918540E-1
9.295661353E1,-9.300042391E-1,2.382004023E0,5.379749537E-1
9.296161801E1,-9.385265708E-1,2.330869675E0,6.050886512E-1
9.296671410E1,-9.140247703E-1,2.263756037E0,6.381128430E-1
9.297173275E1,-8.394539952E-1,2.221144199E0,6.221334338E-1
9.297703082E1,-7.574261427E-1,2.167879343E0,6.061539650E-1
9.298198244E1,-6.817900538E-1,2.073067904E0,5.965662599E-1
9.298706499E1,-6.626147032E-1,1.951624036E0,5.752603412E-1
9.299215937E1,-7.094877362E-1,1.836571932E0,5.859133005E-1
9.299721671E1,-7.723402977E-1,1.747087002E0,6.114804149E-1
9.300218562E1,-8.426498771E-1,1.683169127E0,6.082845330E-1
9.300731311E1,-9.214818478E-1,1.625643134E0,5.848480463E-1
9.301229557E1,-9.992485046E-1,1.568117142E0,5.550196767E-1
9.301742848E1,-1.052513361E0,1.496742249E0,5.209302306E-1
9.302264000E1,-1.087668180E0,1.415779591E0,5.028201342E-1
9.302787474E1,-1.121757627E0,1.326294661E0,4.996242523E-1
9.303269328E1,-1.170761347E0,1.258115649E0,4.932324886E-1
9.303773640E1,-1.237874985E0,1.211242557E0,4.729918540E-1
9.304280286E1,-1.314576387E0,1.170761347E0,4.474247098E-1
9.304807547E1,-1.383820772E0,1.122823000E0,4.112046063E-1
9.305295879E1,-1.440281510E0,1.072754025E0,3.685927391E-1
9.305798083E1,-1.488219857E0,1.016293287E0,3.281114697E-1
9.306270047E1,-1.531896949E0,9.534407854E-1,2.854995728E-1
9.306782490E1,-1.571313024E0,9.044371247E-1,2.354306281E-1
9.307286120E1,-1.591553569E0,8.660864234E-1,1.811004728E-1
9.307794724E1,-1.592618942E0,8.213439584E-1,1.235744432E-1
9.308296511E1,-1.569182396E0,7.638179064E-1,7.989726961E-2
9.308810240E1,-1.523374677E0,6.924430132E-1,4.261187837E-2
9.309312412E1,-1.467979193E0,6.146763563E-1,1.065296936E-3
9.309823172E1,-1.402996063E0,5.305178761E-1,-4.367717355E-2
9.310326120E1,-1.335882306E0,4.335758388E-1,-8.309315890E-2
9.310837433E1,-1.261311531E0,3.281114697E-1,-1.203785539E-1
9.311339339E1,-1.188871384E0,2.247776538E-1,-1.512721628E-1
9.311855344E1,-1.112169981E0,1.214438528E-1,-1.747086942E-1
9.312360146E1,-1.041860461E0,2.130593918E-2,-2.002758235E-1
9.312867438E1,-9.715508223E-1,-7.457078248E-2,-2.173205763E-1
9.313369396E1,-8.991106153E-1,-1.736433953E-1,-2.290388346E-1
9.313884730E1,-8.234745264E-1,-2.673895359E-1,-2.333000302E-1
9.314381928E1,-7.382507920E-1,-3.664621413E-1,-2.290388346E-1
9.314895350E1,-6.445046663E-1,-4.708612561E-1,-2.269082516E-1
9.315399933E1,-5.507585406E-1,-5.678032637E-1,-2.343653291E-1
9.315910272E1,-4.580776691E-1,-6.540923119E-1,-2.556712627E-1
9.316410584E1,-3.664621413E-1,-7.350549102E-1,-2.844342887E-1
9.316927522E1,-2.823036909E-1,-8.085603714E-1,-3.142625988E-1
9.317426574E1,-1.992105246E-1,-8.810005784E-1,-3.366338313E-1
9.317940912E1,-1.182479635E-1,-9.481142759E-1,-3.568744659E-1
9.318439001E1,-3.728539124E-2,-1.010966778E0,-3.707233369E-1
9.318951600E1,4.474247247E-2,-1.057839870E0,-3.771151006E-1
9.319453277E1,1.289009303E-1,-1.098321199E0,-3.803110123E-1
9.319965991E1,2.045370042E-1,-1.136671782E0,-3.867027760E-1
9.320467814E1,2.716507316E-1,-1.167565465E0,-3.888333738E-1
9.320980059E1,3.206543922E-1,-1.187806129E0,-3.962904513E-1
9.321483574E1,3.536785841E-1,-1.206981421E0,-4.069434404E-1
9.321994996E1,3.771151006E-1,-1.215503812E0,-4.250534773E-1
9.322497710E1,3.749845326E-1,-1.210177302E0,-4.484900236E-1
9.323010220E1,3.494173884E-1,-1.199524403E0,-4.751224220E-1
9.323512533E1,3.068055212E-1,-1.180348992E0,-4.932324886E-1
9.324066642E1,2.514100671E-1,-1.146259546E0,-4.847100973E-1
9.324565023E1,1.789698899E-1,-1.064231634E0,-4.495553076E-1
9.325073007E1,9.055023640E-2,-9.321348071E-1,-3.898986876E-1
9.325576835E1,-2.343653329E-2,-7.542302012E-1,-3.217196763E-1
9.326084174E1,-1.768392920E-1,-5.518237948E-1,-2.578018606E-1
9.326590549E1,-3.515479863E-1,-3.462215066E-1,-1.874922663E-1
9.327099736E1,-5.134730935E-1,-1.651210189E-1,-1.075949892E-1
9.327602971E1,-6.381128430E-1,-1.811004803E-2,-3.622009605E-2
9.328118762E1,-7.190754414E-1,9.268083423E-2,1.171826664E-2
9.328613023E1,-7.648832202E-1,1.544680595E-1,4.900366068E-2
9.329136487E1,-7.936462164E-1,1.523374617E-1,8.096256852E-2
9.329644101E1,-8.085603714E-1,8.628904819E-2,1.107908785E-1
9.330172940E1,-8.011032939E-1,-1.917534508E-2,1.416844875E-1
9.330645737E1,-7.670137882E-1,-1.182479635E-1,1.661863178E-1
9.331165638E1,-6.945735812E-1,-1.864269674E-1,1.885575503E-1
9.331660758E1,-5.688685775E-1,-1.789698899E-1,2.364959270E-1
9.332176711E1,-4.229228795E-1,-1.001379117E-1,3.078708053E-1
9.332699659E1,-2.908260524E-1,3.089361079E-2,3.803110123E-1
9.333192143E1,-1.832310706E-1,1.821657717E-1,4.357064366E-1
9.333690190E1,-9.694202244E-2,2.759118974E-1,4.911018908E-1
9.334212232E1,-1.597945392E-2,2.450182885E-1,5.688685775E-1
9.334708722E1,7.563608140E-2,6.604841352E-2,6.647452712E-1
9.335223789E1,1.757739931E-1,-2.311694324E-1,7.563608289E-1
9.335717534E1,2.812383771E-1,-5.592808723E-1,8.383886814E-1
9.336233435E1,3.494173884E-1,-8.405193090E-1,8.991106153E-1
9.336734477E1,3.462215066E-1,-9.917914271E-1,9.236124158E-1
9.337245144E1,2.556712627E-1,-9.683549404E-1,9.129594564E-1
9.337749336E1,1.171826646E-1,-7.606220245E-1,8.309316039E-1
9.338268581E1,-3.302420676E-2,-4.527511895E-1,7.297284007E-1
9.338757107E1,-1.747086942E-1,-1.992105246E-1,6.572881937E-1
9.339277665E1,-2.780424953E-1,-7.883197069E-2,6.018927693E-1
9.339794191E1,-3.174584806E-1,-5.965662748E-2,5.486279130E-1
9.340291748E1,-2.833689749E-1,-1.033338010E-1,4.815142155E-1
9.340799066E1,-1.853616685E-1,-1.853616685E-1,3.824416101E-1
9.341312248E1,-5.113425106E-2,-2.791078091E-1,2.663242221E-1
9.341802082E1,9.694202244E-2,-3.909639716E-1,1.459456831E-1
9.342330446E1,2.407571077E-1,-5.433014631E-1,3.195890784E-2
9.342820842E1,3.568744659E-1,-7.286630869E-1,-7.244019210E-2
9.343334269E1,4.474247098E-1,-9.246777296E-1,-1.576639414E-1
9.343832598E1,5.156037211E-1,-1.148390055E0,-2.386265099E-1
9.344352670E1,5.880439281E-1,-1.366775990E0,-3.249155581E-1
9.344851186E1,6.722023487E-1,-1.564921141E0,-4.144005179E-1
9.345359363E1,7.520996332E-1,-1.753478765E0,-4.889712930E-1
9.345860468E1,8.288010359E-1,-1.912207961E0,-5.433014631E-1
9.346374087E1,9.023064971E-1,-2.035782337E0,-5.869786143E-1
9.346897290E1,9.800731540E-1,-2.093308449E0,-6.200028062E-1
9.347386988E1,1.055709243E0,-2.087981939E0,-6.455699205E-1
9.347890390E1,1.115365863E0,-2.060284376E0,-6.583535075E-1
9.348408379E1,1.162238955E0,-2.019803047E0,-6.658105850E-1
9.348914213E1,1.197393775E0,-1.959081054E0,-6.583535075E-1
9.349414338E1,1.217634439E0,-1.861073732E0,-6.274598837E-1
9.349903051E1,1.212307930E0,-1.699148655E0,-5.592808723E-1
9.350439051E1,1.170761347E0,-1.448803782E0,-4.602082670E-1
9.350932713E1,1.089798808E0,-1.097255826E0,-3.462215066E-1
9.351449129E1,9.832690954E-1,-6.540923119E-1,-2.460835874E-1
9.351947140E1,8.724781871E-1,-1.683169156E-1,-1.736433953E-1
9.352459770E1,7.702096701E-1,2.609977424E-1,-1.182479635E-1
9.352958697E1,6.743329763E-1,5.550196767E-1,-7.350549102E-2
9.353476499E1,5.752603412E-1,7.105530500E-1,-4.154657945E-2
9.353989630E1,4.868406951E-1,7.542302012E-1,-3.408950195E-2
9.354487588E1,4.207922816E-1,7.233366370E-1,-6.711370498E-2
9.354992161E1,3.877680898E-1,6.285251975E-1,-1.193132550E-1
9.355505349E1,3.792456985E-1,4.793836176E-1,-1.715128124E-1
9.356001890E1,3.941598535E-1,2.929566503E-1,-2.109287977E-1
9.356515291E1,4.357064366E-1,1.022685021E-1,-2.311694324E-1
9.357018385E1,4.911018908E-1,-6.498311460E-2,-2.418224066E-1
9.357538906E1,5.496932268E-1,-1.832310706E-1,-2.492794842E-1
9.358038406E1,6.061539650E-1,-2.333000302E-1,-2.556712627E-1
9.358545677E1,6.626147032E-1,-2.258429527E-1,-2.673895359E-1
9.359044833E1,7.116183639E-1,-1.842963696E-1,-2.823036909E-1
9.359571557E1,7.478384376E-1,-1.384886056E-1,-2.950872481E-1
9.360071432E1,7.734055519E-1,-1.054643989E-1,-3.046749234E-1
9.360591500E1,7.883197069E-1,-9.800732136E-2,-3.089361191E-1
9.361088443E1,7.893850207E-1,-1.225091442E-1,-3.078708053E-1
9.361597224E1,7.744708657E-1,-1.693822145E-1,-3.078708053E-1
9.362088797E1,7.446425557E-1,-2.237123549E-1,-3.057402074E-1
9.362598146E1,7.105530500E-1,-2.908260524E-1,-3.046749234E-1
9.363119808E1,6.668758988E-1,-3.579397798E-1,-3.057402074E-1
9.363615079E1,6.168069243E-1,-4.175963998E-1,-3.068055212E-1
9.364117501E1,5.614115000E-1,-4.666000605E-1,-3.004137278E-1
9.364632573E1,4.974936545E-1,-5.124078393E-1,-2.854995728E-1
9.365130402E1,4.271840751E-1,-5.443667173E-1,-2.684548199E-1
9.365644912E1,3.515479863E-1,-5.635420680E-1,-2.588671446E-1
9.366161532E1,2.780424953E-1,-5.667379498E-1,-2.482141852E-1
9.366628350E1,2.087981999E-1,-5.592808723E-1,-2.364959270E-1
9.367159657E1,1.406191885E-1,-5.518237948E-1,-2.333000302E-1
9.367672407E1,7.776667923E-2,-5.539544225E-1,-2.311694324E-1
9.368171824E1,1.491415687E-2,-5.635420680E-1,-2.237123549E-1
9.368702522E1,-3.622009605E-2,-5.709991455E-1,-2.141246796E-1
9.369186949E1,-8.202786744E-2,-5.720644593E-1,-2.045370042E-1
9.369706397E1,-1.235744432E-1,-5.795215368E-1,-2.013411224E-1
9.370207876E1,-1.629904360E-1,-5.869786143E-1,-2.013411224E-1
9.370714084E1,-1.938840449E-1,-5.976315737E-1,-1.960146427E-1
9.371244642E1,-2.226470560E-1,-6.136110425E-1,-1.906881481E-1
9.371731783E1,-2.535406649E-1,-6.338516474E-1,-1.864269674E-1
9.372234892E1,-2.748466134E-1,-6.370475888E-1,-1.800351888E-1
9.372741835E1,-2.769772112E-1,-6.210681200E-1,-1.747086942E-1
9.373248480E1,-2.801730931E-1,-6.136110425E-1,-1.715128124E-1
9.373763616E1,-2.844342887E-1,-6.189374924E-1,-1.640557349E-1
9.374260574E1,-2.854995728E-1,-6.189374924E-1,-1.544680595E-1
9.374769173E1,-2.791078091E-1,-6.114804149E-1,-1.427497864E-1
9.375290450E1,-2.620630562E-1,-5.912398100E-1,-1.374233067E-1
9.375785632E1,-2.333000302E-1,-5.688685775E-1,-1.342274100E-1
9.376285236E1,-1.992105246E-1,-5.528891087E-1,-1.310315281E-1
9.376820205E1,-1.587292403E-1,-5.411708355E-1,-1.278356314E-1
9.377307215E1,-1.118561774E-1,-5.337137580E-1,-1.289009303E-1
9.377816075E1,-6.285251677E-2,-5.273219943E-1,-1.278356314E-1
9.378317981E1,-1.384885982E-2,-5.134730935E-1,-1.225091442E-1
9.378827054E1,3.728539124E-2,-4.953630865E-1,-1.118561774E-1
9.379331049E1,8.522375673E-2,-4.751224220E-1,-1.065296903E-1
9.379846460E1,1.363580078E-1,-4.484900236E-1,-1.033338010E-1
9.380350492E1,1.960146427E-1,-4.165311158E-1,-9.800732136E-2
9.380861809E1,2.556712627E-1,-3.877680898E-1,-9.694202244E-2
9.381357794E1,3.131972849E-1,-3.653968573E-1,-1.022685021E-1
9.381897560E1,3.728539348E-1,-3.451561928E-1,-1.043990999E-1
9.382374164E1,4.314452708E-1,-3.238502741E-1,-1.033338010E-1
9.382888810E1,4.900365770E-1,-3.057402074E-1,-9.481142461E-2
9.383390893E1,5.401055217E-1,-2.961525619E-1,-8.735434711E-2
9.383903096E1,5.720644593E-1,-2.993484437E-1,-7.457078248E-2
9.384408576E1,5.869786143E-1,-3.163931966E-1,-5.752603337E-2
9.384929023E1,5.923051238E-1,-3.345032334E-1,-3.941598535E-2
9.385420893E1,5.880439281E-1,-3.526133001E-1,-2.130593918E-2
9.385943935E1,5.869786143E-1,-3.675274551E-1,-4.261187743E-3
9.386434248E1,5.837827325E-1,-3.824416101E-1,1.065296936E-3
9.386952263E1,5.848480463E-1,-4.037475288E-1,0.000000000E0
9.387450331E1,5.795215368E-1,-4.325105548E-1,-5.326484796E-3
9.387953091E1,5.656726956E-1,-4.538165033E-1,-6.391781382E-3
9.388459097E1,5.337137580E-1,-4.761877358E-1,-5.326484796E-3
9.388971190E1,4.911018908E-1,-4.985589683E-1,-1.065296936E-3
9.389476930E1,4.410329461E-1,-5.219954848E-1,2.130593872E-3
9.389984743E1,3.867027760E-1,-5.401055217E-1,0.000000000E0
9.390488743E1,3.302420378E-1,-5.709991455E-1,-4.261187743E-3
9.390999576E1,2.876301706E-1,-5.986968875E-1,-1.065296936E-3
9.391498962E1,2.652589381E-1,-6.178722382E-1,-6.391781382E-3
9.392023842E1,2.578018606E-1,-6.221334338E-1,-2.130593918E-2
9.392520295E1,2.578018606E-1,-6.136110425E-1,-2.769771963E-2
9.393036019E1,2.471488863E-1,-6.040233374E-1,-3.302420676E-2
9.393527785E1,2.322347313E-1,-5.891091824E-1,-3.941598535E-2
9.394044108E1,2.258429527E-1,-5.678032637E-1,-4.580776766E-2
9.394542337E1,2.247776538E-1,-5.678032637E-1,-5.326484516E-2
9.395062097E1,2.226470560E-1,-5.848480463E-1,-5.646073818E-2
9.395561374E1,2.237123549E-1,-6.040233374E-1,-5.965662748E-2
9.396084566E1,2.279735506E-1,-6.263945699E-1,-6.498311460E-2
9.396587009E1,2.290388346E-1,-6.423740387E-1,-6.817900389E-2
9.397087092E1,2.354306281E-1,-6.477005482E-1,-7.137489319E-2
9.397594770E1,2.407571077E-1,-6.455699205E-1,-7.563608140E-2
9.398098431E1,2.396918088E-1,-6.434393525E-1,-7.563608140E-2
9.398610973E1,2.290388346E-1,-6.349169612E-1,-7.776667923E-2
9.399130639E1,2.183858752E-1,-6.125457287E-1,-6.924430281E-2
9.399638358E1,2.119940966E-1,-5.763256550E-1,-5.965662748E-2
9.400134499E1,2.056023031E-1,-5.390402675E-1,-5.113425106E-2
9.400642192E1,2.034717202E-1,-5.102772117E-1,-3.622009605E-2
9.401148686E1,2.119940966E-1,-4.868406951E-1,-1.917534508E-2
9.401659541E1,2.247776538E-1,-4.676653445E-1,-2.130593872E-3
9.402173655E1,2.492794842E-1,-4.506205916E-1,1.597945392E-2
9.402660369E1,2.823036909E-1,-4.325105548E-1,3.622009605E-2
9.403169155E1,3.227849603E-1,-4.112046063E-1,4.474247247E-2
9.403679583E1,3.739192188E-1,-3.941598535E-1,4.474247247E-2
9.404189280E1,4.261187613E-1,-3.835068941E-1,4.687306657E-2
9.404682749E1,4.783183336E-1,-3.675274551E-1,5.539543927E-2
9.405228223E1,5.347790718E-1,-3.462215066E-1,7.030959427E-2
9.405708250E1,5.848480463E-1,-3.387644291E-1,8.415845782E-2
9.406231515E1,6.168069243E-1,-3.622009456E-1,1.001379117E-1
9.406762484E1,6.231986880E-1,-4.048128426E-1,1.097255871E-1
9.407238968E1,5.976315737E-1,-4.452941120E-1,1.107908785E-1
9.407743333E1,5.486279130E-1,-4.602082670E-1,1.043990999E-1
9.408247125E1,4.740571380E-1,-4.474247098E-1,8.415845782E-2
9.408744390E1,3.909639716E-1,-4.293146729E-1,4.367717355E-2
9.409277224E1,3.195890784E-1,-3.749845326E-1,6.391781382E-3
9.409759026E1,2.556712627E-1,-3.174584806E-1,-2.237123623E-2
9.410269989E1,2.024064213E-1,-2.854995728E-1,-5.539543927E-2
9.410788995E1,1.597945392E-1,-2.716507316E-1,-8.841964602E-2
9.411289021E1,1.225091442E-1,-2.641936541E-1,-1.193132550E-1
9.411789922E1,8.522375673E-2,-2.684548199E-1,-1.661863178E-1
9.412300281E1,5.326484516E-2,-2.737812996E-1,-2.162552774E-1
9.412802938E1,2.450183034E-2,-2.652589381E-1,-2.663242221E-1
9.413313641E1,-5.326484796E-3,-2.578018606E-1,-3.131972849E-1
9.413827354E1,-4.261187837E-2,-2.631283402E-1,-3.579397798E-1
9.414346547E1,-9.374613315E-2,-2.769772112E-1,-4.005516469E-1
9.414830818E1,-1.661863178E-1,-2.716507316E-1,-4.399676323E-1
9.415341438E1,-2.567365468E-1,-2.375612110E-1,-4.772530198E-1
9.415858209E1,-3.675274551E-1,-1.853616685E-1,-5.134730935E-1
9.416356422E1,-4.751224220E-1,-1.267703325E-1,-5.486279130E-1
9.416861761E1,-5.539544225E-1,-5.965662748E-2,-5.784562230E-1
9.417370547E1,-6.018927693E-1,1.597945392E-2,-6.029580832E-1
9.417873881E1,-6.231986880E-1,9.055023640E-2,-6.210681200E-1
9.418406761E1,-6.136110425E-1,1.715128124E-1,-6.210681200E-1
9.418936152E1,-5.795215368E-1,2.716507316E-1,-5.837827325E-1
9.419400730E1,-5.219954848E-1,3.909639716E-1,-5.156037211E-1
9.419937293E1,-4.325105548E-1,5.209302306E-1,-4.634041786E-1
9.420416527E1,-3.270461559E-1,6.615493894E-1,-3.888333738E-1
9.420927168E1,-2.215817571E-1,8.181480169E-1,-3.089361191E-1
9.421426225E1,-1.278356314E-1,9.843343496E-1,-2.375612110E-1
9.421943126E1,-5.752603337E-2,1.156912446E0,-1.608598381E-1
9.422445881E1,-1.065296959E-2,1.326294661E0,-8.628904819E-2
9.422941960E1,1.278356276E-2,1.486089230E0,-1.917534508E-2
9.423466491E1,1.811004803E-2,1.637361407E0,3.941598535E-2
9.423938116E1,8.522375487E-3,1.767327666E0,8.628904819E-2
9.424469335E1,-8.522375487E-3,1.865334988E0,1.225091442E-1
9.424985642E1,-2.982831374E-2,1.927122116E0,1.459456831E-1
9.425481606E1,-5.113425106E-2,1.962276936E0,1.576639414E-1
9.425984496E1,-7.030959427E-2,1.972929955E0,1.555333585E-1
9.426511996E1,-9.055023640E-2,1.986778736E0,1.448803842E-1
9.427000418E1,-1.235744432E-1,2.018737793E0,1.363580078E-1
9.427517955E1,-1.640557349E-1,2.078394413E0,1.331621110E-1
9.428029799E1,-2.077329010E-1,2.160422087E0,1.331621110E-1
9.428528976E1,-2.354306281E-1,2.248841763E0,1.289009303E-1
9.429027970E1,-2.492794842E-1,2.331934929E0,1.299662292E-1
9.429547429E1,-2.460835874E-1,2.401179314E0,1.289009303E-1
9.430048471E1,-2.269082516E-1,2.456574678E0,1.267703325E-1
9.430539471E1,-1.938840449E-1,2.481076479E0,1.289009303E-1
9.431057179E1,-1.640557349E-1,2.474684715E0,1.384886056E-1
9.431570273E1,-1.470109820E-1,2.441660643E0,1.544680595E-1
9.432081815E1,-1.352927089E-1,2.408636332E0,1.502068639E-1
9.432595320E1,-1.139867753E-1,2.389461040E0,1.342274100E-1
9.433084638E1,-8.202786744E-2,2.374546766E0,1.331621110E-1
9.433614023E1,-6.711370498E-2,2.348979712E0,1.480762810E-1
9.434099987E1,-7.776667923E-2,2.313824892E0,1.747086942E-1
9.434620304E1,-1.054643989E-1,2.282931328E0,2.183858752E-1
9.435127508E1,-1.544680595E-1,2.252037764E0,2.961525619E-1
9.435631101E1,-2.130593807E-1,2.240319490E0,3.888333738E-1
9.436134570E1,-2.663242221E-1,2.244580746E0,4.602082670E-1
9.436639513E1,-3.334379494E-1,2.254168272E0,5.092119575E-1
9.437144966E1,-4.144005179E-1,2.271213055E0,5.411708355E-1
9.437657378E1,-4.921671748E-1,2.295714855E0,5.592808723E-1
9.438156320E1,-5.741950274E-1,2.302106619E0,5.773909688E-1
9.438675888E1,-6.583535075E-1,2.264821291E0,5.880439281E-1
9.439169420E1,-7.329242826E-1,2.184924126E0,5.720644593E-1
9.439697846E1,-7.968420982E-1,2.072002649E0,5.496932268E-1
9.440154940E1,-8.341274858E-1,1.940971017E0,5.379749537E-1
9.440700175E1,-8.511722684E-1,1.809939504E0,5.209302306E-1
9.441201519E1,-8.724781871E-1,1.670385599E0,4.857754111E-1
9.441712836E1,-9.012411833E-1,1.523374677E0,4.399676323E-1
9.442212014E1,-9.300042391E-1,1.394473672E0,3.984210491E-1
9.442742040E1,-9.491795897E-1,1.298596978E0,3.707233369E-1
9.443237925E1,-9.534407854E-1,1.228287339E0,3.440909088E-1
9.443742378E1,-9.417225122E-1,1.173957229E0,3.131972849E-1
9.444243134E1,-9.214818478E-1,1.139867663E0,2.791078091E-1
9.444766092E1,-8.937841058E-1,1.112169981E0,2.503447831E-1
9.445275556E1,-8.607599139E-1,1.085537553E0,2.247776538E-1
9.445768160E1,-8.288010359E-1,1.036533952E0,2.045370042E-1
9.446270936E1,-8.074950576E-1,9.672896266E-1,1.917534471E-1
9.446782082E1,-8.170827627E-1,8.937841058E-1,1.565986425E-1
9.447287879E1,-8.522375226E-1,8.277357221E-1,9.800732136E-2
9.447818259E1,-9.001759291E-1,7.702096701E-1,3.941598535E-2
9.448299222E1,-9.502448440E-1,7.339895964E-1,-1.491415687E-2
9.448821191E1,-9.960526228E-1,7.073571682E-1,-6.391781569E-2
9.449313733E1,-1.031207442E0,6.924430132E-1,-9.907261282E-2
9.449820697E1,-1.047186852E0,6.796594262E-1,-1.203785539E-1
9.450336374E1,-1.046121597E0,6.594188213E-1,-1.416844875E-1
9.450849749E1,-1.026946187E0,6.327863932E-1,-1.704475135E-1
9.451343832E1,-9.949873090E-1,5.848480463E-1,-1.992105246E-1
9.451874410E1,-9.513101578E-1,5.305178761E-1,-2.269082516E-1
9.452378785E1,-8.991106153E-1,4.751224220E-1,-2.546059787E-1
9.452896780E1,-8.501069546E-1,4.026822448E-1,-2.769772112E-1
9.453401421E1,-8.064298034E-1,3.206543922E-1,-3.068055212E-1
9.453886202E1,-7.755361795E-1,2.311694324E-1,-3.281114697E-1
9.454389843E1,-7.531649470E-1,1.502068639E-1,-3.494173884E-1
9.454903426E1,-7.425119877E-1,6.711370498E-2,-3.590050638E-1
9.455402572E1,-7.275978327E-1,-1.278356276E-2,-3.685927391E-1
9.455911030E1,-7.073571682E-1,-9.907261282E-2,-3.728539348E-1
9.456414942E1,-6.817900538E-1,-1.896228492E-1,-3.707233369E-1
9.456947822E1,-6.530269980E-1,-2.737812996E-1,-3.611356616E-1
9.457451531E1,-6.274598837E-1,-3.547438681E-1,-3.504827023E-1
9.457939947E1,-5.976315737E-1,-4.389023483E-1,-3.366338313E-1
9.458448874E1,-5.582156181E-1,-5.219954848E-1,-3.206543922E-1
9.458955312E1,-5.177342892E-1,-6.040233374E-1,-3.036096394E-1
9.459455666E1,-4.783183336E-1,-6.817900538E-1,-2.908260524E-1
9.459993505E1,-4.495553076E-1,-7.393160462E-1,-2.812383771E-1
9.460475099E1,-4.293146729E-1,-7.883197069E-1,-2.759118974E-1
9.460982297E1,-4.112046063E-1,-8.266704082E-1,-2.727160156E-1
9.461486260E1,-4.016169310E-1,-8.586293459E-1,-2.737812996E-1
9.462022604E1,-3.984210491E-1,-8.767393827E-1,-2.759118974E-1
9.462511026E1,-3.920292854E-1,-8.841964602E-1,-2.695201337E-1
9.463011114E1,-3.803110123E-1,-8.959147334E-1,-2.556712627E-1
9.463514536E1,-3.664621413E-1,-9.129594564E-1,-2.428877056E-1
9.464030016E1,-3.622009456E-1,-9.353306890E-1,-2.333000302E-1
9.464538365E1,-3.558091819E-1,-9.747467041E-1,-2.269082516E-1
9.465038833E1,-3.440909088E-1,-1.029076815E0,-2.290388346E-1
9.465571542E1,-3.270461559E-1,-1.088733435E0,-2.407571077E-1
9.466078052E1,-3.057402074E-1,-1.150520682E0,-2.578018606E-1
9.466566849E1,-2.876301706E-1,-1.213373184E0,-2.844342887E-1
9.467070599E1,-2.950872481E-1,-1.252789140E0,-3.195890784E-1
9.467568391E1,-3.046749234E-1,-1.282617569E0,-3.504827023E-1
9.468082792E1,-3.100014031E-1,-1.304988742E0,-3.728539348E-1
9.468581021E1,-3.153278828E-1,-1.310315251E0,-3.930945694E-1
9.469067459E1,-3.174584806E-1,-1.297531724E0,-4.101393223E-1
9.469602157E1,-3.217196763E-1,-1.250658631E0,-4.271840751E-1
9.470112079E1,-3.281114697E-1,-1.166500092E0,-4.335758388E-1
9.470616475E1,-3.227849603E-1,-1.049317479E0,-4.261187613E-1
9.471138996E1,-3.121320009E-1,-9.108288884E-1,-4.122699201E-1
9.471630813E1,-2.950872481E-1,-7.776667476E-1,-3.909639716E-1
9.472144194E1,-2.886954844E-1,-6.626147032E-1,-3.728539348E-1
9.472650152E1,-2.972178459E-1,-5.773909688E-1,-3.547438681E-1
9.473151866E1,-3.185237944E-1,-5.230607986E-1,-3.366338313E-1
9.473674991E1,-3.462215066E-1,-4.996242523E-1,-3.153278828E-1
9.474174689E1,-3.856374919E-1,-4.921671748E-1,-2.801730931E-1
9.474797767E1,-4.367717505E-1,-5.209302306E-1,-2.301041335E-1
9.475178241E1,-4.964283705E-1,-5.848480463E-1,-1.565986425E-1
9.475692564E1,-5.443667173E-1,-6.434393525E-1,-6.817900389E-2
9.476194496E1,-5.646073818E-1,-6.519617438E-1,3.302420676E-2
9.476703058E1,-5.496932268E-1,-5.699338317E-1,1.448803842E-1
9.477208876E1,-5.102772117E-1,-3.930945694E-1,2.663242221E-1
9.477721486E1,-4.634041786E-1,-1.629904360E-1,3.920292854E-1
9.478218199E1,-4.112046063E-1,6.178722158E-2,5.315831900E-1
9.478737512E1,-3.483521044E-1,1.853616685E-1,6.871165037E-1
9.479231970E1,-2.780424953E-1,1.235744432E-1,8.415845633E-1
9.479769731E1,-2.130593807E-1,-1.033338010E-1,9.939220548E-1
9.480223720E1,-1.587292403E-1,-3.675274551E-1,1.095125198E0
9.480760746E1,-1.491415650E-1,-5.092119575E-1,1.110039353E0
9.481258544E1,-2.056023031E-1,-4.538165033E-1,1.054643989E0
9.481781481E1,-2.940219641E-1,-2.151899785E-1,9.704855084E-1
9.482277038E1,-3.739192188E-1,9.374613315E-2,9.300042391E-1
9.482790465E1,-4.080087245E-1,2.982831299E-1,9.406571984E-1
9.483291070E1,-3.888333738E-1,3.579397798E-1,9.619631171E-1
9.483807794E1,-3.259808719E-1,3.195890784E-1,9.598325491E-1
9.484319351E1,-2.269082516E-1,2.258429527E-1,9.246777296E-1
9.484823783E1,-9.694202244E-2,9.587672353E-2,8.575640321E-1
9.485286539E1,6.285251677E-2,-6.178722158E-2,7.638179064E-1
9.485831747E1,2.450182885E-1,-2.269082516E-1,6.445046663E-1
9.486342534E1,4.207922816E-1,-4.026822448E-1,4.985589683E-1
9.486871263E1,5.901744962E-1,-5.624767542E-1,3.440909088E-1
9.487350898E1,7.734055519E-1,-7.265325189E-1,2.002758235E-1
9.487866513E1,9.875302315E-1,-9.310694933E-1,6.391781569E-2
9.488363737E1,1.227222085E0,-1.183544874E0,-5.433014408E-2
9.488875961E1,1.440281510E0,-1.451999664E0,-1.374233067E-1
9.489386466E1,1.600075960E0,-1.694887400E0,-2.119940966E-1
9.489891388E1,1.721519828E0,-1.862138987E0,-2.961525619E-1
9.490400211E1,1.804612994E0,-1.966538191E0,-3.760498166E-1
9.490931841E1,1.831245422E0,-2.019803047E0,-4.207922816E-1
9.491420174E1,1.806743622E0,-2.044304848E0,-4.250534773E-1
9.491943857E1,1.747087002E0,-2.056023121E0,-4.346411526E-1
9.492420768E1,1.660797954E0,-2.029390574E0,-4.655347466E-1
9.492965274E1,1.554268241E0,-1.933513880E0,-4.974936545E-1
9.493438201E1,1.434955001E0,-1.753478765E0,-5.187996030E-1
9.493956816E1,1.294335723E0,-1.489285111E0,-5.294525623E-1
9.494456784E1,1.115365863E0,-1.151585937E0,-5.326484442E-1
9.494961888E1,9.236124158E-1,-7.574261427E-1,-5.177342892E-1
9.495465451E1,7.403813601E-1,-3.632662594E-1,-4.879060090E-1
9.495982149E1,5.784562230E-1,-4.261187837E-2,-4.474247098E-1
9.496476285E1,4.591429830E-1,1.683169156E-1,-4.026822448E-1
9.496996378E1,3.909639716E-1,2.556712627E-1,-3.664621413E-1
9.497498191E1,3.653968573E-1,2.301041335E-1,-3.345032334E-1
9.498004540E1,3.547438681E-1,1.459456831E-1,-3.057402074E-1
9.498508181E1,3.430256248E-1,5.859133229E-2,-2.737812996E-1
9.499020139E1,3.345032334E-1,1.278356276E-2,-2.343653291E-1
9.499523732E1,3.302420378E-1,1.491415687E-2,-1.970799267E-1
9.500038660E1,3.217196763E-1,2.343653329E-2,-1.587292403E-1
9.500539259E1,3.089361191E-1,2.237123623E-2,-1.118561774E-1
9.501061274E1,3.110667169E-1,1.704475097E-2,-6.285251677E-2
9.501552457E1,3.366338313E-1,-1.065296936E-3,-1.597945392E-2
9.502065806E1,3.888333738E-1,-2.876301669E-2,2.343653329E-2
9.502574301E1,4.591429830E-1,-7.244019210E-2,5.646073818E-2
9.503079884E1,5.198649168E-1,-1.459456831E-1,8.522375673E-2
9.503586353E1,5.624767542E-1,-2.194511741E-1,1.086602882E-1
9.504089259E1,5.859133005E-1,-2.759118974E-1,1.257050335E-1
9.504628056E1,5.933703780E-1,-3.142625988E-1,1.395539045E-1
9.505116619E1,5.816521049E-1,-3.462215066E-1,1.395539045E-1
9.505611765E1,5.550196767E-1,-3.664621413E-1,1.331621110E-1
9.506134108E1,5.251913667E-1,-3.760498166E-1,1.246397421E-1
9.506652494E1,4.932324886E-1,-3.898986876E-1,1.086602882E-1
9.507152697E1,4.570123851E-1,-4.016169310E-1,7.883197069E-2
9.507646947E1,4.367717505E-1,-4.069434404E-1,4.367717355E-2
9.508153843E1,4.239881933E-1,-4.186616838E-1,7.457078435E-3
9.508648244E1,4.197269976E-1,-4.261187613E-1,-2.876301669E-2
9.509163687E1,4.165311158E-1,-4.452941120E-1,-5.539543927E-2
9.509662484E1,4.026822448E-1,-4.740571380E-1,-7.883197069E-2
9.510175921E1,3.707233369E-1,-4.985589683E-1,-9.587672353E-2
9.510681406E1,3.163931966E-1,-5.038854480E-1,-1.065296903E-1
9.511207520E1,2.546059787E-1,-4.900365770E-1,-1.139867753E-1
9.511687791E1,2.002758235E-1,-4.623388648E-1,-1.161173657E-1
9.512206078E1,1.555333585E-1,-4.399676323E-1,-1.075949892E-1
9.512712723E1,1.246397421E-1,-4.357064366E-1,-9.694202244E-2
9.513220349E1,1.097255871E-1,-4.378370345E-1,-8.522375673E-2
9.513719693E1,1.075949892E-1,-4.463594258E-1,-7.030959427E-2
9.514240453E1,1.139867753E-1,-4.506205916E-1,-5.859133229E-2
9.514757859E1,1.267703325E-1,-4.474247098E-1,-5.219954997E-2
9.515251542E1,1.448803842E-1,-4.420982301E-1,-4.900366068E-2
9.515760932E1,1.672516167E-1,-4.314452708E-1,-5.006895587E-2
9.516265469E1,1.938840449E-1,-4.207922816E-1,-5.539543927E-2
9.516765760E1,2.215817571E-1,-4.133352041E-1,-5.859133229E-2
9.517275427E1,2.322347313E-1,-4.197269976E-1,-5.965662748E-2
9.517782995E1,2.396918088E-1,-4.239881933E-1,-6.498311460E-2
9.518292141E1,2.524753809E-1,-4.186616838E-1,-6.711370498E-2
9.518800693E1,2.695201337E-1,-4.058781266E-1,-6.817900389E-2
9.519313740E1,2.950872481E-1,-3.856374919E-1,-6.604841352E-2
9.519806552E1,3.313073516E-1,-3.653968573E-1,-6.285251677E-2
9.520323115E1,3.781804144E-1,-3.515479863E-1,-6.178722158E-2
9.520842219E1,4.250534773E-1,-3.472867906E-1,-6.711370498E-2
9.521333839E1,4.740571380E-1,-3.408950269E-1,-7.244019210E-2
9.521831397E1,5.198649168E-1,-3.313073516E-1,-8.096256852E-2
9.522352469E1,5.560849905E-1,-3.206543922E-1,-9.055023640E-2
9.522848074E1,5.827174187E-1,-3.068055212E-1,-9.694202244E-2
9.523359261E1,6.050886512E-1,-2.918913662E-1,-1.012032107E-1
9.523860912E1,6.285251975E-1,-2.727160156E-1,-1.043990999E-1
9.524372782E1,6.508964300E-1,-2.450182885E-1,-1.075949892E-1
9.524907965E1,6.690064669E-1,-2.215817571E-1,-1.107908785E-1
9.525406090E1,6.785941720E-1,-2.045370042E-1,-1.139867753E-1
9.525896756E1,6.796594262E-1,-1.906881481E-1,-1.129214764E-1
9.526406996E1,6.711370945E-1,-1.800351888E-1,-1.086602882E-1
9.526915199E1,6.530269980E-1,-1.704475135E-1,-1.043990999E-1
9.527422892E1,6.285251975E-1,-1.640557349E-1,-9.907261282E-2
9.527924069E1,6.125457287E-1,-1.619251370E-1,-9.481142461E-2
9.528429798E1,5.965662599E-1,-1.640557349E-1,-8.415845782E-2
9.528935637E1,5.773909688E-1,-1.747086942E-1,-7.457078248E-2
9.529471616E1,5.603461862E-1,-1.832310706E-1,-6.817900389E-2
9.529950481E1,5.379749537E-1,-1.906881481E-1,-6.498311460E-2
9.530467444E1,5.081466436E-1,-1.949493438E-1,-6.178722158E-2
9.530975189E1,4.729918540E-1,-1.992105246E-1,-5.965662748E-2
9.531475335E1,4.410329461E-1,-2.002758235E-1,-5.646073818E-2
9.531991351E1,4.144005179E-1,-2.087981999E-1,-5.539543927E-2
9.532493502E1,3.877680898E-1,-2.269082516E-1,-5.965662748E-2
9.532996189E1,3.707233369E-1,-2.407571077E-1,-6.817900389E-2
9.533502465E1,3.579397798E-1,-2.514100671E-1,-7.989726961E-2
9.534023366E1,3.451561928E-1,-2.578018606E-1,-9.161553532E-2
9.534536392E1,3.323726356E-1,-2.620630562E-1,-1.086602882E-1
9.535035304E1,3.195890784E-1,-2.663242221E-1,-1.278356314E-1
9.535533512E1,3.270461559E-1,-2.684548199E-1,-1.502068639E-1
9.536041747E1,3.355685472E-1,-2.823036909E-1,-1.693822145E-1
9.536558632E1,3.376991153E-1,-3.185237944E-1,-1.800351888E-1
9.537065299E1,3.345032334E-1,-3.707233369E-1,-1.917534471E-1
9.537569148E1,3.291767538E-1,-4.261187613E-1,-1.928187460E-1
9.538076695E1,3.345032334E-1,-4.655347466E-1,-1.917534471E-1
9.538642273E1,3.376991153E-1,-5.049507618E-1,-1.960146427E-1
9.539078372E1,3.526133001E-1,-5.198649168E-1,-2.066676021E-1
9.539588450E1,3.877680898E-1,-5.070813298E-1,-2.205164731E-1
9.540104065E1,4.250534773E-1,-5.102772117E-1,-2.333000302E-1
9.540601430E1,4.729918540E-1,-5.166690350E-1,-2.428877056E-1
9.541116857E1,5.294525623E-1,-5.177342892E-1,-2.556712627E-1
9.541621763E1,5.837827325E-1,-5.198649168E-1,-2.769772112E-1
9.542133044E1,6.349169612E-1,-5.230607986E-1,-2.961525619E-1
9.542643862E1,6.785941720E-1,-5.358443856E-1,-3.100014031E-1
9.543137274E1,7.222713232E-1,-5.560849905E-1,-3.174584806E-1
9.543648852E1,7.552955151E-1,-6.008274555E-1,-3.036096394E-1
9.544150498E1,7.510343194E-1,-6.999000907E-1,-2.631283402E-1
9.544663237E1,7.020306587E-1,-8.181480169E-1,-2.109287977E-1
9.545163623E1,6.327863932E-1,-8.746087551E-1,-1.502068639E-1
9.545691810E1,5.582156181E-1,-8.437151909E-1,-1.246397421E-1
9.546194008E1,4.857754111E-1,-7.797973752E-1,-1.352927089E-1
9.546690086E1,4.080087245E-1,-7.393160462E-1,-1.352927089E-1
9.547191014E1,3.313073516E-1,-7.158795595E-1,-1.320968270E-1
9.547713076E1,2.727160156E-1,-6.796594262E-1,-1.363580078E-1
9.548224008E1,2.311694324E-1,-6.477005482E-1,-1.406191885E-1
9.548725691E1,1.928187460E-1,-6.327863932E-1,-1.416844875E-1
9.549217347E1,1.523374617E-1,-6.221334338E-1,-1.448803842E-1
9.549730311E1,1.193132550E-1,-6.040233374E-1,-1.565986425E-1
9.550257238E1,9.055023640E-2,-5.837827325E-1,-1.683169156E-1
9.550749285E1,5.859133229E-2,-5.528891087E-1,-1.811004728E-1
9.551257550E1,2.769771963E-2,-5.187996030E-1,-2.013411224E-1
9.551763045E1,3.195890691E-3,-4.836448133E-1,-2.215817571E-1
9.552259926E1,-1.491415687E-2,-4.559471011E-1,-2.471488863E-1
9.552794363E1,-2.769771963E-2,-4.548817873E-1,-2.748466134E-1
9.553295868E1,-3.089361079E-2,-4.740571380E-1,-2.982831299E-1
9.553787488E1,-2.663242258E-2,-4.953630865E-1,-3.238502741E-1
9.554292624E1,-8.522375487E-3,-4.868406951E-1,-3.366338313E-1
9.554808509E1,7.457078435E-3,-4.538165033E-1,-3.302420378E-1
9.555306744E1,2.130593872E-3,-4.463594258E-1,-3.153278828E-1
9.555821629E1,-2.343653329E-2,-4.463594258E-1,-3.142625988E-1
9.556320353E1,-6.924430281E-2,-4.005516469E-1,-3.600703776E-1
9.556861103E1,-1.384886056E-1,-3.494173884E-1,-4.016169310E-1
9.557333765E1,-2.269082516E-1,-3.004137278E-1,-4.303799570E-1
9.557868588E1,-3.153278828E-1,-2.460835874E-1,-4.548817873E-1
9.558368213E1,-3.941598535E-1,-2.109287977E-1,-4.676653445E-1
9.558864046E1,-4.452941120E-1,-2.109287977E-1,-4.847100973E-1
9.559359218E1,-4.602082670E-1,-1.534027606E-1,-5.060160160E-1
9.559885556E1,-4.666000605E-1,-9.374613315E-2,-4.921671748E-1
9.560378968E1,-4.602082670E-1,-5.326484516E-2,-4.612735808E-1
9.560894051E1,-4.271840751E-1,2.130593872E-3,-4.229228795E-1
9.561408812E1,-3.685927391E-1,7.244019210E-2,-3.739192188E-1
9.561901921E1,-2.950872481E-1,1.491415650E-1,-3.110667169E-1
9.562414296E1,-2.119940966E-1,2.333000302E-1,-2.428877056E-1
9.562919786E1,-1.278356314E-1,3.217196763E-1,-1.800351888E-1
9.563426645E1,-5.965662748E-2,4.144005179E-1,-1.246397421E-1
9.563947031E1,-1.278356276E-2,5.102772117E-1,-7.457078248E-2
9.564451130E1,5.326484796E-3,6.136110425E-1,-3.728539124E-2
9.564941489E1,1.171826664E-2,7.137489319E-1,-1.278356276E-2
9.565465708E1,2.130593872E-3,8.042991757E-1,4.261187743E-3
9.565961041E1,-2.663242258E-2,8.692823052E-1,2.450183034E-2
9.566465292E1,-7.030959427E-2,9.214818478E-1,3.941598535E-2
9.566987177E1,-1.225091442E-1,9.736813903E-1,4.474247247E-2
9.567474750E1,-1.779045910E-1,1.039729834E0,3.941598535E-2
9.567987823E1,-2.375612110E-1,1.108974099E0,3.622009605E-2
9.568492818E1,-2.897607684E-1,1.182479620E0,3.835069016E-2
9.569006531E1,-3.430256248E-1,1.265572786E0,3.728539124E-2
9.569506771E1,-3.952251673E-1,1.353992462E0,4.474247247E-2
9.570028110E1,-4.463594258E-1,1.447738528E0,5.965662748E-2
9.570521703E1,-4.921671748E-1,1.539354086E0,7.244019210E-2
9.571030459E1,-5.358443856E-1,1.619251370E0,8.309315890E-2
9.571551334E1,-5.688685775E-1,1.699148655E0,9.161553532E-2
9.572080667E1,-5.901744962E-1,1.782241821E0,9.907261282E-2
9.572565948E1,-5.912398100E-1,1.866400242E0,9.694202244E-2
9.573067912E1,-5.699338317E-1,1.954819918E0,8.415845782E-2
9.573565037E1,-5.326484442E-1,2.037913084E0,6.924430281E-2
9.574089969E1,-4.889712930E-1,2.110353231E0,6.178722158E-2
9.574577844E1,-4.474247098E-1,2.165748596E0,6.817900389E-2
9.575095157E1,-4.090740085E-1,2.214752436E0,7.030959427E-2
9.575607751E1,-3.739192188E-1,2.258429527E0,7.137489319E-2
9.576117448E1,-3.345032334E-1,2.292519093E0,6.498311460E-2
9.576602006E1,-2.950872481E-1,2.328739166E0,5.539543927E-2
9.577118543E1,-2.578018606E-1,2.366024494E0,4.580776766E-2
9.577618980E1,-2.194511741E-1,2.402244568E0,3.515479714E-2
9.578141074E1,-1.811004728E-1,2.424615860E0,3.835069016E-2
9.578636720E1,-1.544680595E-1,2.419289351E0,6.604841352E-2
9.579150850E1,-1.427497864E-1,2.384134531E0,1.107908785E-1
9.579650480E1,-1.448803842E-1,2.341522694E0,1.651210189E-1
9.580158991E1,-1.587292403E-1,2.309563875E0,2.269082516E-1
9.580668053E1,-1.768392920E-1,2.283996582E0,2.844342887E-1
9.581179340E1,-1.970799267E-1,2.264821291E0,3.355685472E-1
9.581677840E1,-2.151899785E-1,2.257364273E0,3.760498166E-1
9.582172080E1,-2.311694324E-1,2.254168272E0,4.144005179E-1
9.582698189E1,-2.428877056E-1,2.255233526E0,4.548817873E-1
9.583209970E1,-2.737812996E-1,2.254168272E0,5.102772117E-1
9.583706507E1,-3.291767538E-1,2.228601217E0,5.869786143E-1
9.584223965E1,-4.037475288E-1,2.165748596E0,6.722023487E-1
9.584726908E1,-4.953630865E-1,2.096504450E0,7.403813601E-1
9.585232517E1,-5.752603412E-1,2.045370102E0,7.755361795E-1
9.585738689E1,-6.263945699E-1,2.012346029E0,7.925809026E-1
9.586252012E1,-6.562229395E-1,1.971864581E0,7.968420982E-1
9.586747018E1,-6.711370945E-1,1.900489688E0,7.702096701E-1
9.587226283E1,-6.871165037E-1,1.806743622E0,7.297284007E-1
9.587764101E1,-6.977695227E-1,1.719389200E0,6.796594262E-1
9.588273018E1,-6.892471313E-1,1.641622543E0,6.285251975E-1
9.588791893E1,-6.732676625E-1,1.552137613E0,5.901744962E-1
9.589301288E1,-6.658105850E-1,1.457326174E0,5.624767542E-1
9.589791466E1,-6.871165037E-1,1.389147162E0,5.187996030E-1
9.590317211E1,-6.924430132E-1,1.334817052E0,4.548817873E-1
9.590810107E1,-6.977695227E-1,1.285813451E0,3.845722079E-1
9.591323252E1,-7.158795595E-1,1.212307930E0,3.355685472E-1
9.591848643E1,-7.361201644E-1,1.121757627E0,3.121320009E-1
9.592348971E1,-7.574261427E-1,1.032272696E0,2.897607684E-1
9.592835888E1,-7.776667476E-1,9.470489621E-1,2.673895359E-1
9.593314685E1,-7.883197069E-1,8.724781871E-1,2.588671446E-1
9.593815226E1,-7.904503345E-1,8.042991757E-1,2.567365468E-1
9.594363544E1,-7.840585709E-1,7.275978327E-1,2.578018606E-1
9.594858701E1,-7.808626294E-1,6.594188213E-1,2.567365468E-1
9.595373789E1,-7.670137882E-1,5.773909688E-1,2.546059787E-1
9.595877544E1,-7.382507920E-1,4.772530198E-1,2.524753809E-1
9.596387034E1,-7.094877362E-1,3.867027760E-1,2.471488863E-1
9.596890644E1,-6.700717807E-1,3.068055212E-1,2.386265099E-1
9.597407430E1,-6.253293157E-1,2.333000302E-1,2.247776538E-1
9.597911023E1,-5.827174187E-1,1.565986425E-1,2.173205763E-1
9.598427706E1,-5.518237948E-1,7.244019210E-2,2.141246796E-1
9.598929779E1,-5.305178761E-1,-5.326484796E-3,2.109287977E-1
9.599437717E1,-5.113425255E-1,-8.309315890E-2,2.056023031E-1
9.599935107E1,-4.942977726E-1,-1.534027606E-1,1.970799267E-1
9.600451227E1,-4.804489315E-1,-2.173205763E-1,1.842963696E-1
9.600976378E1,-4.655347466E-1,-2.791078091E-1,1.704475135E-1
9.601458467E1,-4.506205916E-1,-3.440909088E-1,1.491415650E-1
9.601973649E1,-4.293146729E-1,-4.112046063E-1,1.246397421E-1
9.602476587E1,-4.048128426E-1,-4.793836176E-1,1.001379117E-1
9.602994681E1,-3.707233369E-1,-5.464973450E-1,7.137489319E-2
9.603491946E1,-3.302420378E-1,-6.125457287E-1,3.515479714E-2
9.604001691E1,-2.854995728E-1,-6.817900538E-1,-5.326484796E-3
9.604523019E1,-2.428877056E-1,-7.542302012E-1,-5.433014408E-2
9.605006030E1,-1.960146427E-1,-8.309316039E-1,-1.043990999E-1
9.605518009E1,-1.512721628E-1,-9.076330066E-1,-1.576639414E-1
9.606024124E1,-1.054643989E-1,-9.864649773E-1,-2.087981999E-1
9.606534337E1,-6.711370498E-2,-1.064231634E0,-2.578018606E-1
9.607044905E1,-2.450183034E-2,-1.128149509E0,-3.025443256E-1
9.607564223E1,3.195890784E-2,-1.172891974E0,-3.302420378E-1
9.608048212E1,9.694202244E-2,-1.205916166E0,-3.472867906E-1
9.608587540E1,1.427497864E-1,-1.230417967E0,-3.664621413E-1
9.609066525E1,1.651210189E-1,-1.231483221E0,-3.930945694E-1
9.609574520E1,1.757739931E-1,-1.206981421E0,-4.133352041E-1
9.610088025E1,1.811004728E-1,-1.166500092E0,-4.335758388E-1
9.610597442E1,1.565986425E-1,-1.111104727E0,-4.740571380E-1
9.611094093E1,1.022685021E-1,-1.039729834E0,-5.166690350E-1
9.611602181E1,4.793836176E-2,-9.694201946E-1,-5.390402675E-1
9.612122228E1,6.391781382E-3,-9.055023789E-1,-5.379749537E-1
9.612639010E1,-3.622009605E-2,-8.522375226E-1,-5.187996030E-1
9.613119697E1,-9.268083423E-2,-7.957767844E-1,-4.953630865E-1
9.613629734E1,-1.672516167E-1,-7.169448137E-1,-4.847100973E-1
9.614141025E1,-2.556712627E-1,-6.136110425E-1,-4.708612561E-1
9.614654140E1,-3.462215066E-1,-4.847100973E-1,-4.346411526E-1
9.615146958E1,-4.516859055E-1,-3.451561928E-1,-3.685927391E-1
9.615662786E1,-5.859133005E-1,-2.247776538E-1,-2.791078091E-1
9.616167130E1,-7.275978327E-1,-1.214438528E-1,-1.906881481E-1
9.616672958E1,-8.501069546E-1,-4.900366068E-2,-1.161173657E-1
9.617190651E1,-9.491795897E-1,-1.917534508E-2,-4.367717355E-2
9.617691729E1,-1.019489169E0,-3.728539124E-2,2.556712553E-2
9.618191989E1,-1.049317479E0,-9.055023640E-2,8.202786744E-2
9.618702562E1,-1.021619797E0,-1.534027606E-1,1.150520667E-1
9.619203401E1,-9.225471616E-1,-2.322347313E-1,1.374233067E-1
9.619723094E1,-7.670137882E-1,-3.163931966E-1,1.683169156E-1
9.620216276E1,-5.837827325E-1,-3.792456985E-1,2.173205763E-1
9.620729755E1,-3.984210491E-1,-3.824416101E-1,2.918913662E-1
9.621234610E1,-2.418224066E-1,-3.089361191E-1,3.781804144E-1
9.621743052E1,-1.384886056E-1,-2.087981999E-1,4.708612561E-1
9.622251146E1,-7.563608140E-2,-1.416844875E-1,5.827174187E-1
9.622767761E1,-2.556712553E-2,-1.235744432E-1,7.116183639E-1
9.623274443E1,2.024064213E-2,-1.683169156E-1,8.490416408E-1
9.623786141E1,5.752603337E-2,-2.620630562E-1,9.790078998E-1
9.624273230E1,7.563608140E-2,-3.504827023E-1,1.074884653E0
9.624788026E1,6.817900389E-2,-3.685927391E-1,1.129214764E0
9.625293527E1,2.237123623E-2,-2.556712627E-1,1.136671782E0
9.625800521E1,-4.687306657E-2,-2.237123623E-2,1.095125198E0
9.626322324E1,-1.075949892E-1,2.173205763E-1,1.026946187E0
9.626812605E1,-1.384886056E-1,3.568744659E-1,9.534407854E-1
9.627319584E1,-1.289009303E-1,3.472867906E-1,8.799352646E-1
9.627808699E1,-8.309315890E-2,2.290388346E-1,8.000379801E-1
9.628342657E1,-2.237123623E-2,5.433014408E-2,7.009654045E-1
9.628852980E1,4.154657945E-2,-1.395539045E-1,5.784562230E-1
9.629358407E1,1.097255871E-1,-3.345032334E-1,4.378370345E-1
9.629864058E1,1.725780964E-1,-5.283873081E-1,2.854995728E-1
9.630364683E1,2.322347313E-1,-7.212060094E-1,1.193132550E-1
9.630881058E1,2.993484437E-1,-9.204165339E-1,-5.752603337E-2
9.631380079E1,3.728539348E-1,-1.136671782E0,-2.237123549E-1
9.631895616E1,4.484900236E-1,-1.349731207E0,-3.717886209E-1
9.632390829E1,5.315831900E-1,-1.541484714E0,-4.985589683E-1
9.632906032E1,6.040233374E-1,-1.723650455E0,-6.178722382E-1
9.633416152E1,6.626147032E-1,-1.879183769E0,-7.137489319E-1
9.633932918E1,7.041612864E-1,-1.988909364E0,-7.787320614E-1
9.634421465E1,7.307937145E-1,-2.049631357E0,-8.149521351E-1
9.634940626E1,7.244018912E-1,-2.080524921E0,-8.330622315E-1
9.635442423E1,6.881818175E-1,-2.086916685E0,-8.426498771E-1
9.635956283E1,6.391781569E-1,-2.048566103E0,-8.405193090E-1
9.636447121E1,5.827174187E-1,-1.963342309E0,-8.256051540E-1
9.636963210E1,5.262566805E-1,-1.822723031E0,-7.904503345E-1
9.637428116E1,4.708612561E-1,-1.621381879E0,-7.361201644E-1
9.637995762E1,4.090740085E-1,-1.368906617E0,-6.658105850E-1
9.638472997E1,3.355685472E-1,-1.074884653E0,-5.827174187E-1
9.638990955E1,2.609977424E-1,-7.638179064E-1,-5.006895661E-1
9.639495200E1,1.832310706E-1,-4.612735808E-1,-4.207922816E-1
9.640005939E1,1.182479635E-1,-1.853616685E-1,-3.462215066E-1
9.640510945E1,5.859133229E-2,4.048128426E-2,-2.833689749E-1
9.641044533E1,5.326484796E-3,1.970799267E-1,-2.343653291E-1
9.641515054E1,-3.835069016E-2,2.748466134E-1,-2.024064213E-1
9.642031398E1,-6.604841352E-2,2.950872481E-1,-1.864269674E-1
9.642531940E1,-6.604841352E-2,2.684548199E-1,-1.800351888E-1
9.643064502E1,-4.474247247E-2,2.045370042E-1,-1.789698899E-1
9.643547013E1,1.065296936E-3,1.107908785E-1,-1.821657717E-1
9.644073237E1,6.604841352E-2,1.065296959E-2,-1.874922663E-1
9.644577680E1,1.491415650E-1,-7.563608140E-2,-1.928187460E-1
9.645106742E1,2.396918088E-1,-1.384886056E-1,-1.981452256E-1
9.645571789E1,3.270461559E-1,-1.715128124E-1,-1.970799267E-1
9.646094773E1,4.112046063E-1,-1.811004728E-1,-1.917534471E-1
9.646584867E1,4.889712930E-1,-1.757739931E-1,-1.842963696E-1
9.647122331E1,5.614115000E-1,-1.587292403E-1,-1.725780964E-1
9.647623789E1,6.221334338E-1,-1.384886056E-1,-1.629904360E-1
9.648141367E1,6.743329763E-1,-1.150520667E-1,-1.619251370E-1
9.648613862E1,7.169448137E-1,-9.055023640E-2,-1.683169156E-1
9.649139175E1,7.467731237E-1,-7.563608140E-2,-1.789698899E-1
9.649628914E1,7.691444159E-1,-7.883197069E-2,-1.874922663E-1
9.650139602E1,7.808626294E-1,-1.022685021E-1,-2.024064213E-1
9.650643164E1,7.808626294E-1,-1.363580078E-1,-2.183858752E-1
9.651173243E1,7.670137882E-1,-1.811004728E-1,-2.333000302E-1
9.651660175E1,7.467731237E-1,-2.343653291E-1,-2.514100671E-1
9.652180680E1,7.244018912E-1,-2.929566503E-1,-2.684548199E-1
9.652674956E1,6.999000907E-1,-3.611356616E-1,-2.780424953E-1
9.653189097E1,6.700717807E-1,-4.325105548E-1,-2.812383771E-1
9.653700852E1,6.359822750E-1,-4.964283705E-1,-2.812383771E-1
9.654199206E1,5.976315737E-1,-5.528891087E-1,-2.812383771E-1
9.654703852E1,5.614115000E-1,-5.997622013E-1,-2.844342887E-1
9.655216144E1,5.187996030E-1,-6.402434707E-1,-2.823036909E-1
9.655716462E1,4.761877358E-1,-6.626147032E-1,-2.769772112E-1
9.656240733E1,4.293146729E-1,-6.743329763E-1,-2.705854177E-1
9.656745009E1,3.803110123E-1,-6.796594262E-1,-2.673895359E-1
9.657249462E1,3.366338313E-1,-6.722023487E-1,-2.631283402E-1
9.657754483E1,2.908260524E-1,-6.615493894E-1,-2.546059787E-1
9.658256108E1,2.450182885E-1,-6.402434707E-1,-2.418224066E-1
9.658766598E1,1.949493438E-1,-6.295905113E-1,-2.354306281E-1
9.659291967E1,1.448803842E-1,-6.285251975E-1,-2.258429527E-1
9.659776353E1,1.001379117E-1,-6.274598837E-1,-2.183858752E-1
9.660290546E1,6.498311460E-2,-6.231986880E-1,-2.066676021E-1
9.660788218E1,3.515479714E-2,-6.146763563E-1,-1.960146427E-1
9.661301442E1,1.278356276E-2,-6.018927693E-1,-1.885575503E-1
9.661802931E1,-3.195890691E-3,-5.965662599E-1,-1.821657717E-1
9.662324811E1,-1.917534508E-2,-6.018927693E-1,-1.736433953E-1
9.662828129E1,-3.089361079E-2,-6.210681200E-1,-1.661863178E-1
9.663331499E1,-3.835069016E-2,-6.455699205E-1,-1.629904360E-1
9.663827275E1,-4.048128426E-2,-6.658105850E-1,-1.619251370E-1
9.664341739E1,-3.622009605E-2,-6.796594262E-1,-1.608598381E-1
9.664850989E1,-2.556712553E-2,-6.913776994E-1,-1.576639414E-1
9.665358848E1,-1.278356276E-2,-6.977695227E-1,-1.544680595E-1
9.665862775E1,1.065296936E-3,-6.967042089E-1,-1.534027606E-1
9.666376687E1,2.237123623E-2,-6.828553081E-1,-1.502068639E-1
9.666889650E1,5.113425106E-2,-6.594188213E-1,-1.459456831E-1
9.667401390E1,8.841964602E-2,-6.327863932E-1,-1.427497864E-1
9.667887296E1,1.352927089E-1,-6.040233374E-1,-1.406191885E-1
9.668419526E1,1.800351888E-1,-5.784562230E-1,-1.395539045E-1
9.668911500E1,2.343653291E-1,-5.507585406E-1,-1.395539045E-1
9.669440083E1,2.982831299E-1,-5.241261125E-1,-1.374233067E-1
9.669930776E1,3.590050638E-1,-5.049507618E-1,-1.278356314E-1
9.670440666E1,4.048128426E-1,-4.985589683E-1,-1.150520667E-1
9.670932578E1,4.367717505E-1,-4.857754111E-1,-1.001379117E-1
9.671447599E1,4.666000605E-1,-4.634041786E-1,-8.948494494E-2
9.671946469E1,4.964283705E-1,-4.420982301E-1,-7.989726961E-2
9.672456568E1,5.219954848E-1,-4.357064366E-1,-6.391781569E-2
9.672966016E1,5.486279130E-1,-4.389023483E-1,-4.154657945E-2
9.673472031E1,5.699338317E-1,-4.389023483E-1,-2.556712553E-2
9.673974708E1,5.859133005E-1,-4.314452708E-1,-1.384885982E-2
9.674489807E1,5.933703780E-1,-4.197269976E-1,-3.195890691E-3
9.675006360E1,5.880439281E-1,-4.101393223E-1,1.171826664E-2
9.675499823E1,5.678032637E-1,-4.122699201E-1,2.556712553E-2
9.676003693E1,5.390402675E-1,-4.282493591E-1,3.515479714E-2
9.676524276E1,5.102772117E-1,-4.442288280E-1,4.474247247E-2
9.677025761E1,4.815142155E-1,-4.602082670E-1,5.646073818E-2
9.677532724E1,4.431635141E-1,-4.793836176E-1,7.670138031E-2
9.678036339E1,4.048128426E-1,-5.038854480E-1,9.268083423E-2
9.678540709E1,3.728539348E-1,-5.379749537E-1,1.086602882E-1
9.679046610E1,3.483521044E-1,-5.752603412E-1,1.161173657E-1
9.679557969E1,3.345032334E-1,-6.146763563E-1,1.193132550E-1
9.680061563E1,3.227849603E-1,-6.434393525E-1,1.225091442E-1
9.680572381E1,2.982831299E-1,-6.753982306E-1,1.203785539E-1
9.681073287E1,2.769772112E-1,-6.924430132E-1,1.203785539E-1
9.681584803E1,2.556712627E-1,-6.860512495E-1,1.203785539E-1
9.682084996E1,2.418224066E-1,-6.679411530E-1,1.193132550E-1
9.682601043E1,2.322347313E-1,-6.381128430E-1,1.161173657E-1
9.683100689E1,2.226470560E-1,-6.050886512E-1,1.107908785E-1
9.683616829E1,2.194511741E-1,-5.784562230E-1,1.022685021E-1
9.684123027E1,2.258429527E-1,-5.582156181E-1,9.161553532E-2
9.684631236E1,2.439530045E-1,-5.390402675E-1,7.670138031E-2
9.685135444E1,2.631283402E-1,-5.326484442E-1,5.859133229E-2
9.685649293E1,2.780424953E-1,-5.390402675E-1,3.728539124E-2
9.686145069E1,2.918913662E-1,-5.454320312E-1,9.587672539E-3
9.686662965E1,3.068055212E-1,-5.433014631E-1,-1.278356276E-2
9.687171746E1,3.227849603E-1,-5.337137580E-1,-3.408950195E-2
9.687672725E1,3.366338313E-1,-5.198649168E-1,-5.433014408E-2
9.688176116E1,3.494173884E-1,-4.996242523E-1,-7.244019210E-2
9.688705215E1,3.536785841E-1,-4.719265401E-1,-8.948494494E-2
9.689198189E1,3.622009456E-1,-4.378370345E-1,-1.012032107E-1
9.689708189E1,3.728539348E-1,-4.090740085E-1,-1.065296903E-1
9.690216455E1,3.930945694E-1,-3.941598535E-1,-1.065296903E-1
9.690748543E1,4.175963998E-1,-3.920292854E-1,-1.065296903E-1
9.691217242E1,4.399676323E-1,-3.941598535E-1,-1.075949892E-1
9.691733408E1,4.623388648E-1,-3.856374919E-1,-1.118561774E-1
9.692242809E1,4.889712930E-1,-3.696580231E-1,-1.161173657E-1
9.692741481E1,5.209302306E-1,-3.643315434E-1,-1.225091442E-1
9.693248799E1,5.369096398E-1,-3.771151006E-1,-1.331621110E-1
9.693795820E1,5.379749537E-1,-3.653968573E-1,-1.320968270E-1
9.694289872E1,5.230607986E-1,-3.238502741E-1,-1.331621110E-1
9.694770179E1,4.900365770E-1,-2.737812996E-1,-1.416844875E-1
9.695277106E1,4.484900236E-1,-2.226470560E-1,-1.555333585E-1
9.695790560E1,4.090740085E-1,-1.736433953E-1,-1.672516167E-1
9.696289482E1,3.590050638E-1,-1.459456831E-1,-1.736433953E-1
9.696815143E1,3.014790416E-1,-1.374233067E-1,-1.789698899E-1
9.697300200E1,2.524753809E-1,-1.395539045E-1,-1.842963696E-1
9.697815414E1,2.002758235E-1,-1.587292403E-1,-1.938840449E-1
9.698322190E1,1.448803842E-1,-1.896228492E-1,-2.056023031E-1
9.698839904E1,9.374613315E-2,-2.066676021E-1,-2.183858752E-1
9.699333789E1,3.835069016E-2,-2.013411224E-1,-2.322347313E-1
9.699842081E1,-1.491415687E-2,-1.779045910E-1,-2.524753809E-1
9.700346018E1,-7.350549102E-2,-1.565986425E-1,-2.801730931E-1
9.700860867E1,-1.352927089E-1,-1.416844875E-1,-3.046749234E-1
9.701361107E1,-2.024064213E-1,-1.320968270E-1,-3.302420378E-1
9.701988581E1,-2.833689749E-1,-1.203785539E-1,-3.632662594E-1
9.702421149E1,-3.611356616E-1,-1.033338010E-1,-3.994863629E-1
9.702891029E1,-4.250534773E-1,-7.989726961E-2,-4.218575954E-1
9.703383961E1,-4.783183336E-1,-6.391781569E-2,-4.250534773E-1
9.703910774E1,-5.177342892E-1,-3.835069016E-2,-4.612735808E-1
9.704403560E1,-5.305178761E-1,9.587672539E-3,-4.996242523E-1
9.704919050E1,-5.273219943E-1,6.391781569E-2,-5.049507618E-1
9.705413097E1,-5.092119575E-1,1.427497864E-1,-4.868406951E-1
9.705928701E1,-4.793836176E-1,2.546059787E-1,-4.431635141E-1
9.706451493E1,-4.420982301E-1,4.005516469E-1,-3.845722079E-1
9.706942988E1,-3.984210491E-1,5.741950274E-1,-3.291767538E-1
9.707449238E1,-3.526133001E-1,7.595567107E-1,-2.791078091E-1
9.707973608E1,-3.036096394E-1,9.438530803E-1,-2.194511741E-1
9.708472332E1,-2.556712627E-1,1.115365863E0,-1.640557349E-1
9.708971691E1,-2.194511741E-1,1.266638041E0,-1.107908785E-1
9.709491571E1,-1.928187460E-1,1.402996063E0,-5.859133229E-2
9.709984097E1,-1.757739931E-1,1.515917540E0,-1.384885982E-2
9.710491889E1,-1.672516167E-1,1.600075960E0,2.024064213E-2
9.711004222E1,-1.736433953E-1,1.655471444E0,4.580776766E-2
9.711523650E1,-1.906881481E-1,1.689560890E0,7.030959427E-2
9.712031066E1,-2.173205763E-1,1.716193318E0,9.055023640E-2
9.712517895E1,-2.503447831E-1,1.749217510E0,1.001379117E-1
9.713030244E1,-2.854995728E-1,1.801417112E0,9.907261282E-2
9.713531468E1,-3.227849603E-1,1.873857260E0,8.735434711E-2
9.714044952E1,-3.579397798E-1,1.958015800E0,7.563608140E-2
9.714541957E1,-3.813762963E-1,2.058153629E0,6.285251677E-2
9.715074332E1,-3.845722079E-1,2.157226324E0,4.367717355E-2
9.715572463E1,-3.707233369E-1,2.250972509E0,2.343653329E-2
9.716080900E1,-3.451561928E-1,2.318086147E0,-1.065296936E-3
9.716575036E1,-3.036096394E-1,2.348979712E0,-2.343653329E-2
9.717088989E1,-2.620630562E-1,2.354306221E0,-2.876301669E-2
9.717590442E1,-2.247776538E-1,2.344718456E0,-3.089361079E-2
9.718118275E1,-1.853616685E-1,2.352175713E0,-4.687306657E-2
9.718614598E1,-1.438150853E-1,2.372416258E0,-5.646073818E-2
9.719127140E1,-1.097255871E-1,2.396918058E0,-5.539543927E-2
9.719625838E1,-8.628904819E-2,2.420354605E0,-4.154657945E-2
9.720131385E1,-7.457078248E-2,2.444856405E0,-1.704475097E-2
9.720646208E1,-6.817900389E-2,2.474684715E0,1.597945392E-2
9.721169302E1,-7.350549102E-2,2.475749969E0,6.285251677E-2
9.721647047E1,-9.694202244E-2,2.442725897E0,1.086602882E-1
9.722170583E1,-1.363580078E-1,2.383069277E0,1.587292403E-1
9.722667161E1,-1.864269674E-1,2.311694384E0,2.215817571E-1
9.723171010E1,-2.407571077E-1,2.246711254E0,2.865648866E-1
9.723671417E1,-2.823036909E-1,2.205164671E0,3.302420378E-1
9.724190021E1,-3.142625988E-1,2.183858633E0,3.590050638E-1
9.724711281E1,-3.515479863E-1,2.139116287E0,4.069434404E-1
9.725212568E1,-4.154658020E-1,2.049631357E0,4.527511895E-1
9.725715818E1,-5.262566805E-1,1.932448626E0,4.761877358E-1
9.726217490E1,-6.583535075E-1,1.814200640E0,4.751224220E-1
9.726719073E1,-7.648832202E-1,1.739629865E0,4.538165033E-1
9.727230266E1,-8.479763865E-1,1.697018027E0,4.314452708E-1
9.727731459E1,-9.097635746E-1,1.627773762E0,4.101393223E-1
9.728244844E1,-9.566366673E-1,1.510591030E0,3.622009456E-1
9.728744209E1,-9.747467041E-1,1.371037126E0,3.057402074E-1
9.729256990E1,-9.640937448E-1,1.231483221E0,2.514100671E-1
9.729763870E1,-9.502448440E-1,1.121757627E0,2.034717202E-1
9.730268886E1,-9.353306890E-1,1.053578615E0,1.672516167E-1
9.730783454E1,-9.268083572E-1,1.009901524E0,1.310315281E-1
9.731284605E1,-9.268083572E-1,9.758120179E-1,1.065296903E-1
9.731792282E1,-9.300042391E-1,9.342654347E-1,8.628904819E-2
9.732299261E1,-9.577019215E-1,8.735435009E-1,6.285251677E-2
9.732805053E1,-9.971179366E-1,8.000379801E-1,4.048128426E-2
9.733320376E1,-1.031207442E0,7.265325189E-1,2.130593918E-2
9.733822194E1,-1.043990970E0,6.583535075E-1,8.522375487E-3
9.734327996E1,-1.047186852E0,5.986968875E-1,-9.587672539E-3
9.734836418E1,-1.051448107E0,5.507585406E-1,-2.663242258E-2
9.735358465E1,-1.059970498E0,5.060160160E-1,-2.556712553E-2
9.735859058E1,-1.081276417E0,4.772530198E-1,-2.450183034E-2
9.736364777E1,-1.100451708E0,4.591429830E-1,-5.219954997E-2
9.736866887E1,-1.103647590E0,4.474247098E-1,-7.670138031E-2
9.737372126E1,-1.088733435E0,4.207922816E-1,-8.522375673E-2
9.737873345E1,-1.067427516E0,3.835068941E-1,-9.055023640E-2
9.738414782E1,-1.045056343E0,3.451561928E-1,-9.694202244E-2
9.738890189E1,-1.012032032E0,3.078708053E-1,-1.012032107E-1
9.739398887E1,-9.779425859E-1,2.673895359E-1,-1.043990999E-1
9.739903939E1,-9.481142759E-1,2.109287977E-1,-1.118561774E-1
9.740413636E1,-9.140247703E-1,1.363580078E-1,-1.203785539E-1
9.740913877E1,-8.703476191E-1,6.391781569E-2,-1.267703325E-1
9.741440200E1,-8.319969177E-1,-7.457078435E-3,-1.331621110E-1
9.741953648E1,-8.042991757E-1,-7.989726961E-2,-1.427497864E-1
9.742456361E1,-7.861891389E-1,-1.555333585E-1,-1.480762810E-1
9.742965825E1,-7.734055519E-1,-2.333000302E-1,-1.448803842E-1
9.743469070E1,-7.584913969E-1,-3.046749234E-1,-1.491415650E-1
9.743955096E1,-7.478384376E-1,-3.781804144E-1,-1.448803842E-1
9.744477028E1,-7.414466739E-1,-4.495553076E-1,-1.342274100E-1
9.744973054E1,-7.350549102E-1,-5.102772117E-1,-1.246397421E-1
9.745492908E1,-7.275978327E-1,-5.688685775E-1,-1.193132550E-1
9.745997169E1,-7.244018912E-1,-6.274598837E-1,-1.150520667E-1
9.746506169E1,-7.286630869E-1,-6.817900538E-1,-1.235744432E-1
9.747020221E1,-7.297284007E-1,-7.382507920E-1,-1.331621110E-1
9.747515539E1,-7.350549102E-1,-7.925809026E-1,-1.491415650E-1
9.748020695E1,-7.393160462E-1,-8.479763865E-1,-1.693822145E-1
9.748526940E1,-7.403813601E-1,-9.023064971E-1,-1.960146427E-1
9.749043107E1,-7.467731237E-1,-9.449183941E-1,-2.226470560E-1
9.749541695E1,-7.520996332E-1,-9.832690954E-1,-2.407571077E-1
9.750065628E1,-7.542302012E-1,-1.018423915E0,-2.514100671E-1
9.750554169E1,-7.520996332E-1,-1.043990970E0,-2.620630562E-1
9.751057326E1,-7.489037514E-1,-1.058905125E0,-2.737812996E-1
9.751585622E1,-7.520996332E-1,-1.068492770E0,-2.918913662E-1
9.752071013E1,-7.531649470E-1,-1.082341671E0,-3.100014031E-1
9.752582570E1,-7.563608289E-1,-1.094059944E0,-3.313073516E-1
9.753086081E1,-7.616873384E-1,-1.111104727E0,-3.600703776E-1
9.753602096E1,-7.723402977E-1,-1.112169981E0,-3.941598535E-1
9.754115295E1,-7.680791020E-1,-1.100451708E0,-4.261187613E-1
9.754615987E1,-7.382507920E-1,-1.083406925E0,-4.495553076E-1
9.755131659E1,-6.860512495E-1,-1.053578615E0,-4.580776691E-1
9.755628394E1,-6.104151607E-1,-1.013097405E0,-4.548817873E-1
9.756133524E1,-5.315831900E-1,-9.608978629E-1,-4.474247098E-1
9.756646935E1,-4.783183336E-1,-8.820658922E-1,-4.452941120E-1
9.757151352E1,-4.431635141E-1,-7.648832202E-1,-4.442288280E-1
9.757634336E1,-4.090740085E-1,-6.136110425E-1,-4.357064366E-1
9.758172207E1,-3.717886209E-1,-4.538165033E-1,-4.229228795E-1
9.758669951E1,-3.398297131E-1,-3.004137278E-1,-4.112046063E-1
9.759171227E1,-3.185237944E-1,-1.661863178E-1,-3.909639716E-1
9.759689524E1,-3.089361191E-1,-6.391781569E-2,-3.653968573E-1
9.760192832E1,-3.046749234E-1,7.457078435E-3,-3.366338313E-1
9.760696863E1,-3.025443256E-1,4.793836176E-2,-3.110667169E-1
9.761206056E1,-3.142625988E-1,6.072192639E-2,-2.929566503E-1
9.761714665E1,-3.419603109E-1,5.433014408E-2,-2.780424953E-1
9.762223285E1,-3.845722079E-1,3.089361079E-2,-2.556712627E-1
9.762726639E1,-4.282493591E-1,-1.384885982E-2,-2.247776538E-1
9.763229926E1,-4.570123851E-1,-7.883197069E-2,-1.821657717E-1
9.763746025E1,-4.644694626E-1,-1.565986425E-1,-1.267703325E-1
9.764245811E1,-4.452941120E-1,-1.949493438E-1,-5.326484516E-2
9.764770046E1,-3.877680898E-1,-1.438150853E-1,3.835069016E-2
9.765263296E1,-3.057402074E-1,-6.391781382E-3,1.438150853E-1
9.765773051E1,-2.183858752E-1,1.672516167E-1,2.514100671E-1
9.766271030E1,-1.448803842E-1,2.972178459E-1,3.483521044E-1
9.766785176E1,-8.096256852E-2,3.313073516E-1,4.367717505E-1
9.767290197E1,-1.065296936E-3,2.631283402E-1,5.315831900E-1
9.767809265E1,1.118561774E-1,9.268083423E-2,6.402434707E-1
9.768302463E1,2.439530045E-1,-2.002758235E-1,7.723402977E-1
9.768815478E1,3.526133001E-1,-5.752603412E-1,9.055023789E-1
9.769312885E1,4.048128426E-1,-8.991106153E-1,1.029076815E0
9.769831432E1,3.728539348E-1,-1.046121597E0,1.122823000E0
9.770330854E1,2.599324584E-1,-9.875302315E-1,1.161173701E0
9.770865260E1,8.415845782E-2,-7.233366370E-1,1.116431236E0
9.771350744E1,-1.150520667E-1,-2.759118974E-1,1.031207442E0
9.771872426E1,-2.652589381E-1,2.386265099E-1,9.768772721E-1
9.772361182E1,-3.387644291E-1,5.965662599E-1,9.587672353E-1
9.772875036E1,-3.291767538E-1,7.041612864E-1,9.363960028E-1
9.773373000E1,-2.503447831E-1,6.540923119E-1,8.863270283E-1
9.773888156E1,-1.150520667E-1,5.464973450E-1,8.053644896E-1
9.774390437E1,5.326484516E-2,4.218575954E-1,6.828553081E-1
9.774896968E1,2.375612110E-1,3.078708053E-1,5.283873081E-1
9.775406266E1,4.154658020E-1,1.960146427E-1,3.600703776E-1
9.775911781E1,5.859133005E-1,4.900366068E-2,1.768392920E-1
9.776424021E1,7.584913969E-1,-1.502068639E-1,-6.391781382E-3
9.776928031E1,9.204165339E-1,-3.653968573E-1,-1.544680595E-1
9.777430865E1,1.072754025E0,-5.869786143E-1,-2.663242221E-1
9.777946417E1,1.212307930E0,-8.000379801E-1,-3.653968573E-1
9.778444453E1,1.327360034E0,-1.001379132E0,-4.474247098E-1
9.778962833E1,1.402996063E0,-1.176087856E0,-5.166690350E-1
9.779456948E1,1.444542646E0,-1.312445879E0,-5.827174187E-1
9.779966058E1,1.463717937E0,-1.407257199E0,-6.381128430E-1
9.780479839E1,1.457326174E0,-1.470109820E0,-6.722023487E-1
9.780985370E1,1.424301982E0,-1.503134012E0,-6.775288582E-1
9.781451230E1,1.374233007E0,-1.511656404E0,-6.668758988E-1
9.781995422E1,1.309249878E0,-1.492480993E0,-6.477005482E-1
9.782500422E1,1.232548594E0,-1.432824373E0,-6.317210793E-1
9.783015777E1,1.139867663E0,-1.338012934E0,-6.114804149E-1
9.783518975E1,1.023750305E0,-1.210177302E0,-5.869786143E-1
9.784038355E1,8.863270283E-1,-1.048252225E0,-5.592808723E-1
9.784531126E1,7.339895964E-1,-8.586293459E-1,-5.315831900E-1
9.785008428E1,5.816521049E-1,-6.594188213E-1,-4.996242523E-1
9.785547157E1,4.442288280E-1,-4.729918540E-1,-4.634041786E-1
9.786063246E1,3.153278828E-1,-3.451561928E-1,-4.314452708E-1
9.786558324E1,1.938840449E-1,-2.876301706E-1,-4.112046063E-1
9.787069230E1,8.948494494E-2,-2.823036909E-1,-4.048128426E-1
9.787576616E1,8.522375487E-3,-3.089361191E-1,-4.112046063E-1
9.788091694E1,-3.941598535E-2,-3.472867906E-1,-4.133352041E-1
9.788589986E1,-5.326484516E-2,-3.973557651E-1,-4.154658020E-1
9.789095038E1,-5.113425106E-2,-4.527511895E-1,-4.122699201E-1
9.789608928E1,-4.154657945E-2,-5.006895661E-1,-3.994863629E-1
9.790109543E1,-3.835069016E-2,-5.411708355E-1,-3.760498166E-1
9.790650277E1,-4.261187837E-2,-5.859133005E-1,-3.558091819E-1
9.791112788E1,-4.474247247E-2,-6.306557655E-1,-3.345032334E-1
9.791630048E1,-3.195890784E-2,-6.572881937E-1,-3.131972849E-1
9.792157501E1,0.000000000E0,-6.722023487E-1,-2.950872481E-1
9.792659236E1,4.367717355E-2,-6.849859357E-1,-2.844342887E-1
9.793154007E1,9.268083423E-2,-6.967042089E-1,-2.791078091E-1
9.793671450E1,1.470109820E-1,-7.009654045E-1,-2.748466134E-1
9.794170715E1,1.938840449E-1,-6.924430132E-1,-2.705854177E-1
9.794683512E1,2.343653291E-1,-6.700717807E-1,-2.705854177E-1
9.795189929E1,2.673895359E-1,-6.402434707E-1,-2.695201337E-1
9.795680184E1,2.897607684E-1,-5.986968875E-1,-2.759118974E-1
9.796196085E1,3.068055212E-1,-5.486279130E-1,-2.844342887E-1
9.796720788E1,3.227849603E-1,-4.889712930E-1,-2.940219641E-1
9.797210153E1,3.345032334E-1,-4.271840751E-1,-2.982831299E-1
9.797712596E1,3.483521044E-1,-3.675274551E-1,-2.929566503E-1
9.798231002E1,3.611356616E-1,-3.100014031E-1,-2.812383771E-1
9.798738388E1,3.771151006E-1,-2.599324584E-1,-2.673895359E-1
9.799259648E1,4.026822448E-1,-2.194511741E-1,-2.535406649E-1
9.799746304E1,4.325105548E-1,-1.906881481E-1,-2.375612110E-1
9.800258388E1,4.580776691E-1,-1.789698899E-1,-2.215817571E-1
9.800767971E1,4.793836176E-1,-1.821657717E-1,-2.077329010E-1
9.801272721E1,4.985589683E-1,-1.853616685E-1,-1.906881481E-1
9.801783003E1,5.166690350E-1,-1.917534471E-1,-1.747086942E-1
9.802299060E1,5.337137580E-1,-2.013411224E-1,-1.608598381E-1
9.802785357E1,5.454320312E-1,-2.183858752E-1,-1.480762810E-1
9.803310976E1,5.560849905E-1,-2.322347313E-1,-1.352927089E-1
9.803799435E1,5.688685775E-1,-2.428877056E-1,-1.214438528E-1
9.804327232E1,5.816521049E-1,-2.546059787E-1,-1.065296903E-1
9.804817925E1,5.944356918E-1,-2.599324584E-1,-9.481142461E-2
9.805329294E1,5.997622013E-1,-2.716507316E-1,-8.628904819E-2
9.805827888E1,5.997622013E-1,-2.940219641E-1,-7.776667923E-2
9.806342003E1,5.965662599E-1,-3.089361191E-1,-6.711370498E-2
9.806861175E1,5.901744962E-1,-3.131972849E-1,-5.646073818E-2
9.807358039E1,5.816521049E-1,-3.174584806E-1,-4.580776766E-2
9.807857264E1,5.752603412E-1,-3.185237944E-1,-3.408950195E-2
9.808379128E1,5.667379498E-1,-3.217196763E-1,-2.343653329E-2
9.808866982E1,5.560849905E-1,-3.238502741E-1,-1.171826664E-2
9.809410253E1,5.486279130E-1,-3.217196763E-1,2.130593872E-3
9.809888873E1,5.443667173E-1,-3.195890784E-1,1.811004803E-2
9.810401274E1,5.433014631E-1,-3.185237944E-1,3.408950195E-2
9.810905790E1,5.486279130E-1,-3.100014031E-1,5.006895587E-2
9.811415967E1,5.560849905E-1,-3.078708053E-1,5.859133229E-2
9.811917707E1,5.699338317E-1,-3.025443256E-1,6.924430281E-2
9.812427951E1,5.891091824E-1,-2.972178459E-1,7.989726961E-2
9.812942894E1,6.061539650E-1,-2.993484437E-1,9.161553532E-2
9.813444889E1,6.253293157E-1,-2.982831299E-1,9.800732136E-2
9.813959462E1,6.477005482E-1,-2.876301706E-1,1.033338010E-1
9.814471561E1,6.604840755E-1,-2.897607684E-1,1.086602882E-1
9.814949170E1,6.658105850E-1,-2.876301706E-1,1.097255871E-1
9.815473441E1,6.753982306E-1,-2.695201337E-1,1.107908785E-1
9.815979639E1,6.871165037E-1,-2.471488863E-1,1.161173657E-1
9.816484353E1,6.967042089E-1,-2.343653291E-1,1.118561774E-1
9.817001457E1,7.084224820E-1,-2.183858752E-1,1.054643989E-1
9.817496853E1,7.169448137E-1,-2.034717202E-1,1.033338010E-1
9.818003832E1,7.233366370E-1,-1.928187460E-1,1.012032107E-1
9.818514014E1,7.201407552E-1,-1.885575503E-1,1.033338010E-1
9.819012285E1,7.126836777E-1,-1.874922663E-1,1.043990999E-1
9.819494009E1,7.030959725E-1,-1.853616685E-1,1.054643989E-1
9.820026577E1,6.945735812E-1,-1.938840449E-1,1.054643989E-1
9.820555385E1,6.871165037E-1,-2.141246796E-1,1.086602882E-1
9.821041577E1,6.785941720E-1,-2.439530045E-1,1.086602882E-1
9.821579572E1,6.647452712E-1,-2.897607684E-1,1.086602882E-1
9.822060874E1,6.434393525E-1,-3.398297131E-1,1.097255871E-1
9.822567447E1,6.168069243E-1,-3.845722079E-1,1.086602882E-1
9.823076005E1,5.912398100E-1,-4.229228795E-1,1.097255871E-1
9.823600395E1,5.688685775E-1,-4.506205916E-1,1.118561774E-1
9.824089354E1,5.443667173E-1,-4.644694626E-1,1.097255871E-1
9.824609807E1,5.241261125E-1,-4.676653445E-1,1.107908785E-1
9.825100588E1,5.113425255E-1,-4.666000605E-1,1.065296903E-1
9.825615244E1,4.985589683E-1,-4.559471011E-1,9.694202244E-2
9.826111015E1,4.761877358E-1,-4.378370345E-1,8.628904819E-2
9.826626526E1,4.484900236E-1,-4.357064366E-1,7.883197069E-2
9.827139005E1,4.229228795E-1,-4.591429830E-1,7.457078248E-2
9.827642135E1,4.144005179E-1,-4.751224220E-1,7.030959427E-2
9.828142620E1,4.229228795E-1,-4.761877358E-1,5.859133229E-2
9.828665213E1,4.335758388E-1,-4.772530198E-1,4.900366068E-2
9.829162031E1,4.431635141E-1,-4.836448133E-1,4.048128426E-2
9.829667391E1,4.538165033E-1,-4.815142155E-1,3.195890784E-2
9.830173167E1,4.655347466E-1,-4.740571380E-1,2.450183034E-2
9.830682755E1,4.708612561E-1,-4.623388648E-1,1.597945392E-2
9.831181479E1,4.644694626E-1,-4.559471011E-1,8.522375487E-3
9.831701334E1,4.506205916E-1,-4.538165033E-1,2.130593872E-3
9.832218922E1,4.250534773E-1,-4.602082670E-1,-4.261187743E-3
9.832711917E1,3.898986876E-1,-4.719265401E-1,-1.065296959E-2
9.833228521E1,3.536785841E-1,-4.847100973E-1,-1.065296959E-2
9.833734657E1,3.195890784E-1,-4.740571380E-1,-1.171826664E-2
9.834228558E1,2.929566503E-1,-4.559471011E-1,-1.491415687E-2
9.834746292E1,2.759118974E-1,-4.303799570E-1,-2.450183034E-2
9.835259485E1,2.684548199E-1,-3.984210491E-1,-2.663242258E-2
9.835752225E1,2.673895359E-1,-3.685927391E-1,-3.408950195E-2
9.836282772E1,2.652589381E-1,-3.504827023E-1,-4.367717355E-2
9.836783360E1,2.663242221E-1,-3.462215066E-1,-4.687306657E-2
9.837269652E1,2.663242221E-1,-3.472867906E-1,-5.006895587E-2
9.837788032E1,2.663242221E-1,-3.440909088E-1,-5.646073818E-2
9.838284928E1,2.876301706E-1,-3.302420378E-1,-4.580776766E-2
9.838820808E1,3.323726356E-1,-3.068055212E-1,-3.728539124E-2
9.839300251E1,3.739192188E-1,-2.897607684E-1,-3.302420676E-2
9.839811043E1,4.080087245E-1,-2.716507316E-1,-3.941598535E-2
9.840348584E1,4.218575954E-1,-2.535406649E-1,-4.793836176E-2
9.840830282E1,4.122699201E-1,-2.322347313E-1,-5.646073818E-2
9.841325814E1,3.867027760E-1,-2.109287977E-1,-7.244019210E-2
9.841854423E1,3.472867906E-1,-1.832310706E-1,-9.481142461E-2
9.842357017E1,3.014790416E-1,-1.565986425E-1,-1.235744432E-1
9.842869184E1,2.514100671E-1,-1.363580078E-1,-1.544680595E-1
9.843353590E1,2.045370042E-1,-1.267703325E-1,-1.853616685E-1
9.843877309E1,1.640557349E-1,-1.182479635E-1,-2.151899785E-1
9.844381793E1,1.289009303E-1,-1.054643989E-1,-2.428877056E-1
9.844898939E1,9.481142461E-2,-1.012032107E-1,-2.716507316E-1
9.845381179E1,5.646073818E-2,-1.033338010E-1,-2.982831299E-1
9.845912444E1,2.130593918E-2,-1.171826646E-1,-3.238502741E-1
9.846405892E1,-2.130593918E-2,-1.416844875E-1,-3.526133001E-1
9.846915991E1,-7.244019210E-2,-1.704475135E-1,-3.877680898E-1
9.847426033E1,-1.289009303E-1,-2.024064213E-1,-4.229228795E-1
9.847940236E1,-1.949493438E-1,-2.226470560E-1,-4.538165033E-1
9.848427669E1,-2.684548199E-1,-2.333000302E-1,-4.953630865E-1
9.848956950E1,-3.281114697E-1,-2.162552774E-1,-5.209302306E-1
9.849442153E1,-3.707233369E-1,-1.576639414E-1,-5.219954848E-1
9.849969163E1,-3.994863629E-1,-8.522375673E-2,-5.347790718E-1
9.850458138E1,-4.101393223E-1,-1.704475097E-2,-5.443667173E-1
9.850969486E1,-4.026822448E-1,4.367717355E-2,-5.369096398E-1
9.851473575E1,-3.717886209E-1,9.587672353E-2,-5.102772117E-1
9.851986237E1,-3.249155581E-1,1.384886056E-1,-4.729918540E-1
9.852498872E1,-2.695201337E-1,1.757739931E-1,-4.197269976E-1
9.853000315E1,-2.056023031E-1,2.194511741E-1,-3.558091819E-1
9.853512445E1,-1.470109820E-1,2.791078091E-1,-2.833689749E-1
9.854010138E1,-9.907261282E-2,3.579397798E-1,-2.077329010E-1
9.854514846E1,-7.670138031E-2,4.623388648E-1,-1.331621110E-1
9.855028898E1,-7.776667923E-2,5.859133005E-1,-6.178722158E-2
9.855534398E1,-9.907261282E-2,7.233366370E-1,6.391781382E-3
9.856042841E1,-1.363580078E-1,8.628905416E-1,6.498311460E-2
9.856540138E1,-1.885575503E-1,9.832690954E-1,1.129214764E-1
9.857055086E1,-2.460835874E-1,1.092994690E0,1.587292403E-1
9.857564487E1,-3.100014031E-1,1.195263147E0,1.992105246E-1
9.858086805E1,-3.760498166E-1,1.282617569E0,2.301041335E-1
9.858580451E1,-4.527511895E-1,1.366775990E0,2.482141852E-1
9.859094123E1,-5.305178761E-1,1.444542646E0,2.609977424E-1
9.859587430E1,-6.061539650E-1,1.512721658E0,2.631283402E-1
9.860110321E1,-6.743329763E-1,1.570247650E0,2.535406649E-1
9.860612982E1,-7.329242826E-1,1.617120743E0,2.354306281E-1
9.861114982E1,-7.776667476E-1,1.655471444E0,2.056023031E-1
9.861621628E1,-8.085603714E-1,1.689560890E0,1.651210189E-1
9.862135222E1,-8.234745264E-1,1.719389200E0,1.203785539E-1
9.862622873E1,-8.224092126E-1,1.740695238E0,7.989726961E-2
9.863144258E1,-8.138868809E-1,1.754544020E0,3.941598535E-2
9.863644285E1,-8.011032939E-1,1.756674647E0,2.130593872E-3
9.864172634E1,-7.797973752E-1,1.756674647E0,-2.663242258E-2
9.864621420E1,-7.531649470E-1,1.760935783E0,-4.687306657E-2
9.865166842E1,-7.180101275E-1,1.763066411E0,-7.350549102E-2
9.865670644E1,-6.658105850E-1,1.788633585E0,-1.086602882E-1
9.866188696E1,-6.008274555E-1,1.822723031E0,-1.352927089E-1
9.866682842E1,-5.369096398E-1,1.851486087E0,-1.480762810E-1
9.867212472E1,-4.793836176E-1,1.878118515E0,-1.438150853E-1
9.867703707E1,-4.346411526E-1,1.902620316E0,-1.289009303E-1
9.868222676E1,-4.144005179E-1,1.919665098E0,-1.054643989E-1
9.868714238E1,-4.293146729E-1,1.915403843E0,-7.350549102E-2
9.869220369E1,-4.804489315E-1,1.881314397E0,-3.408950195E-2
9.869729926E1,-5.592808723E-1,1.813135386E0,1.917534508E-2
9.870250598E1,-6.455699205E-1,1.742825747E0,8.309315890E-2
9.870738634E1,-7.233366370E-1,1.708736300E0,1.491415650E-1
9.871253801E1,-7.872544527E-1,1.723650455E0,2.045370042E-1
9.871754119E1,-8.383886814E-1,1.767327666E0,2.460835874E-1
9.872275369E1,-8.831311464E-1,1.823788404E0,2.695201337E-1
9.872782608E1,-9.172206521E-1,1.875987887E0,2.854995728E-1
9.873286520E1,-9.363960028E-1,1.906881571E0,3.068055212E-1
9.873783317E1,-9.481142759E-1,1.914338589E0,3.323726356E-1
9.874312984E1,-9.587672353E-1,1.891967416E0,3.653968573E-1
9.874805051E1,-9.683549404E-1,1.837637186E0,3.845722079E-1
9.875313510E1,-9.811384678E-1,1.763066411E0,3.856374919E-1
9.875822921E1,-1.008836150E0,1.677842617E0,3.771151006E-1
9.876347150E1,-1.049317479E0,1.596880078E0,3.643315434E-1
9.876830640E1,-1.085537553E0,1.539354086E0,3.622009456E-1
9.877348442E1,-1.110039353E0,1.503134012E0,3.707233369E-1
9.877845869E1,-1.134541273E0,1.476501584E0,3.813762963E-1
9.878362916E1,-1.161173701E0,1.448803782E0,3.835068941E-1
9.878852323E1,-1.187806129E0,1.411518455E0,3.824416101E-1
9.879369948E1,-1.209112048E0,1.367841244E0,3.835068941E-1
9.879871219E1,-1.225091457E0,1.329490542E0,3.803110123E-1
9.880402229E1,-1.220830321E0,1.280486941E0,3.696580231E-1
9.880888167E1,-1.210177302E0,1.201654911E0,3.547438681E-1
9.881396219E1,-1.228287339E0,1.118561745E0,3.153278828E-1
9.881896849E1,-1.258115649E0,1.033338070E0,2.546059787E-1
9.882407662E1,-1.279421568E0,9.555713534E-1,2.077329010E-1
9.882915057E1,-1.280486941E0,8.788699508E-1,1.832310706E-1
9.883423443E1,-1.259181023E0,8.106909394E-1,1.683169156E-1
9.883928422E1,-1.226156831E0,7.627525926E-1,1.416844875E-1
9.884442422E1,-1.185675502E0,7.116183639E-1,1.075949892E-1
9.884942469E1,-1.139867663E0,6.551576257E-1,7.457078248E-2
9.885469006E1,-1.094059944E0,5.912398100E-1,4.687306657E-2
9.885961006E1,-1.048252225E0,5.283873081E-1,2.237123623E-2
9.886469688E1,-9.981832504E-1,4.644694626E-1,9.587672539E-3
9.886970120E1,-9.491795897E-1,4.069434404E-1,-1.065296936E-3
9.887488506E1,-9.076330066E-1,3.536785841E-1,-1.704475097E-2
9.887981152E1,-8.692823052E-1,2.972178459E-1,-3.302420676E-2
9.888495146E1,-8.373233676E-1,2.354306281E-1,-4.367717355E-2
9.889004897E1,-8.128215671E-1,1.661863178E-1,-4.900366068E-2
9.889516787E1,-7.925809026E-1,8.522375673E-2,-5.539543927E-2
9.890015459E1,-7.776667476E-1,1.065296959E-2,-5.646073818E-2
9.890525037E1,-7.723402977E-1,-6.391781569E-2,-5.326484516E-2
9.891024996E1,-7.691444159E-1,-1.534027606E-1,-4.367717355E-2
9.891536985E1,-7.606220245E-1,-2.535406649E-1,-3.195890784E-2
9.892056235E1,-7.393160462E-1,-3.504827023E-1,-2.769771963E-2
9.892557162E1,-6.988347769E-1,-4.474247098E-1,-2.556712553E-2
9.893071210E1,-6.508964300E-1,-5.422361493E-1,-2.343653329E-2
9.893569168E1,-5.997622013E-1,-6.253293157E-1,-2.450183034E-2
9.894070814E1,-5.443667173E-1,-7.041612864E-1,-2.343653329E-2
9.894582460E1,-4.815142155E-1,-7.766014934E-1,-2.130593918E-2
9.895088012E1,-4.175963998E-1,-8.309316039E-1,-2.237123623E-2
9.895615356E1,-3.622009456E-1,-8.746087551E-1,-3.089361079E-2
9.896097033E1,-3.185237944E-1,-9.033718109E-1,-5.113425106E-2
9.896609606E1,-2.748466134E-1,-9.214818478E-1,-7.563608140E-2
9.897111043E1,-2.333000302E-1,-9.214818478E-1,-9.694202244E-2
9.897626147E1,-1.906881481E-1,-9.118942022E-1,-1.118561774E-1
9.898127132E1,-1.502068639E-1,-8.969800472E-1,-1.246397421E-1
9.898650491E1,-1.097255871E-1,-8.714128733E-1,-1.416844875E-1
9.899143059E1,-7.883197069E-2,-8.383886814E-1,-1.736433953E-1
9.899665965E1,-6.924430281E-2,-7.979074121E-1,-2.237123549E-1
9.900157648E1,-8.522375673E-2,-7.563608289E-1,-2.993484437E-1
9.900677142E1,-1.150520667E-1,-7.318589687E-1,-3.920292854E-1
9.901167721E1,-1.470109820E-1,-7.275978327E-1,-4.793836176E-1
9.901688268E1,-1.800351888E-1,-7.371854782E-1,-5.496932268E-1
9.902181330E1,-2.237123549E-1,-7.286630869E-1,-6.008274555E-1
9.902698622E1,-2.748466134E-1,-6.935083270E-1,-6.349169612E-1
9.903303455E1,-3.259808719E-1,-6.519617438E-1,-6.594188213E-1
9.903714127E1,-3.835068941E-1,-6.114804149E-1,-6.796594262E-1
9.904217210E1,-4.357064366E-1,-5.784562230E-1,-6.817900538E-1
9.904721096E1,-4.804489315E-1,-5.592808723E-1,-6.753982306E-1
9.905222346E1,-5.166690350E-1,-5.433014631E-1,-6.604840755E-1
9.905747476E1,-5.326484442E-1,-5.528891087E-1,-6.295905113E-1
9.906250706E1,-5.422361493E-1,-5.741950274E-1,-5.944356918E-1
9.906748023E1,-5.539544225E-1,-5.656726956E-1,-5.582156181E-1
9.907265419E1,-5.571503043E-1,-5.401055217E-1,-5.070813298E-1
9.907774367E1,-5.539544225E-1,-5.219954848E-1,-4.314452708E-1
9.908273310E1,-5.411708355E-1,-5.358443856E-1,-3.217196763E-1
9.908794456E1,-5.060160160E-1,-5.795215368E-1,-1.800351888E-1
9.909289070E1,-4.389023483E-1,-6.274598837E-1,-1.065296959E-2
9.909798758E1,-3.472867906E-1,-6.423740387E-1,1.704475135E-1
9.910317190E1,-2.567365468E-1,-6.168069243E-1,3.462215066E-1
9.910802862E1,-1.768392920E-1,-5.731297731E-1,5.017548800E-1
9.911335310E1,-1.161173657E-1,-5.241261125E-1,6.274598837E-1
9.911823555E1,-7.563608140E-2,-4.772530198E-1,7.084224820E-1
9.912336066E1,-3.728539124E-2,-4.229228795E-1,7.563608289E-1
9.912829258E1,2.024064213E-2,-3.622009456E-1,7.744708657E-1
9.913344154E1,1.001379117E-1,-3.057402074E-1,7.574261427E-1
9.913847790E1,1.842963696E-1,-2.684548199E-1,7.190754414E-1
9.914372175E1,2.492794842E-1,-2.460835874E-1,6.785941720E-1
9.914873988E1,2.961525619E-1,-2.439530045E-1,6.583535075E-1
9.915399696E1,3.227849603E-1,-2.514100671E-1,6.487658620E-1
9.915874623E1,3.281114697E-1,-2.641936541E-1,6.423740387E-1
9.916411259E1,3.142625988E-1,-2.833689749E-1,6.306557655E-1
9.916854868E1,2.876301706E-1,-3.153278828E-1,6.018927693E-1
9.917398363E1,2.599324584E-1,-3.664621413E-1,5.592808723E-1
9.917912962E1,2.333000302E-1,-4.218575954E-1,5.113425255E-1
9.918422702E1,2.077329010E-1,-4.729918540E-1,4.602082670E-1
9.918933191E1,1.789698899E-1,-5.358443856E-1,4.112046063E-1
9.919450993E1,1.374233067E-1,-6.061539650E-1,3.579397798E-1
9.919936676E1,9.055023640E-2,-6.679411530E-1,3.036096394E-1
9.920459061E1,4.793836176E-2,-7.339895964E-1,2.546059787E-1
9.920954004E1,1.065296959E-2,-8.288010359E-1,1.992105246E-1
9.921463098E1,-1.491415687E-2,-9.310694933E-1,1.267703325E-1
9.921965921E1,-3.195890784E-2,-1.022685051E0,4.580776766E-2
9.922471509E1,-3.835069016E-2,-1.105778217E0,-3.515479714E-2
9.922976046E1,-3.302420676E-2,-1.168630719E0,-9.907261282E-2
9.923488041E1,-4.154657945E-2,-1.196328402E0,-1.448803842E-1
9.923989536E1,-5.006895587E-2,-1.188871384E0,-1.981452256E-1
9.924506588E1,-6.391781569E-2,-1.171826601E0,-2.503447831E-1
9.925025468E1,-8.841964602E-2,-1.133475900E0,-2.886954844E-1
9.925533525E1,-1.150520667E-1,-1.064231634E0,-3.046749234E-1
9.926021879E1,-1.384886056E-1,-9.662243128E-1,-3.046749234E-1
9.926530520E1,-1.576639414E-1,-8.394539952E-1,-3.025443256E-1
9.927049322E1,-1.619251370E-1,-6.892471313E-1,-2.982831299E-1
9.927554390E1,-1.619251370E-1,-5.443667173E-1,-2.972178459E-1
9.928057380E1,-1.651210189E-1,-4.314452708E-1,-2.961525619E-1
9.928559531E1,-1.725780964E-1,-3.558091819E-1,-2.950872481E-1
9.929066416E1,-1.885575503E-1,-3.121320009E-1,-2.982831299E-1
9.929584557E1,-2.130593807E-1,-2.844342887E-1,-3.110667169E-1
9.930075630E1,-2.396918088E-1,-2.727160156E-1,-3.270461559E-1
9.930589968E1,-2.578018606E-1,-2.823036909E-1,-3.451561928E-1
9.931094411E1,-2.609977424E-1,-3.142625988E-1,-3.643315434E-1
9.931604385E1,-2.439530045E-1,-3.653968573E-1,-3.781804144E-1
9.932104307E1,-2.119940966E-1,-4.197269976E-1,-3.898986876E-1
9.932620630E1,-1.747086942E-1,-4.623388648E-1,-4.016169310E-1
9.933125828E1,-1.320968270E-1,-4.772530198E-1,-4.090740085E-1
9.933635667E1,-8.309315890E-2,-4.719265401E-1,-4.101393223E-1
9.934130625E1,-3.622009605E-2,-4.463594258E-1,-4.026822448E-1
9.934665130E1,7.457078435E-3,-3.962904513E-1,-3.930945694E-1
9.935151745E1,4.474247247E-2,-3.270461559E-1,-3.781804144E-1
9.935661021E1,7.670138031E-2,-2.460835874E-1,-3.653968573E-1
9.936165771E1,1.012032107E-1,-1.608598381E-1,-3.526133001E-1
9.936687662E1,1.289009303E-1,-7.776667923E-2,-3.334379494E-1
9.937176980E1,1.629904360E-1,-1.065296959E-2,-3.174584806E-1
9.937682896E1,1.970799267E-1,2.237123623E-2,-3.004137278E-1
9.938200823E1,2.311694324E-1,2.663242258E-2,-2.844342887E-1
9.938708542E1,2.620630562E-1,1.278356276E-2,-2.748466134E-1
9.939199902E1,2.908260524E-1,-9.587672539E-3,-2.663242221E-1
9.939714047E1,3.142625988E-1,-3.728539124E-2,-2.599324584E-1
9.940184417E1,3.302420378E-1,-7.563608140E-2,-2.567365468E-1
9.940733355E1,3.451561928E-1,-1.257050335E-1,-2.620630562E-1
9.941240438E1,3.536785841E-1,-1.864269674E-1,-2.663242221E-1
9.941755459E1,3.600703776E-1,-2.514100671E-1,-2.716507316E-1
9.942252162E1,3.579397798E-1,-3.174584806E-1,-2.780424953E-1
9.942754433E1,3.558091819E-1,-3.771151006E-1,-2.812383771E-1
9.943260970E1,3.504827023E-1,-4.165311158E-1,-2.865648866E-1
9.943775902E1,3.334379494E-1,-4.442288280E-1,-2.940219641E-1
9.944273381E1,3.046749234E-1,-4.697959423E-1,-2.950872481E-1
9.944806048E1,2.716507316E-1,-4.868406951E-1,-2.918913662E-1
9.945298152E1,2.333000302E-1,-4.889712930E-1,-2.876301706E-1
9.945797277E1,1.970799267E-1,-4.751224220E-1,-2.823036909E-1
9.946313788E1,1.640557349E-1,-4.548817873E-1,-2.727160156E-1
9.946810631E1,1.406191885E-1,-4.261187613E-1,-2.641936541E-1
9.947313356E1,1.182479635E-1,-3.941598535E-1,-2.492794842E-1
9.947827939E1,1.012032107E-1,-3.590050638E-1,-2.364959270E-1
9.948335142E1,8.522375673E-2,-3.302420378E-1,-2.301041335E-1
9.948872798E1,6.924430281E-2,-3.036096394E-1,-2.173205763E-1
9.949346408E1,5.326484516E-2,-2.865648866E-1,-2.045370042E-1
9.949861574E1,4.048128426E-2,-2.769772112E-1,-1.917534471E-1
9.950382913E1,3.302420676E-2,-2.769772112E-1,-1.811004728E-1
9.950883611E1,3.622009605E-2,-2.748466134E-1,-1.651210189E-1
9.951372913E1,4.048128426E-2,-2.780424953E-1,-1.565986425E-1
9.951882825E1,5.006895587E-2,-2.801730931E-1,-1.438150853E-1
9.952384533E1,5.859133229E-2,-2.759118974E-1,-1.278356314E-1
9.952895804E1,7.030959427E-2,-2.663242221E-1,-1.139867753E-1
9.953411023E1,8.415845782E-2,-2.556712627E-1,-1.001379117E-1
9.953921346E1,9.694202244E-2,-2.407571077E-1,-8.415845782E-2
9.954410559E1,1.161173657E-1,-2.301041335E-1,-7.030959427E-2
9.954940419E1,1.427497864E-1,-2.215817571E-1,-5.965662748E-2
9.955433221E1,1.725780964E-1,-2.215817571E-1,-5.113425106E-2
9.955955122E1,2.056023031E-1,-2.269082516E-1,-4.900366068E-2
9.956446434E1,2.386265099E-1,-2.375612110E-1,-5.113425106E-2
9.956924122E1,2.780424953E-1,-2.460835874E-1,-5.965662748E-2
9.957481502E1,3.174584806E-1,-2.546059787E-1,-7.350549102E-2
9.957972893E1,3.611356616E-1,-2.620630562E-1,-9.055023640E-2
9.958469768E1,4.058781266E-1,-2.652589381E-1,-1.065296903E-1
9.958983435E1,4.484900236E-1,-2.567365468E-1,-1.289009303E-1
9.959485466E1,4.932324886E-1,-2.322347313E-1,-1.502068639E-1
9.960008076E1,5.358443856E-1,-2.034717202E-1,-1.629904360E-1
9.960498372E1,5.784562230E-1,-1.661863178E-1,-1.715128124E-1
9.961014701E1,6.210681200E-1,-1.193132550E-1,-1.768392920E-1
9.961540560E1,6.647452712E-1,-6.817900389E-2,-1.779045910E-1
9.962029034E1,7.052266002E-1,-1.278356276E-2,-1.747086942E-1
9.962543487E1,7.457078695E-1,4.154657945E-2,-1.725780964E-1
9.963067565E1,7.861891389E-1,8.841964602E-2,-1.661863178E-1
9.963560128E1,8.256051540E-1,1.278356314E-1,-1.576639414E-1
9.964056727E1,8.660864234E-1,1.640557349E-1,-1.470109820E-1
9.964559800E1,9.172206521E-1,1.970799267E-1,-1.331621110E-1
9.965083649E1,9.683549404E-1,2.322347313E-1,-1.225091442E-1
9.965574024E1,1.025880933E0,2.791078091E-1,-1.203785539E-1
9.966119639E1,1.084472299E0,3.345032334E-1,-1.171826646E-1
9.966592238E1,1.145194173E0,3.717886209E-1,-1.118561774E-1
9.967099034E1,1.205916166E0,4.016169310E-1,-1.150520667E-1
9.967601519E1,1.259181023E0,4.133352041E-1,-1.320968270E-1
9.968116477E1,1.300727606E0,3.962904513E-1,-1.544680595E-1
9.968613608E1,1.324164033E0,3.462215066E-1,-1.736433953E-1
9.969130592E1,1.333751798E0,2.748466134E-1,-1.960146427E-1
9.969630379E1,1.330555916E0,2.045370042E-1,-2.226470560E-1
9.970139097E1,1.310315251E0,1.491415650E-1,-2.418224066E-1
9.970653374E1,1.282617569E0,1.086602882E-1,-2.567365468E-1
9.971159301E1,1.257050395E0,7.457078248E-2,-2.769772112E-1
9.971672624E1,1.236809731E0,3.302420676E-2,-2.982831299E-1
9.972182728E1,1.226156831E0,-4.261187743E-3,-3.217196763E-1
9.972677889E1,1.227222085E0,-2.769771963E-2,-3.440909088E-1
9.973183514E1,1.236809731E0,-4.154657945E-2,-3.558091819E-1
9.973694254E1,1.247462749E0,-2.343653329E-2,-3.579397798E-1
9.974198296E1,1.259181023E0,3.302420676E-2,-3.579397798E-1
9.974698843E1,1.269833922E0,1.246397421E-1,-3.462215066E-1
9.975214410E1,1.269833922E0,2.183858752E-1,-3.089361191E-1
9.975733020E1,1.259181023E0,3.025443256E-1,-2.631283402E-1
9.976258864E1,1.245332122E0,3.781804144E-1,-2.194511741E-1
9.976764176E1,1.224026203E0,4.335758388E-1,-1.821657717E-1
9.977259921E1,1.194197893E0,4.697959423E-1,-1.502068639E-1
9.977750171E1,1.154781938E0,4.879060090E-1,-1.193132550E-1
9.978279614E1,1.111104727E0,4.889712930E-1,-9.481142461E-2
9.978766119E1,1.067427516E0,4.836448133E-1,-8.202786744E-2
9.979269406E1,1.018423915E0,4.836448133E-1,-7.776667923E-2
9.979783755E1,9.694201946E-1,4.825794995E-1,-7.883197069E-2
9.980294984E1,9.129594564E-1,4.751224220E-1,-8.415845782E-2
9.980807838E1,8.501069546E-1,4.761877358E-1,-8.735434711E-2
9.981302515E1,7.766014934E-1,4.804489315E-1,-8.948494494E-2
9.981804192E1,6.956388950E-1,4.847100973E-1,-9.055023640E-2
9.982313307E1,6.157416105E-1,4.889712930E-1,-8.948494494E-2
9.982819146E1,5.475625992E-1,5.006895661E-1,-8.522375673E-2
9.983333078E1,4.825794995E-1,4.911018908E-1,-8.202786744E-2
9.983841833E1,4.112046063E-1,4.612735808E-1,-7.137489319E-2
9.984351453E1,3.387644291E-1,4.463594258E-1,-6.604841352E-2
9.984849083E1,2.695201337E-1,4.346411526E-1,-6.072192639E-2
9.985361604E1,2.077329010E-1,4.048128426E-1,-4.900366068E-2
9.985857167E1,1.619251370E-1,3.632662594E-1,-3.089361079E-2
9.986375443E1,1.299662292E-1,3.345032334E-1,-1.384885982E-2
9.986873865E1,1.001379117E-1,3.100014031E-1,-8.522375487E-3
9.987390875E1,6.924430281E-2,2.886954844E-1,-9.587672539E-3
9.987907688E1,3.728539124E-2,2.599324584E-1,-1.171826664E-2
9.988400089E1,0.000000000E0,2.034717202E-1,-1.384885982E-2
9.988900735E1,-3.835069016E-2,1.225091442E-1,-1.704475097E-2
9.989420808E1,-8.096256852E-2,3.622009605E-2,-1.704475097E-2
9.989923787E1,-1.299662292E-1,-5.859133229E-2,-2.237123623E-2
9.990433151E1,-1.842963696E-1,-1.576639414E-1,-2.343653329E-2
9.990942751E1,-2.428877056E-1,-2.503447831E-1,-2.663242258E-2
9.991445282E1,-2.950872481E-1,-3.206543922E-1,-2.982831374E-2
9.991948490E1,-3.398297131E-1,-3.920292854E-1,-3.728539124E-2
9.992463683E1,-3.728539348E-1,-4.580776691E-1,-4.367717355E-2
9.992958990E1,-3.962904513E-1,-5.049507618E-1,-5.326484516E-2
9.993480146E1,-4.186616838E-1,-5.571503043E-1,-6.817900389E-2
9.993973928E1,-4.378370345E-1,-6.008274555E-1,-8.309315890E-2
9.994491902E1,-4.548817873E-1,-6.306557655E-1,-9.481142461E-2
9.994994720E1,-4.580776691E-1,-6.413087845E-1,-1.012032107E-1
9.995520188E1,-4.580776691E-1,-6.327863932E-1,-1.043990999E-1
9.996020428E1,-4.634041786E-1,-6.178722382E-1,-1.107908785E-1
9.996515814E1,-4.623388648E-1,-5.986968875E-1,-1.193132550E-1
9.997022298E1,-4.591429830E-1,-5.805868506E-1,-1.171826646E-1
9.997534637E1,-4.559471011E-1,-5.656726956E-1,-1.161173657E-1
9.998031277E1,-4.484900236E-1,-5.528891087E-1,-1.139867753E-1
9.998544569E1,-4.367717505E-1,-5.401055217E-1,-1.182479635E-1
9.999060277E1,-4.154658020E-1,-5.209302306E-1,-1.161173657E-1
9.999581569E1,-3.877680898E-1,-4.985589683E-1,-1.118561774E-1
1.000006602E2,-3.558091819E-1,-4.687306583E-1,-1.129214764E-1
1.000057237E2,-3.249155581E-1,-4.410329461E-1,-1.214438528E-1
1.000107476E2,-2.961525619E-1,-4.207922816E-1,-1.331621110E-1
1.000159892E2,-2.737812996E-1,-4.144005179E-1,-1.523374617E-1
1.000209164E2,-2.546059787E-1,-4.367717505E-1,-1.747086942E-1
1.000260693E2,-2.290388346E-1,-4.708612561E-1,-1.960146427E-1
1.000311733E2,-2.034717202E-1,-5.145384073E-1,-2.098634988E-1
1.000362084E2,-1.779045910E-1,-5.614115000E-1,-2.151899785E-1
1.000411810E2,-1.555333585E-1,-6.050886512E-1,-2.109287977E-1
1.000464529E2,-1.406191885E-1,-6.423740387E-1,-1.981452256E-1
1.000513114E2,-1.395539045E-1,-6.615493894E-1,-1.853616685E-1
1.000564245E2,-1.480762810E-1,-6.551576257E-1,-1.640557349E-1
1.000614627E2,-1.597945392E-1,-6.285251975E-1,-1.384886056E-1
1.000664343E2,-1.725780964E-1,-5.848480463E-1,-1.107908785E-1
1.000717056E2,-1.853616685E-1,-5.262566805E-1,-8.415845782E-2
1.000768960E2,-1.970799267E-1,-4.644694626E-1,-5.859133229E-2
1.000819409E2,-2.130593807E-1,-4.058781266E-1,-3.408950195E-2
1.000869640E2,-2.311694324E-1,-3.600703776E-1,-1.278356276E-2
1.000918594E2,-2.450182885E-1,-3.281114697E-1,3.195890691E-3
1.000970208E2,-2.578018606E-1,-3.131972849E-1,1.491415687E-2
1.001020951E2,-2.705854177E-1,-3.153278828E-1,2.343653329E-2
1.001072421E2,-2.748466134E-1,-3.227849603E-1,2.876301669E-2
1.001121719E2,-2.759118974E-1,-3.270461559E-1,2.876301669E-2
1.001173304E2,-2.748466134E-1,-3.270461559E-1,2.663242258E-2
1.001223614E2,-2.673895359E-1,-3.238502741E-1,2.556712553E-2
1.001274083E2,-2.567365468E-1,-3.089361191E-1,2.024064213E-2
1.001324765E2,-2.450182885E-1,-2.929566503E-1,1.491415687E-2
1.001376244E2,-2.258429527E-1,-2.695201337E-1,6.391781382E-3
1.001427905E2,-2.056023031E-1,-2.354306281E-1,-1.065296936E-3
1.001477542E2,-1.842963696E-1,-1.970799267E-1,-8.522375487E-3
1.001524772E2,-1.619251370E-1,-1.565986425E-1,-1.384885982E-2
1.001580267E2,-1.384886056E-1,-1.075949892E-1,-1.917534508E-2
1.001628536E2,-1.097255871E-1,-5.752603337E-2,-2.876301669E-2
1.001680200E2,-7.563608140E-2,-1.811004803E-2,-3.515479714E-2
1.001730807E2,-4.154657945E-2,8.522375487E-3,-3.835069016E-2
1.001782574E2,-9.587672539E-3,2.876301669E-2,-4.580776766E-2
1.001832289E2,2.876301669E-2,4.580776766E-2,-5.326484516E-2
1.001882875E2,5.965662748E-2,5.539543927E-2,-5.859133229E-2
1.001932900E2,8.948494494E-2,7.137489319E-2,-6.072192639E-2
1.001984571E2,1.139867753E-1,8.628904819E-2,-6.072192639E-2
1.002034085E2,1.320968270E-1,9.481142461E-2,-5.859133229E-2
1.002086515E2,1.470109820E-1,1.012032107E-1,-5.539543927E-2
1.002135912E2,1.544680595E-1,1.054643989E-1,-4.900366068E-2
1.002186997E2,1.565986425E-1,1.065296903E-1,-4.580776766E-2
1.002237255E2,1.544680595E-1,1.107908785E-1,-4.048128426E-2
1.002288733E2,1.480762810E-1,1.107908785E-1,-3.622009605E-2
1.002338733E2,1.363580078E-1,1.054643989E-1,-2.982831374E-2
1.002389867E2,1.225091442E-1,1.012032107E-1,-2.024064213E-2
1.002440445E2,1.086602882E-1,1.012032107E-1,-1.278356276E-2
1.002492204E2,9.694202244E-2,1.012032107E-1,-1.065296936E-3
1.002543493E2,8.735434711E-2,1.012032107E-1,1.171826664E-2
1.002594089E2,8.096256852E-2,1.001379117E-1,2.130593918E-2
1.002642894E2,7.883197069E-2,9.481142461E-2,3.195890784E-2
1.002694605E2,7.457078248E-2,8.948494494E-2,4.048128426E-2
1.002744406E2,7.350549102E-2,8.628904819E-2,4.900366068E-2
1.002797207E2,7.457078248E-2,8.096256852E-2,5.539543927E-2
1.002847437E2,7.563608140E-2,7.244019210E-2,5.646073818E-2
1.002897927E2,7.670138031E-2,6.498311460E-2,6.178722158E-2
1.002948492E2,7.670138031E-2,5.219954997E-2,6.711370498E-2
1.002998994E2,7.989726961E-2,3.728539124E-2,7.137489319E-2
1.003048790E2,8.096256852E-2,2.876301669E-2,7.137489319E-2
1.003100123E2,8.415845782E-2,2.024064213E-2,7.350549102E-2
1.003151370E2,8.948494494E-2,9.587672539E-3,7.457078248E-2
1.003201286E2,9.481142461E-2,1.065296936E-3,7.137489319E-2
1.003251369E2,1.043990999E-1,-1.065296936E-3,6.924430281E-2
1.003303636E2,1.161173657E-1,-6.391781382E-3,6.711370498E-2
1.003354179E2,1.289009303E-1,-8.522375487E-3,6.391781569E-2
1.003404882E2,1.427497864E-1,-1.491415687E-2,6.285251677E-2
1.003454430E2,1.544680595E-1,-1.491415687E-2,6.285251677E-2
1.003502532E2,1.629904360E-1,-1.491415687E-2,6.178722158E-2
1.003559136E2,1.683169156E-1,-1.384885982E-2,6.391781569E-2
1.003607446E2,1.747086942E-1,-9.587672539E-3,6.711370498E-2
1.003657386E2,1.757739931E-1,3.195890691E-3,7.030959427E-2
1.003711240E2,1.779045910E-1,1.597945392E-2,7.457078248E-2
1.003759142E2,1.853616685E-1,3.302420676E-2,7.776667923E-2
1.003812941E2,1.906881481E-1,5.006895587E-2,7.989726961E-2
1.003862568E2,2.034717202E-1,6.391781569E-2,7.883197069E-2
1.003912303E2,2.141246796E-1,7.670138031E-2,8.096256852E-2
1.003961941E2,2.269082516E-1,8.628904819E-2,8.202786744E-2
1.004012689E2,2.407571077E-1,9.800732136E-2,8.415845782E-2
1.004062817E2,2.535406649E-1,1.097255871E-1,8.415845782E-2
1.004115934E2,2.652589381E-1,1.203785539E-1,8.309315890E-2
1.004164553E2,2.727160156E-1,1.267703325E-1,8.202786744E-2
1.004216244E2,2.780424953E-1,1.320968270E-1,8.202786744E-2
1.004267356E2,2.801730931E-1,1.406191885E-1,8.096256852E-2
1.004317487E2,2.801730931E-1,1.470109820E-1,8.096256852E-2
1.004369305E2,2.812383771E-1,1.534027606E-1,7.776667923E-2
1.004419106E2,2.780424953E-1,1.565986425E-1,7.563608140E-2
1.004468703E2,2.780424953E-1,1.587292403E-1,7.350549102E-2
1.004520153E2,2.727160156E-1,1.587292403E-1,7.350549102E-2
1.004570901E2,2.673895359E-1,1.576639414E-1,7.244019210E-2
1.004621650E2,2.652589381E-1,1.576639414E-1,7.137489319E-2
1.004671941E2,2.620630562E-1,1.619251370E-1,7.137489319E-2
1.004722895E2,2.567365468E-1,1.576639414E-1,7.244019210E-2
1.004775069E2,2.524753809E-1,1.523374617E-1,7.244019210E-2
1.004824957E2,2.482141852E-1,1.448803842E-1,7.350549102E-2
1.004874577E2,2.407571077E-1,1.374233067E-1,7.137489319E-2
1.004926417E2,2.269082516E-1,1.320968270E-1,6.711370498E-2
1.004975651E2,2.151899785E-1,1.342274100E-1,6.817900389E-2
1.005027046E2,2.034717202E-1,1.331621110E-1,6.817900389E-2
1.005077125E2,1.896228492E-1,1.299662292E-1,6.817900389E-2
1.005128641E2,1.800351888E-1,1.278356314E-1,6.391781569E-2
1.005178647E2,1.704475135E-1,1.257050335E-1,5.859133229E-2
1.005233317E2,1.587292403E-1,1.171826646E-1,5.219954997E-2
1.005289683E2,1.470109820E-1,1.086602882E-1,4.367717355E-2
1.005332650E2,1.384886056E-1,1.001379117E-1,3.728539124E-2
1.005384077E2,1.289009303E-1,9.374613315E-2,3.515479714E-2
1.005432859E2,1.203785539E-1,9.055023640E-2,2.982831374E-2
1.005483656E2,1.129214764E-1,8.202786744E-2,2.663242258E-2
1.005533756E2,1.033338010E-1,7.776667923E-2,2.556712553E-2
1.005585482E2,9.374613315E-2,7.670138031E-2,2.343653329E-2
1.005635003E2,8.735434711E-2,7.350549102E-2,2.237123623E-2
1.005687048E2,8.202786744E-2,7.030959427E-2,2.130593918E-2
1.005738329E2,7.457078248E-2,6.817900389E-2,2.130593918E-2
1.005788671E2,6.924430281E-2,6.178722158E-2,2.237123623E-2
1.005839302E2,6.604841352E-2,5.433014408E-2,2.237123623E-2
1.005889288E2,6.285251677E-2,4.900366068E-2,2.237123623E-2
1.005939152E2,5.539543927E-2,4.261187837E-2,2.024064213E-2
1.005990846E2,5.006895587E-2,3.622009605E-2,1.917534508E-2
1.006041128E2,4.474247247E-2,3.195890784E-2,2.130593918E-2
1.006092327E2,3.835069016E-2,2.876301669E-2,2.237123623E-2
1.006143372E2,2.982831374E-2,2.450183034E-2,2.130593918E-2
1.006193687E2,2.024064213E-2,2.343653329E-2,2.130593918E-2
1.006246061E2,1.171826664E-2,2.556712553E-2,2.343653329E-2
1.006294921E2,2.130593872E-3,2.769771963E-2,2.130593918E-2
1.006346355E2,-5.326484796E-3,2.982831374E-2,2.130593918E-2
1.006397447E2,-1.704475097E-2,3.195890784E-2,2.237123623E-2
1.006446228E2,-2.556712553E-2,3.302420676E-2,2.024064213E-2
1.006499586E2,-3.089361079E-2,2.982831374E-2,1.917534508E-2
1.006548178E2,-3.728539124E-2,2.876301669E-2,1.704475097E-2
1.006600171E2,-4.367717355E-2,2.237123623E-2,1.491415687E-2
1.006649276E2,-4.900366068E-2,1.811004803E-2,1.597945392E-2
1.006700502E2,-5.326484516E-2,1.597945392E-2,1.384885982E-2
1.006751964E2,-5.965662748E-2,1.065296959E-2,1.384885982E-2
1.006802210E2,-6.604841352E-2,6.391781382E-3,1.278356276E-2
1.006852614E2,-7.137489319E-2,4.261187743E-3,1.171826664E-2
1.006904234E2,-7.457078248E-2,1.065296936E-3,1.065296959E-2
1.006953619E2,-7.776667923E-2,-1.065296936E-3,1.065296959E-2
1.007005245E2,-8.096256852E-2,-4.261187743E-3,1.065296959E-2
1.007055463E2,-8.415845782E-2,-6.391781382E-3,8.522375487E-3
1.007105975E2,-8.522375673E-2,-9.587672539E-3,6.391781382E-3
1.007156634E2,-8.735434711E-2,-1.278356276E-2,6.391781382E-3
1.007207993E2,-8.309315890E-2,-1.278356276E-2,7.457078435E-3
1.007258640E2,-7.989726961E-2,-1.384885982E-2,6.391781382E-3
1.007309009E2,-7.883197069E-2,-1.811004803E-2,3.195890691E-3
1.007361140E2,-7.989726961E-2,-2.450183034E-2,1.065296936E-3
1.007411459E2,-8.202786744E-2,-3.408950195E-2,1.065296936E-3
1.007461864E2,-7.989726961E-2,-4.367717355E-2,-1.065296936E-3
1.007512032E2,-7.563608140E-2,-4.793836176E-2,-1.065296936E-3
1.007558823E2,-7.137489319E-2,-5.006895587E-2,-2.130593872E-3
1.007613761E2,-6.604841352E-2,-4.687306657E-2,0.000000000E0
1.007664044E2,-6.285251677E-2,-4.580776766E-2,5.326484796E-3
1.007715398E2,-6.072192639E-2,-4.474247247E-2,6.391781382E-3
1.007765059E2,-6.072192639E-2,-4.687306657E-2,2.130593872E-3
1.007815885E2,-6.178722158E-2,-5.326484516E-2,4.261187743E-3
1.007866581E2,-6.178722158E-2,-5.859133229E-2,5.326484796E-3
1.007917462E2,-5.859133229E-2,-6.178722158E-2,8.522375487E-3
1.007969254E2,-5.646073818E-2,-5.965662748E-2,9.587672539E-3
1.008019530E2,-5.433014408E-2,-5.859133229E-2,9.587672539E-3
1.008069533E2,-5.326484516E-2,-5.539543927E-2,8.522375487E-3
1.008120476E2,-5.752603337E-2,-5.219954997E-2,9.587672539E-3
1.008171218E2,-5.965662748E-2,-5.219954997E-2,1.171826664E-2
1.008223442E2,-5.965662748E-2,-5.006895587E-2,1.278356276E-2
1.008272407E2,-5.539543927E-2,-4.474247247E-2,1.278356276E-2
1.008323168E2,-5.326484516E-2,-4.261187837E-2,1.065296959E-2
1.008374002E2,-5.539543927E-2,-4.793836176E-2,1.065296959E-2
1.008424966E2,-5.646073818E-2,-5.433014408E-2,8.522375487E-3
1.008475152E2,-5.859133229E-2,-5.965662748E-2,1.065296959E-2
1.008526560E2,-5.859133229E-2,-6.391781569E-2,9.587672539E-3
1.008576758E2,-5.326484516E-2,-6.178722158E-2,1.171826664E-2
1.008627951E2,-4.900366068E-2,-5.646073818E-2,1.065296959E-2
1.008678289E2,-4.580776766E-2,-5.219954997E-2,9.587672539E-3
1.008728979E2,-4.474247247E-2,-4.793836176E-2,7.457078435E-3
1.008779239E2,-4.048128426E-2,-4.687306657E-2,7.457078435E-3
1.008830208E2,-3.941598535E-2,-4.687306657E-2,5.326484796E-3
1.008880810E2,-3.835069016E-2,-4.793836176E-2,5.326484796E-3
1.008932887E2,-4.367717355E-2,-5.326484516E-2,4.261187743E-3
1.008983348E2,-4.474247247E-2,-5.646073818E-2,3.195890691E-3
1.009035717E2,-4.793836176E-2,-6.178722158E-2,3.195890691E-3
1.009084444E2,-5.326484516E-2,-6.711370498E-2,3.195890691E-3
1.009135672E2,-5.326484516E-2,-7.030959427E-2,5.326484796E-3
1.009185141E2,-5.433014408E-2,-7.457078248E-2,0.000000000E0
1.009237103E2,-5.965662748E-2,-7.670138031E-2,-3.195890691E-3
1.009287098E2,-6.391781569E-2,-7.883197069E-2,-4.261187743E-3
1.009338292E2,-6.817900389E-2,-7.670138031E-2,-5.326484796E-3
1.009387797E2,-7.350549102E-2,-7.457078248E-2,-1.065296959E-2
1.009440585E2,-7.350549102E-2,-7.350549102E-2,-1.278356276E-2
1.009489151E2,-7.670138031E-2,-7.457078248E-2,-1.171826664E-2
1.009540376E2,-8.202786744E-2,-7.563608140E-2,-1.491415687E-2
1.009592938E2,-8.628904819E-2,-7.670138031E-2,-1.704475097E-2
1.009642386E2,-8.522375673E-2,-7.883197069E-2,-1.811004803E-2
1.009691996E2,-8.522375673E-2,-8.096256852E-2,-2.024064213E-2
1.009745055E2,-8.415845782E-2,-8.202786744E-2,-2.024064213E-2
1.009794195E2,-8.522375673E-2,-8.096256852E-2,-2.237123623E-2
1.009845047E2,-8.309315890E-2,-7.670138031E-2,-2.450183034E-2
1.009895654E2,-8.202786744E-2,-7.244019210E-2,-2.237123623E-2
1.009947551E2,-7.883197069E-2,-6.817900389E-2,-2.450183034E-2
1.009997021E2,-7.457078248E-2,-6.391781569E-2,-2.769771963E-2
1.010047984E2,-7.030959427E-2,-5.752603337E-2,-2.876301669E-2
1.010098156E2,-6.498311460E-2,-4.793836176E-2,-2.663242258E-2
1.010151458E2,-6.072192639E-2,-4.261187837E-2,-2.343653329E-2
1.010199144E2,-5.433014408E-2,-3.941598535E-2,-2.343653329E-2
1.010251230E2,-5.219954997E-2,-3.515479714E-2,-2.343653329E-2
1.010302435E2,-4.900366068E-2,-3.089361079E-2,-2.343653329E-2
1.010352117E2,-4.367717355E-2,-2.769771963E-2,-2.237123623E-2
1.010402771E2,-3.835069016E-2,-2.130593918E-2,-2.237123623E-2
1.010454634E2,-3.302420676E-2,-1.811004803E-2,-2.130593918E-2
1.010504248E2,-2.556712553E-2,-1.597945392E-2,-2.130593918E-2
1.010554541E2,-2.130593918E-2,-1.065296959E-2,-2.024064213E-2
1.010605902E2,-1.597945392E-2,-7.457078435E-3,-1.704475097E-2
1.010656563E2,-1.384885982E-2,-3.195890691E-3,-1.704475097E-2
1.010706541E2,-9.587672539E-3,-2.130593872E-3,-1.704475097E-2
1.010759170E2,-5.326484796E-3,-1.065296936E-3,-1.491415687E-2
1.010808327E2,-2.130593872E-3,1.065296936E-3,-1.384885982E-2
1.010860243E2,4.261187743E-3,5.326484796E-3,-1.491415687E-2
1.010909640E2,7.457078435E-3,7.457078435E-3,-1.384885982E-2
1.010960913E2,8.522375487E-3,1.171826664E-2,-1.278356276E-2
1.011010894E2,1.065296959E-2,1.278356276E-2,-1.171826664E-2
1.011063743E2,1.278356276E-2,1.278356276E-2,-1.065296959E-2
1.011113200E2,1.704475097E-2,1.065296959E-2,-1.278356276E-2
1.011164299E2,2.024064213E-2,1.384885982E-2,-1.278356276E-2
1.011214633E2,2.556712553E-2,1.811004803E-2,-1.384885982E-2
1.011265859E2,2.876301669E-2,2.024064213E-2,-1.384885982E-2
1.011316134E2,3.408950195E-2,2.343653329E-2,-1.171826664E-2
1.011368567E2,3.622009605E-2,2.876301669E-2,-1.171826664E-2
1.011416106E2,3.622009605E-2,2.982831374E-2,-1.597945392E-2
1.011468073E2,3.622009605E-2,2.982831374E-2,-1.491415687E-2
1.011515955E2,3.408950195E-2,2.663242258E-2,-1.597945392E-2
1.011569664E2,3.408950195E-2,2.663242258E-2,-1.491415687E-2
1.011620781E2,2.982831374E-2,2.769771963E-2,-1.811004803E-2
1.011671218E2,2.769771963E-2,2.237123623E-2,-2.024064213E-2
1.011721028E2,2.556712553E-2,1.917534508E-2,-2.237123623E-2
1.011773456E2,1.597945392E-2,1.811004803E-2,-2.130593918E-2
1.011824182E2,7.457078435E-3,1.597945392E-2,-2.556712553E-2
1.011873688E2,2.130593872E-3,1.491415687E-2,-2.876301669E-2
1.011923648E2,-7.457078435E-3,1.384885982E-2,-3.302420676E-2
1.011975041E2,-1.811004803E-2,1.491415687E-2,-3.728539124E-2
1.012024811E2,-3.195890784E-2,1.811004803E-2,-3.941598535E-2
1.012075917E2,-4.261187837E-2,2.130593918E-2,-4.261187837E-2
1.012126450E2,-5.219954997E-2,2.237123623E-2,-4.367717355E-2
1.012177876E2,-6.178722158E-2,2.237123623E-2,-4.687306657E-2
1.012228665E2,-7.030959427E-2,2.237123623E-2,-4.793836176E-2
1.012279160E2,-7.244019210E-2,2.450183034E-2,-4.793836176E-2
1.012329406E2,-7.137489319E-2,2.237123623E-2,-4.793836176E-2
1.012380440E2,-6.924430281E-2,1.811004803E-2,-4.687306657E-2
1.012431303E2,-6.604841352E-2,1.597945392E-2,-4.367717355E-2
1.012483643E2,-5.646073818E-2,1.278356276E-2,-3.941598535E-2
1.012533061E2,-4.687306657E-2,7.457078435E-3,-3.622009605E-2
1.012584112E2,-4.048128426E-2,5.326484796E-3,-3.302420676E-2
1.012634866E2,-3.515479714E-2,-1.065296936E-3,-2.876301669E-2
1.012685491E2,-3.089361079E-2,-3.195890691E-3,-2.556712553E-2
1.012739374E2,-2.876301669E-2,-2.130593872E-3,-2.450183034E-2
1.012787097E2,-3.408950195E-2,-3.195890691E-3,-2.024064213E-2
1.012836112E2,-3.835069016E-2,-5.326484796E-3,-1.917534508E-2
1.012888204E2,-3.835069016E-2,-7.457078435E-3,-1.917534508E-2
1.012937625E2,-3.728539124E-2,-8.522375487E-3,-1.597945392E-2
1.012989223E2,-4.048128426E-2,-8.522375487E-3,-1.491415687E-2
1.013039497E2,-4.474247247E-2,-9.587672539E-3,-1.491415687E-2
1.013092218E2,-4.793836176E-2,-8.522375487E-3,-1.384885982E-2
1.013140975E2,-4.900366068E-2,-1.278356276E-2,-1.278356276E-2
1.013192245E2,-4.687306657E-2,-2.343653329E-2,-1.278356276E-2
1.013242308E2,-4.793836176E-2,-3.515479714E-2,-1.171826664E-2
1.013294931E2,-4.154657945E-2,-4.580776766E-2,-1.065296959E-2
1.013343985E2,-3.728539124E-2,-4.793836176E-2,-1.065296959E-2
1.013396035E2,-4.048128426E-2,-4.793836176E-2,-1.065296959E-2
1.013445050E2,-4.154657945E-2,-5.326484516E-2,-1.171826664E-2
1.013496252E2,-4.687306657E-2,-5.752603337E-2,-1.171826664E-2
1.013547307E2,-5.965662748E-2,-5.965662748E-2,-1.171826664E-2
1.013597545E2,-6.924430281E-2,-5.752603337E-2,-1.065296959E-2
1.013649126E2,-7.776667923E-2,-6.072192639E-2,-1.065296959E-2
1.013699163E2,-7.989726961E-2,-6.072192639E-2,-1.278356276E-2
1.013749683E2,-8.522375673E-2,-6.391781569E-2,-1.384885982E-2
1.013800235E2,-8.948494494E-2,-6.604841352E-2,-1.491415687E-2
1.013851199E2,-8.948494494E-2,-6.604841352E-2,-1.384885982E-2
1.013903292E2,-8.948494494E-2,-6.391781569E-2,-1.597945392E-2
1.013952528E2,-8.948494494E-2,-6.498311460E-2,-1.811004803E-2
1.014004645E2,-8.841964602E-2,-6.498311460E-2,-1.597945392E-2
1.014053771E2,-8.841964602E-2,-6.711370498E-2,-1.597945392E-2
1.014105259E2,-8.522375673E-2,-6.711370498E-2,-1.491415687E-2
1.014158993E2,-7.776667923E-2,-5.859133229E-2,-1.171826664E-2
1.014207461E2,-7.350549102E-2,-4.900366068E-2,-9.587672539E-3
1.014256355E2,-6.817900389E-2,-4.154657945E-2,-4.261187743E-3
1.014307322E2,-5.859133229E-2,-3.195890784E-2,-3.195890691E-3
1.014358153E2,-5.326484516E-2,-2.450183034E-2,-4.261187743E-3
1.014408978E2,-5.219954997E-2,-2.450183034E-2,-4.261187743E-3
1.014460682E2,-5.219954997E-2,-2.769771963E-2,-4.261187743E-3
1.014510827E2,-5.219954997E-2,-2.876301669E-2,-7.457078435E-3
1.014560597E2,-5.006895587E-2,-2.343653329E-2,-4.261187743E-3
1.014611573E2,-5.113425106E-2,-1.278356276E-2,-3.195890691E-3
1.014664822E2,-5.006895587E-2,-5.326484796E-3,-5.326484796E-3
1.014714308E2,-4.687306657E-2,0.000000000E0,-5.326484796E-3
1.014763297E2,-4.474247247E-2,4.261187743E-3,-5.326484796E-3
1.014817423E2,-4.154657945E-2,5.326484796E-3,-8.522375487E-3
1.014865431E2,-3.728539124E-2,3.195890691E-3,-9.587672539E-3
1.014916451E2,-2.982831374E-2,0.000000000E0,-1.278356276E-2
1.014966756E2,-2.556712553E-2,-4.261187743E-3,-1.065296959E-2
1.015019569E2,-2.024064213E-2,-8.522375487E-3,-1.171826664E-2
1.015067850E2,-1.704475097E-2,-1.065296959E-2,-1.491415687E-2
1.015118833E2,-1.491415687E-2,-1.597945392E-2,-1.171826664E-2
1.015169595E2,-1.171826664E-2,-1.384885982E-2,-8.522375487E-3
1.015221124E2,-1.384885982E-2,-1.278356276E-2,-9.587672539E-3
1.015271792E2,-1.171826664E-2,-1.597945392E-2,-8.522375487E-3
1.015322732E2,-1.278356276E-2,-1.491415687E-2,-6.391781382E-3
1.015368868E2,-1.278356276E-2,-1.811004803E-2,-3.195890691E-3
1.015423589E2,-1.065296959E-2,-1.811004803E-2,-3.195890691E-3
1.015473720E2,-7.457078435E-3,-1.811004803E-2,-2.130593872E-3
1.015525207E2,-5.326484796E-3,-2.237123623E-2,-4.261187743E-3
1.015575150E2,-4.261187743E-3,-2.556712553E-2,-4.261187743E-3
1.015626910E2,0.000000000E0,-3.302420676E-2,-4.261187743E-3
1.015678388E2,1.065296936E-3,-3.835069016E-2,-4.261187743E-3
1.015727410E2,1.065296936E-3,-4.154657945E-2,-4.261187743E-3
1.015779513E2,3.195890691E-3,-4.580776766E-2,-5.326484796E-3
1.015830503E2,1.065296936E-3,-5.006895587E-2,-5.326484796E-3
1.015879393E2,-1.065296936E-3,-5.219954997E-2,-5.326484796E-3
1.015930910E2,-2.130593872E-3,-5.219954997E-2,-3.195890691E-3
1.015981040E2,-4.261187743E-3,-5.113425106E-2,-4.261187743E-3
1.016032700E2,-7.457078435E-3,-5.219954997E-2,-2.130593872E-3
1.016083425E2,-1.171826664E-2,-5.326484516E-2,-4.261187743E-3
1.016135899E2,-1.278356276E-2,-5.113425106E-2,-3.195890691E-3
1.016183711E2,-1.704475097E-2,-4.793836176E-2,-1.065296936E-3
1.016234730E2,-2.130593918E-2,-4.474247247E-2,2.130593872E-3
1.016286262E2,-2.130593918E-2,-4.367717355E-2,3.195890691E-3
1.016336072E2,-1.917534508E-2,-4.048128426E-2,5.326484796E-3
1.016386736E2,-1.917534508E-2,-3.941598535E-2,8.522375487E-3
1.016438274E2,-1.704475097E-2,-3.941598535E-2,8.522375487E-3
1.016489450E2,-1.597945392E-2,-4.048128426E-2,1.065296959E-2
1.016538782E2,-1.278356276E-2,-3.728539124E-2,1.278356276E-2
1.016589784E2,-1.065296959E-2,-3.622009605E-2,1.278356276E-2
1.016642112E2,-7.457078435E-3,-3.302420676E-2,1.278356276E-2
1.016692140E2,-4.261187743E-3,-2.769771963E-2,1.384885982E-2
1.016742251E2,-2.130593872E-3,-2.343653329E-2,1.491415687E-2
1.016793175E2,0.000000000E0,-2.130593918E-2,1.278356276E-2
1.016843412E2,2.130593872E-3,-2.024064213E-2,1.171826664E-2
1.016894242E2,5.326484796E-3,-1.811004803E-2,1.171826664E-2
1.016944971E2,6.391781382E-3,-2.024064213E-2,1.065296959E-2
1.016997423E2,7.457078435E-3,-2.237123623E-2,8.522375487E-3
1.017046670E2,8.522375487E-3,-1.917534508E-2,7.457078435E-3
1.017096403E2,1.384885982E-2,-1.917534508E-2,7.457078435E-3
1.017147824E2,1.704475097E-2,-1.811004803E-2,7.457078435E-3
1.017198088E2,2.237123623E-2,-1.384885982E-2,4.261187743E-3
1.017250382E2,2.237123623E-2,-1.491415687E-2,6.391781382E-3
1.017299774E2,2.450183034E-2,-1.491415687E-2,7.457078435E-3
1.017351004E2,2.663242258E-2,-1.278356276E-2,6.391781382E-3
1.017402222E2,2.769771963E-2,-8.522375487E-3,7.457078435E-3
1.017455387E2,2.450183034E-2,-9.587672539E-3,7.457078435E-3
1.017502452E2,2.130593918E-2,-7.457078435E-3,8.522375487E-3
1.017553375E2,2.130593918E-2,-4.261187743E-3,8.522375487E-3
1.017603359E2,2.343653329E-2,-1.065296936E-3,9.587672539E-3
1.017654887E2,2.450183034E-2,2.130593872E-3,1.065296959E-2
1.017706101E2,2.130593918E-2,1.065296936E-3,9.587672539E-3
1.017757587E2,1.917534508E-2,1.065296936E-3,8.522375487E-3
1.017806633E2,1.597945392E-2,0.000000000E0,9.587672539E-3
1.017857918E2,1.491415687E-2,-2.130593872E-3,1.278356276E-2
1.017908364E2,1.278356276E-2,-2.130593872E-3,1.171826664E-2
1.017959233E2,9.587672539E-3,-4.261187743E-3,1.171826664E-2
1.018009371E2,8.522375487E-3,-4.261187743E-3,1.597945392E-2
1.018060679E2,8.522375487E-3,-5.326484796E-3,1.491415687E-2
1.018111961E2,9.587672539E-3,-5.326484796E-3,1.384885982E-2
1.018163155E2,8.522375487E-3,-4.261187743E-3,1.811004803E-2
1.018211986E2,8.522375487E-3,-4.261187743E-3,1.704475097E-2
1.018263422E2,8.522375487E-3,-4.261187743E-3,1.704475097E-2
1.018313296E2,9.587672539E-3,-6.391781382E-3,1.811004803E-2
1.018364575E2,8.522375487E-3,-9.587672539E-3,1.597945392E-2
1.018415731E2,5.326484796E-3,-1.278356276E-2,1.491415687E-2
1.018466337E2,7.457078435E-3,-1.171826664E-2,1.491415687E-2
1.018516129E2,8.522375487E-3,-1.171826664E-2,1.384885982E-2
1.018567785E2,8.522375487E-3,-9.587672539E-3,1.597945392E-2
1.018617860E2,8.522375487E-3,-8.522375487E-3,1.491415687E-2
1.018668792E2,1.171826664E-2,-7.457078435E-3,1.597945392E-2
1.018720124E2,1.597945392E-2,-7.457078435E-3,1.491415687E-2
1.018772079E2,2.024064213E-2,-6.391781382E-3,1.278356276E-2
1.018821940E2,2.450183034E-2,-4.261187743E-3,1.065296959E-2
1.018873055E2,2.556712553E-2,-3.195890691E-3,8.522375487E-3
1.018922129E2,2.876301669E-2,-5.326484796E-3,1.065296959E-2
1.018975338E2,2.982831374E-2,-7.457078435E-3,7.457078435E-3
1.019024477E2,3.089361079E-2,-7.457078435E-3,7.457078435E-3
1.019074860E2,3.089361079E-2,-1.065296959E-2,7.457078435E-3
1.019124799E2,3.195890784E-2,-1.384885982E-2,7.457078435E-3
1.019176410E2,2.982831374E-2,-1.597945392E-2,9.587672539E-3
1.019226639E2,2.876301669E-2,-1.811004803E-2,1.065296959E-2
1.019277811E2,2.556712553E-2,-2.130593918E-2,1.171826664E-2
1.019327464E2,2.130593918E-2,-2.130593918E-2,1.171826664E-2
1.019380725E2,1.811004803E-2,-1.811004803E-2,1.171826664E-2
1.019429185E2,1.384885982E-2,-1.171826664E-2,1.278356276E-2
1.019480432E2,9.587672539E-3,-6.391781382E-3,1.384885982E-2
1.019531024E2,3.195890691E-3,-4.261187743E-3,1.384885982E-2
1.019581416E2,-1.065296936E-3,-3.195890691E-3,1.278356276E-2
1.019632268E2,-5.326484796E-3,1.065296936E-3,1.278356276E-2
1.019682923E2,-9.587672539E-3,3.195890691E-3,1.491415687E-2
1.019735251E2,-1.491415687E-2,3.195890691E-3,1.491415687E-2
1.019785713E2,-1.811004803E-2,7.457078435E-3,1.704475097E-2
1.019836263E2,-1.917534508E-2,8.522375487E-3,1.704475097E-2
1.019887540E2,-1.704475097E-2,1.278356276E-2,1.704475097E-2
1.019936880E2,-1.917534508E-2,1.811004803E-2,1.917534508E-2
1.019989821E2,-1.917534508E-2,2.237123623E-2,1.917534508E-2
1.020038444E2,-1.811004803E-2,2.450183034E-2,1.917534508E-2
1.020088804E2,-1.811004803E-2,2.450183034E-2,2.024064213E-2
1.020139308E2,-1.384885982E-2,2.450183034E-2,1.811004803E-2
1.020190767E2,-1.065296959E-2,2.663242258E-2,1.704475097E-2
1.020240424E2,-8.522375487E-3,2.343653329E-2,1.491415687E-2
1.020291487E2,-3.195890691E-3,2.343653329E-2,1.384885982E-2
1.020343242E2,-3.195890691E-3,2.450183034E-2,1.171826664E-2
1.020393200E2,-2.130593872E-3,1.917534508E-2,1.171826664E-2
1.020445507E2,0.000000000E0,1.917534508E-2,1.065296959E-2
1.020495209E2,1.065296936E-3,1.917534508E-2,9.587672539E-3
1.020544774E2,2.130593872E-3,1.491415687E-2,9.587672539E-3
1.020598074E2,2.130593872E-3,1.597945392E-2,1.171826664E-2
1.020647177E2,3.195890691E-3,2.024064213E-2,1.171826664E-2
1.020697935E2,5.326484796E-3,2.450183034E-2,1.491415687E-2
1.020747798E2,3.195890691E-3,2.769771963E-2,1.597945392E-2
1.020799471E2,5.326484796E-3,3.089361079E-2,1.811004803E-2
1.020848917E2,5.326484796E-3,3.515479714E-2,2.130593918E-2
1.020902225E2,6.391781382E-3,3.941598535E-2,2.343653329E-2
1.020952280E2,7.457078435E-3,3.941598535E-2,2.450183034E-2
1.021002038E2,8.522375487E-3,4.154657945E-2,2.769771963E-2
1.021053360E2,1.065296959E-2,4.261187837E-2,2.769771963E-2
1.021105011E2,1.384885982E-2,4.048128426E-2,2.876301669E-2
1.021153741E2,1.597945392E-2,3.941598535E-2,2.982831374E-2
1.021205023E2,1.278356276E-2,3.941598535E-2,3.195890784E-2
1.021254869E2,1.171826664E-2,3.941598535E-2,3.302420676E-2
1.021305725E2,1.171826664E-2,3.835069016E-2,3.408950195E-2
1.021356393E2,1.171826664E-2,3.622009605E-2,3.515479714E-2
1.021407361E2,1.384885982E-2,3.408950195E-2,3.195890784E-2
1.021457971E2,1.491415687E-2,2.876301669E-2,3.089361079E-2
1.021509754E2,1.491415687E-2,2.769771963E-2,2.876301669E-2
1.021560596E2,1.597945392E-2,2.450183034E-2,2.982831374E-2
1.021611291E2,1.704475097E-2,2.343653329E-2,2.769771963E-2
1.021660562E2,2.130593918E-2,2.237123623E-2,2.663242258E-2
1.021710329E2,2.024064213E-2,2.237123623E-2,2.663242258E-2
1.021762405E2,2.130593918E-2,2.130593918E-2,2.663242258E-2
1.021813486E2,2.130593918E-2,1.917534508E-2,2.982831374E-2
1.021864034E2,2.024064213E-2,2.343653329E-2,2.769771963E-2
1.021915223E2,2.130593918E-2,2.450183034E-2,2.769771963E-2
1.021966656E2,1.811004803E-2,2.556712553E-2,2.769771963E-2
1.022016038E2,1.491415687E-2,2.556712553E-2,3.302420676E-2
1.022066577E2,9.587672539E-3,2.556712553E-2,3.302420676E-2
1.022117695E2,9.587672539E-3,2.343653329E-2,3.195890784E-2
1.022168567E2,6.391781382E-3,2.663242258E-2,3.089361079E-2
1.022219972E2,4.261187743E-3,2.343653329E-2,3.408950195E-2
1.022271500E2,2.130593872E-3,2.450183034E-2,3.302420676E-2
1.022322273E2,2.130593872E-3,2.237123623E-2,3.302420676E-2
1.022370687E2,3.195890691E-3,2.450183034E-2,3.089361079E-2
1.022422159E2,7.457078435E-3,2.663242258E-2,2.876301669E-2
1.022473032E2,9.587672539E-3,2.663242258E-2,2.982831374E-2
1.022524157E2,1.278356276E-2,2.769771963E-2,2.663242258E-2
1.022573559E2,1.384885982E-2,3.302420676E-2,2.450183034E-2
1.022625396E2,1.384885982E-2,3.728539124E-2,2.450183034E-2
1.022674873E2,1.597945392E-2,3.835069016E-2,2.556712553E-2
1.022728005E2,1.597945392E-2,4.048128426E-2,2.343653329E-2
1.022778514E2,1.384885982E-2,4.261187837E-2,2.450183034E-2
1.022827662E2,1.171826664E-2,3.835069016E-2,2.343653329E-2
1.022878966E2,7.457078435E-3,3.941598535E-2,2.556712553E-2
1.022929853E2,7.457078435E-3,4.261187837E-2,2.237123623E-2
1.022980138E2,5.326484796E-3,4.367717355E-2,2.556712553E-2
1.023031991E2,3.195890691E-3,4.474247247E-2,2.556712553E-2
1.023080572E2,3.195890691E-3,4.900366068E-2,2.450183034E-2
1.023133906E2,3.195890691E-3,4.793836176E-2,2.343653329E-2
1.023183151E2,3.195890691E-3,4.900366068E-2,2.343653329E-2
1.023234726E2,3.195890691E-3,4.900366068E-2,2.237123623E-2
1.023284780E2,2.130593872E-3,5.006895587E-2,2.024064213E-2
1.023334947E2,3.195890691E-3,5.219954997E-2,2.130593918E-2
1.023385299E2,6.391781382E-3,5.113425106E-2,2.024064213E-2
1.023436140E2,8.522375487E-3,4.687306657E-2,1.597945392E-2
1.023486692E2,7.457078435E-3,4.474247247E-2,1.491415687E-2
1.023537594E2,7.457078435E-3,4.154657945E-2,1.704475097E-2
1.023588919E2,8.522375487E-3,4.154657945E-2,2.130593918E-2
1.023639207E2,1.384885982E-2,4.154657945E-2,1.597945392E-2
1.023689692E2,1.278356276E-2,4.261187837E-2,1.384885982E-2
1.023741257E2,1.171826664E-2,4.154657945E-2,1.597945392E-2
1.023791059E2,1.491415687E-2,4.261187837E-2,1.491415687E-2
1.023842141E2,1.491415687E-2,4.474247247E-2,1.597945392E-2
1.023892113E2,1.917534508E-2,4.474247247E-2,1.491415687E-2
1.023943024E2,2.237123623E-2,4.687306657E-2,1.491415687E-2
1.023993098E2,1.917534508E-2,4.900366068E-2,1.597945392E-2
1.024044457E2,2.237123623E-2,5.006895587E-2,1.704475097E-2
1.024095367E2,2.556712553E-2,5.326484516E-2,1.917534508E-2
1.024147458E2,2.769771963E-2,5.646073818E-2,2.024064213E-2
1.024196238E2,2.876301669E-2,5.752603337E-2,2.024064213E-2
1.024248610E2,2.982831374E-2,5.539543927E-2,2.130593918E-2
1.024299000E2,3.089361079E-2,5.752603337E-2,2.024064213E-2
1.024348850E2,3.195890784E-2,5.646073818E-2,1.917534508E-2
1.024399416E2,3.515479714E-2,5.646073818E-2,2.130593918E-2
1.024450982E2,3.835069016E-2,6.072192639E-2,2.024064213E-2
1.024500933E2,4.154657945E-2,6.285251677E-2,1.917534508E-2
1.024553124E2,4.580776766E-2,6.604841352E-2,1.917534508E-2
1.024603569E2,5.113425106E-2,6.391781569E-2,1.384885982E-2
1.024653149E2,5.326484516E-2,6.178722158E-2,1.491415687E-2
1.024703421E2,5.646073818E-2,5.859133229E-2,1.384885982E-2
1.024754614E2,6.072192639E-2,5.752603337E-2,1.491415687E-2
1.024804773E2,6.178722158E-2,5.752603337E-2,1.704475097E-2
1.024857438E2,6.178722158E-2,5.433014408E-2,1.597945392E-2
1.024906662E2,6.391781569E-2,5.113425106E-2,1.811004803E-2
1.024957091E2,6.391781569E-2,4.900366068E-2,1.917534508E-2
1.025007389E2,6.285251677E-2,5.113425106E-2,2.024064213E-2
1.025058631E2,5.965662748E-2,5.006895587E-2,2.024064213E-2
1.025110729E2,5.752603337E-2,5.006895587E-2,2.024064213E-2
1.025161446E2,5.646073818E-2,5.326484516E-2,2.237123623E-2
1.025210839E2,5.326484516E-2,5.219954997E-2,2.024064213E-2
1.025261960E2,5.006895587E-2,5.433014408E-2,2.343653329E-2
1.025313379E2,4.900366068E-2,5.539543927E-2,2.450183034E-2
1.025363287E2,4.793836176E-2,5.646073818E-2,2.450183034E-2
1.025413318E2,4.793836176E-2,5.965662748E-2,2.876301669E-2
1.025465188E2,5.113425106E-2,6.285251677E-2,2.876301669E-2
1.025514882E2,5.006895587E-2,6.498311460E-2,2.876301669E-2
1.025567085E2,4.793836176E-2,6.391781569E-2,3.089361079E-2
1.025617444E2,4.261187837E-2,6.285251677E-2,3.195890784E-2
1.025666990E2,3.835069016E-2,6.604841352E-2,3.089361079E-2
1.025717482E2,3.941598535E-2,7.030959427E-2,2.982831374E-2
1.025766229E2,4.048128426E-2,6.817900389E-2,2.982831374E-2
1.025818631E2,4.048128426E-2,6.817900389E-2,2.982831374E-2
1.025870100E2,4.154657945E-2,7.350549102E-2,2.663242258E-2
1.025922825E2,4.580776766E-2,7.776667923E-2,2.343653329E-2
1.025974013E2,4.900366068E-2,7.883197069E-2,2.663242258E-2
1.026022598E2,5.219954997E-2,7.776667923E-2,2.663242258E-2
1.026073484E2,5.752603337E-2,7.776667923E-2,2.663242258E-2
1.026123563E2,5.965662748E-2,7.457078248E-2,2.663242258E-2
1.026174526E2,6.391781569E-2,7.563608140E-2,2.237123623E-2
1.026224465E2,7.030959427E-2,8.096256852E-2,2.556712553E-2
1.026276208E2,7.776667923E-2,8.522375673E-2,2.556712553E-2
1.026326243E2,8.415845782E-2,8.735434711E-2,2.450183034E-2
1.026377955E2,8.841964602E-2,8.948494494E-2,2.556712553E-2
1.026427825E2,9.268083423E-2,9.161553532E-2,2.556712553E-2
1.026479154E2,9.694202244E-2,9.481142461E-2,2.663242258E-2
1.026529898E2,1.012032107E-1,9.374613315E-2,2.663242258E-2
1.026583319E2,1.033338010E-1,9.587672353E-2,2.876301669E-2
1.026630874E2,1.065296903E-1,1.001379117E-1,3.089361079E-2
1.026682909E2,1.118561774E-1,9.694202244E-2,2.769771963E-2
1.026731985E2,1.150520667E-1,9.374613315E-2,3.089361079E-2
1.026784100E2,1.193132550E-1,8.522375673E-2,3.622009605E-2
1.026834238E2,1.182479635E-1,7.883197069E-2,3.515479714E-2
1.026885154E2,1.171826646E-1,7.137489319E-2,3.302420676E-2
1.026935647E2,1.161173657E-1,6.924430281E-2,2.982831374E-2
1.026986155E2,1.139867753E-1,6.604841352E-2,3.089361079E-2
1.027037070E2,1.139867753E-1,6.817900389E-2,2.876301669E-2
1.027088394E2,1.139867753E-1,7.030959427E-2,2.556712553E-2
1.027137913E2,1.139867753E-1,6.604841352E-2,2.450183034E-2
1.027190417E2,1.118561774E-1,6.178722158E-2,2.450183034E-2
1.027239924E2,1.086602882E-1,6.072192639E-2,2.024064213E-2
1.027292125E2,1.075949892E-1,5.752603337E-2,2.130593918E-2
1.027340020E2,1.043990999E-1,5.326484516E-2,2.237123623E-2
1.027388828E2,9.694202244E-2,4.900366068E-2,2.130593918E-2
1.027443166E2,8.628904819E-2,4.474247247E-2,2.130593918E-2
1.027493345E2,7.030959427E-2,4.261187837E-2,2.130593918E-2
1.027544185E2,5.965662748E-2,4.580776766E-2,2.130593918E-2
1.027595020E2,5.752603337E-2,5.113425106E-2,2.130593918E-2
1.027645013E2,5.219954997E-2,4.793836176E-2,2.130593918E-2
1.027695555E2,5.113425106E-2,4.687306657E-2,2.024064213E-2
1.027746628E2,5.219954997E-2,4.580776766E-2,1.811004803E-2
1.027797642E2,5.433014408E-2,4.261187837E-2,1.491415687E-2
1.027847692E2,5.219954997E-2,3.941598535E-2,1.491415687E-2
1.027901460E2,5.326484516E-2,4.367717355E-2,1.811004803E-2
1.027948845E2,5.646073818E-2,4.474247247E-2,1.491415687E-2
1.028000787E2,5.859133229E-2,4.474247247E-2,1.278356276E-2
1.028050503E2,6.178722158E-2,4.793836176E-2,9.587672539E-3
1.028101733E2,6.285251677E-2,5.433014408E-2,9.587672539E-3
1.028152323E2,6.391781569E-2,6.178722158E-2,6.391781382E-3
1.028202612E2,6.817900389E-2,6.924430281E-2,2.130593872E-3
1.028253427E2,7.137489319E-2,7.350549102E-2,-2.130593872E-3
1.028306746E2,7.457078248E-2,7.563608140E-2,-3.195890691E-3
1.028354685E2,7.457078248E-2,7.989726961E-2,-7.457078435E-3
1.028408246E2,7.776667923E-2,7.670138031E-2,-8.522375487E-3
1.028456095E2,7.670138031E-2,7.457078248E-2,-1.065296959E-2
1.028507600E2,7.350549102E-2,7.350549102E-2,-9.587672539E-3
1.028557329E2,7.244019210E-2,7.350549102E-2,-9.587672539E-3
1.028609247E2,7.137489319E-2,7.670138031E-2,-7.457078435E-3
1.028659379E2,6.604841352E-2,7.563608140E-2,-9.587672539E-3
1.028710169E2,6.072192639E-2,7.457078248E-2,-8.522375487E-3
1.028761381E2,4.793836176E-2,6.817900389E-2,-8.522375487E-3
1.028812805E2,4.154657945E-2,6.817900389E-2,-7.457078435E-3
1.028861684E2,5.433014408E-2,9.055023640E-2,-1.171826664E-2
1.028913018E2,6.498311460E-2,9.055023640E-2,-1.491415687E-2
1.028964494E2,5.646073818E-2,6.285251677E-2,-1.491415687E-2
1.029015504E2,4.154657945E-2,4.687306657E-2,-1.384885982E-2
1.029064635E2,2.876301669E-2,5.006895587E-2,-1.384885982E-2
1.029119910E2,2.130593918E-2,5.539543927E-2,-1.491415687E-2
1.029165981E2,2.663242258E-2,6.391781569E-2,-1.171826664E-2
1.029220171E2,2.982831374E-2,6.817900389E-2,-1.384885982E-2
1.029268699E2,2.237123623E-2,5.965662748E-2,-1.597945392E-2
1.029319891E2,9.587672539E-3,5.326484516E-2,-1.491415687E-2
1.029369406E2,-1.065296936E-3,4.900366068E-2,-1.171826664E-2
1.029420586E2,-7.457078435E-3,4.900366068E-2,-1.278356276E-2
1.029471251E2,-1.384885982E-2,5.113425106E-2,-1.171826664E-2
1.029521140E2,-1.811004803E-2,4.900366068E-2,-9.587672539E-3
1.029572052E2,-2.024064213E-2,4.580776766E-2,-8.522375487E-3
1.029624696E2,-2.343653329E-2,4.687306657E-2,-7.457078435E-3
1.029673311E2,-2.556712553E-2,4.687306657E-2,-6.391781382E-3
1.029726867E2,-2.663242258E-2,4.474247247E-2,-3.195890691E-3
1.029776002E2,-2.556712553E-2,4.154657945E-2,-4.261187743E-3
1.029827707E2,-2.982831374E-2,4.154657945E-2,-2.130593872E-3
1.029876216E2,-2.876301669E-2,3.835069016E-2,-6.391781382E-3
1.029927368E2,-2.769771963E-2,3.515479714E-2,-5.326484796E-3
1.029978963E2,-2.663242258E-2,3.195890784E-2,-6.391781382E-3
1.030029465E2,-2.769771963E-2,2.876301669E-2,-8.522375487E-3
1.030081800E2,-2.876301669E-2,2.556712553E-2,-1.171826664E-2
1.030131026E2,-2.876301669E-2,2.024064213E-2,-1.384885982E-2
1.030180093E2,-2.982831374E-2,1.597945392E-2,-1.704475097E-2
1.030228800E2,-3.515479714E-2,1.278356276E-2,-1.811004803E-2
1.030281968E2,-3.941598535E-2,1.278356276E-2,-1.704475097E-2
1.030336562E2,-4.048128426E-2,1.917534508E-2,-1.917534508E-2
1.030383853E2,-4.261187837E-2,2.876301669E-2,-1.704475097E-2
1.030436107E2,-4.154657945E-2,2.876301669E-2,-1.597945392E-2
1.030488834E2,-4.048128426E-2,3.089361079E-2,-1.278356276E-2
1.030538491E2,-3.728539124E-2,3.728539124E-2,-1.065296959E-2
1.030587862E2,-3.408950195E-2,4.154657945E-2,-7.457078435E-3
1.030637304E2,-3.089361079E-2,4.154657945E-2,-3.195890691E-3
1.030687360E2,-2.769771963E-2,4.474247247E-2,-1.065296936E-3
1.030736615E2,-2.556712553E-2,4.687306657E-2,4.261187743E-3
1.030789100E2,-2.130593918E-2,4.900366068E-2,6.391781382E-3
1.030840224E2,-1.704475097E-2,5.326484516E-2,8.522375487E-3
1.030891130E2,-1.278356276E-2,5.539543927E-2,1.065296959E-2
1.030943774E2,-9.587672539E-3,6.072192639E-2,1.171826664E-2
1.030992456E2,-6.391781382E-3,6.391781569E-2,1.171826664E-2
1.031043330E2,-9.587672539E-3,6.391781569E-2,1.278356276E-2
1.031093940E2,-1.171826664E-2,6.498311460E-2,1.278356276E-2
1.031145115E2,-1.597945392E-2,6.498311460E-2,1.278356276E-2
1.031195310E2,-1.811004803E-2,6.285251677E-2,1.384885982E-2
1.031246968E2,-1.917534508E-2,6.285251677E-2,1.491415687E-2
1.031296709E2,-2.130593918E-2,6.604841352E-2,1.384885982E-2
1.031347496E2,-2.024064213E-2,7.989726961E-2,1.278356276E-2
1.031397901E2,-1.491415687E-2,9.694202244E-2,1.065296959E-2
1.031449492E2,-6.391781382E-3,1.065296903E-1,1.171826664E-2
1.031500705E2,-1.065296936E-3,1.033338010E-1,1.065296959E-2
1.031550160E2,-9.587672539E-3,8.948494494E-2,1.171826664E-2
1.031601232E2,-1.811004803E-2,7.989726961E-2,1.065296959E-2
1.031652084E2,-2.024064213E-2,7.883197069E-2,9.587672539E-3
1.031701437E2,-2.450183034E-2,7.563608140E-2,6.391781382E-3
1.031752798E2,-1.704475097E-2,7.030959427E-2,2.130593872E-3
1.031804588E2,-6.391781382E-3,6.604841352E-2,1.065296936E-3
1.031856102E2,6.391781382E-3,6.285251677E-2,-4.261187743E-3
1.031904493E2,1.811004803E-2,5.113425106E-2,-7.457078435E-3
1.031952256E2,2.024064213E-2,4.154657945E-2,-9.587672539E-3
1.032005683E2,2.237123623E-2,3.195890784E-2,-6.391781382E-3
1.032058864E2,1.917534508E-2,2.663242258E-2,-7.457078435E-3
1.032108568E2,1.704475097E-2,2.450183034E-2,-7.457078435E-3
1.032159277E2,1.171826664E-2,2.982831374E-2,-6.391781382E-3
1.032208663E2,1.171826664E-2,3.622009605E-2,-7.457078435E-3
1.032260650E2,1.384885982E-2,4.048128426E-2,-3.195890691E-3
1.032313122E2,1.597945392E-2,4.367717355E-2,-4.261187743E-3
1.032362220E2,1.811004803E-2,3.835069016E-2,-6.391781382E-3
1.032412133E2,1.811004803E-2,3.728539124E-2,-8.522375487E-3
1.032463815E2,1.704475097E-2,2.982831374E-2,-9.587672539E-3
1.032513163E2,1.597945392E-2,2.450183034E-2,-1.065296959E-2
1.032566911E2,1.384885982E-2,2.343653329E-2,-1.171826664E-2
1.032615401E2,1.597945392E-2,2.450183034E-2,-1.704475097E-2
1.032668707E2,1.597945392E-2,2.769771963E-2,-1.811004803E-2
1.032718671E2,1.811004803E-2,2.556712553E-2,-1.811004803E-2
1.032769775E2,2.024064213E-2,2.024064213E-2,-1.917534508E-2
1.032817322E2,2.450183034E-2,2.024064213E-2,-1.917534508E-2
1.032868680E2,2.556712553E-2,2.237123623E-2,-1.917534508E-2
1.032920747E2,2.663242258E-2,2.343653329E-2,-1.491415687E-2
1.032971057E2,2.769771963E-2,2.130593918E-2,-1.704475097E-2
1.033024193E2,3.195890784E-2,2.130593918E-2,-1.704475097E-2
1.033071529E2,3.195890784E-2,2.343653329E-2,-1.278356276E-2
1.033122268E2,3.089361079E-2,2.450183034E-2,-1.491415687E-2
1.033174088E2,3.089361079E-2,2.450183034E-2,-1.278356276E-2
1.033223488E2,2.982831374E-2,2.450183034E-2,-7.457078435E-3
1.033276317E2,3.302420676E-2,2.663242258E-2,-6.391781382E-3
1.033324961E2,3.302420676E-2,2.876301669E-2,-8.522375487E-3
1.033375583E2,3.408950195E-2,2.769771963E-2,-8.522375487E-3
1.033427507E2,3.408950195E-2,2.663242258E-2,-7.457078435E-3
1.033477666E2,3.408950195E-2,2.556712553E-2,-9.587672539E-3
1.033527193E2,3.515479714E-2,2.556712553E-2,-1.278356276E-2
1.033575189E2,3.622009605E-2,2.663242258E-2,-1.171826664E-2
1.033628923E2,4.048128426E-2,2.876301669E-2,-1.065296959E-2
1.033680761E2,4.154657945E-2,2.876301669E-2,-1.384885982E-2
1.033730615E2,4.261187837E-2,3.195890784E-2,-1.278356276E-2
1.033781726E2,4.580776766E-2,3.515479714E-2,-1.065296959E-2
1.033831738E2,4.793836176E-2,3.408950195E-2,-1.065296959E-2
1.033883207E2,4.687306657E-2,3.302420676E-2,-1.278356276E-2
1.033933799E2,4.580776766E-2,3.195890784E-2,-1.065296959E-2
1.033984509E2,4.687306657E-2,3.089361079E-2,-9.587672539E-3
1.034035520E2,4.793836176E-2,2.663242258E-2,-9.587672539E-3
1.034082368E2,4.900366068E-2,2.343653329E-2,-8.522375487E-3
1.034133376E2,4.687306657E-2,2.130593918E-2,-8.522375487E-3
1.034187789E2,4.580776766E-2,1.704475097E-2,-7.457078435E-3
1.034237941E2,4.367717355E-2,1.491415687E-2,-7.457078435E-3
1.034290026E2,4.793836176E-2,1.491415687E-2,-6.391781382E-3
1.034339860E2,5.433014408E-2,1.491415687E-2,-6.391781382E-3
1.034392211E2,5.539543927E-2,1.278356276E-2,-7.457078435E-3
1.034440937E2,6.072192639E-2,1.065296959E-2,-6.391781382E-3
1.034492704E2,6.498311460E-2,1.065296959E-2,-6.391781382E-3
1.034541547E2,6.817900389E-2,7.457078435E-3,-8.522375487E-3
1.034592914E2,7.137489319E-2,7.457078435E-3,-6.391781382E-3
1.034643930E2,7.350549102E-2,6.391781382E-3,-8.522375487E-3
1.034694541E2,7.350549102E-2,9.587672539E-3,-8.522375487E-3
1.034746153E2,7.883197069E-2,8.522375487E-3,-7.457078435E-3
1.034797099E2,8.202786744E-2,8.522375487E-3,-7.457078435E-3
1.034845757E2,8.202786744E-2,7.457078435E-3,-7.457078435E-3
1.034898807E2,8.202786744E-2,6.391781382E-3,-8.522375487E-3
1.034947496E2,8.096256852E-2,3.195890691E-3,-8.522375487E-3
1.034998842E2,8.096256852E-2,2.130593872E-3,-7.457078435E-3
1.035049716E2,7.883197069E-2,2.130593872E-3,-8.522375487E-3
1.035100022E2,7.883197069E-2,2.130593872E-3,-7.457078435E-3
1.035149871E2,7.457078248E-2,2.130593872E-3,-7.457078435E-3
1.035202993E2,7.137489319E-2,0.000000000E0,-6.391781382E-3
1.035252749E2,6.817900389E-2,0.000000000E0,-6.391781382E-3
1.035304840E2,6.711370498E-2,0.000000000E0,-7.457078435E-3
1.035353561E2,6.285251677E-2,2.130593872E-3,-6.391781382E-3
1.035404596E2,5.965662748E-2,2.130593872E-3,-8.522375487E-3
1.035456055E2,5.539543927E-2,3.195890691E-3,-7.457078435E-3
1.035507315E2,5.326484516E-2,6.391781382E-3,-8.522375487E-3
1.035557220E2,5.006895587E-2,9.587672539E-3,-8.522375487E-3
1.035604497E2,5.006895587E-2,9.587672539E-3,-5.326484796E-3
1.035660562E2,4.687306657E-2,9.587672539E-3,-5.326484796E-3
1.035710609E2,4.367717355E-2,9.587672539E-3,-6.391781382E-3
1.035758950E2,4.474247247E-2,9.587672539E-3,-4.261187743E-3
1.035810797E2,4.687306657E-2,7.457078435E-3,-5.326484796E-3
1.035860328E2,4.900366068E-2,4.261187743E-3,-5.326484796E-3
1.035913171E2,4.687306657E-2,0.000000000E0,-6.391781382E-3
1.035965065E2,4.793836176E-2,0.000000000E0,-5.326484796E-3
1.036013102E2,4.580776766E-2,-2.130593872E-3,-4.261187743E-3
1.036062851E2,4.474247247E-2,-3.195890691E-3,-4.261187743E-3
1.036114236E2,4.580776766E-2,-4.261187743E-3,-3.195890691E-3
1.036164211E2,4.580776766E-2,-8.522375487E-3,-4.261187743E-3
1.036217672E2,4.580776766E-2,-9.587672539E-3,-3.195890691E-3
1.036267931E2,4.474247247E-2,-9.587672539E-3,-3.195890691E-3
1.036317848E2,4.261187837E-2,-1.171826664E-2,-1.065296936E-3
1.036369933E2,4.154657945E-2,-1.065296959E-2,-1.065296936E-3
1.036420089E2,4.048128426E-2,-1.065296959E-2,-2.130593872E-3
1.036469217E2,3.728539124E-2,-1.171826664E-2,-3.195890691E-3
1.036519927E2,3.089361079E-2,-9.587672539E-3,-1.065296936E-3
1.036570702E2,2.876301669E-2,-9.587672539E-3,-1.065296936E-3
1.036621741E2,2.663242258E-2,-9.587672539E-3,-2.130593872E-3
1.036671758E2,2.450183034E-2,-7.457078435E-3,-1.065296936E-3
1.036723142E2,2.343653329E-2,-5.326484796E-3,-1.065296936E-3
1.036774719E2,2.450183034E-2,-5.326484796E-3,2.130593872E-3
1.036825617E2,2.237123623E-2,-5.326484796E-3,3.195890691E-3
1.036874458E2,2.130593918E-2,-3.195890691E-3,2.130593872E-3
1.036926138E2,2.237123623E-2,-4.261187743E-3,5.326484796E-3
1.036976986E2,2.130593918E-2,-6.391781382E-3,6.391781382E-3
1.037028404E2,2.237123623E-2,-7.457078435E-3,4.261187743E-3
1.037077183E2,2.343653329E-2,-7.457078435E-3,5.326484796E-3
1.037130489E2,2.237123623E-2,-5.326484796E-3,5.326484796E-3
1.037179955E2,2.130593918E-2,-7.457078435E-3,5.326484796E-3
1.037229485E2,2.343653329E-2,-6.391781382E-3,5.326484796E-3
1.037280094E2,2.237123623E-2,-6.391781382E-3,5.326484796E-3
1.037332073E2,1.917534508E-2,-7.457078435E-3,6.391781382E-3
1.037383417E2,1.704475097E-2,-9.587672539E-3,6.391781382E-3
1.037432961E2,1.491415687E-2,-9.587672539E-3,7.457078435E-3
1.037484885E2,1.278356276E-2,-1.065296959E-2,6.391781382E-3
1.037533953E2,1.278356276E-2,-1.278356276E-2,7.457078435E-3
1.037582668E2,1.278356276E-2,-1.597945392E-2,7.457078435E-3
1.037635570E2,1.065296959E-2,-1.704475097E-2,6.391781382E-3
1.037685562E2,8.522375487E-3,-1.811004803E-2,5.326484796E-3
1.037739995E2,6.391781382E-3,-2.130593918E-2,5.326484796E-3
1.037787059E2,4.261187743E-3,-2.130593918E-2,5.326484796E-3
1.037838628E2,2.130593872E-3,-1.917534508E-2,7.457078435E-3
1.037889190E2,1.065296936E-3,-2.237123623E-2,5.326484796E-3
1.037940249E2,-2.130593872E-3,-2.130593918E-2,7.457078435E-3
1.037990544E2,-3.195890691E-3,-1.811004803E-2,9.587672539E-3
1.038043086E2,-3.195890691E-3,-1.704475097E-2,8.522375487E-3
1.038091947E2,-2.130593872E-3,-1.917534508E-2,7.457078435E-3
1.038142661E2,-2.130593872E-3,-2.237123623E-2,7.457078435E-3
1.038193677E2,-1.065296936E-3,-2.130593918E-2,9.587672539E-3
1.038244674E2,-2.130593872E-3,-2.024064213E-2,7.457078435E-3
1.038296766E2,-3.195890691E-3,-2.024064213E-2,9.587672539E-3
1.038346085E2,-3.195890691E-3,-1.811004803E-2,1.065296959E-2
1.038395601E2,-5.326484796E-3,-1.491415687E-2,1.065296959E-2
1.038447540E2,-5.326484796E-3,-1.491415687E-2,1.384885982E-2
1.038496910E2,-5.326484796E-3,-1.278356276E-2,1.384885982E-2
1.038549991E2,-7.457078435E-3,-1.278356276E-2,1.384885982E-2
1.038598705E2,-6.391781382E-3,-1.278356276E-2,1.704475097E-2
1.038650322E2,-5.326484796E-3,-1.065296959E-2,1.597945392E-2
1.038700018E2,-8.522375487E-3,-1.278356276E-2,1.704475097E-2
1.038753549E2,-8.522375487E-3,-1.171826664E-2,1.704475097E-2
1.038802555E2,-9.587672539E-3,-9.587672539E-3,1.704475097E-2
1.038855393E2,-9.587672539E-3,-1.171826664E-2,1.704475097E-2
1.038903155E2,-9.587672539E-3,-1.278356276E-2,1.704475097E-2
1.038954395E2,-8.522375487E-3,-1.065296959E-2,1.917534508E-2
1.039004107E2,-9.587672539E-3,-1.384885982E-2,2.024064213E-2
1.039055777E2,-1.065296959E-2,-1.597945392E-2,2.130593918E-2
1.039107710E2,-1.278356276E-2,-2.024064213E-2,2.130593918E-2
1.039158822E2,-1.278356276E-2,-2.556712553E-2,2.024064213E-2
1.039207644E2,-1.278356276E-2,-3.089361079E-2,1.811004803E-2
1.039258880E2,-1.491415687E-2,-3.195890784E-2,2.024064213E-2
1.039309455E2,-1.278356276E-2,-3.408950195E-2,2.024064213E-2
1.039359907E2,-1.278356276E-2,-3.622009605E-2,1.917534508E-2
1.039410291E2,-1.278356276E-2,-3.728539124E-2,1.917534508E-2
1.039463081E2,-1.171826664E-2,-3.728539124E-2,2.024064213E-2
1.039512218E2,-1.065296959E-2,-3.835069016E-2,1.811004803E-2
1.039562366E2,-8.522375487E-3,-4.048128426E-2,1.811004803E-2
1.039613230E2,-6.391781382E-3,-4.154657945E-2,1.491415687E-2
1.039664476E2,-3.195890691E-3,-4.367717355E-2,1.384885982E-2
1.039714912E2,-1.065296936E-3,-4.474247247E-2,1.171826664E-2
1.039765697E2,4.261187743E-3,-4.474247247E-2,1.278356276E-2
1.039816369E2,9.587672539E-3,-4.580776766E-2,1.278356276E-2
1.039866995E2,8.522375487E-3,-4.474247247E-2,1.171826664E-2
1.039917494E2,9.587672539E-3,-4.687306657E-2,1.065296959E-2
1.039968529E2,1.278356276E-2,-4.687306657E-2,1.065296959E-2
1.040018622E2,1.491415687E-2,-5.006895587E-2,1.065296959E-2
1.040071217E2,1.278356276E-2,-4.793836176E-2,1.065296959E-2
1.040120301E2,1.491415687E-2,-4.474247247E-2,1.171826664E-2
1.040172591E2,1.065296959E-2,-4.261187837E-2,1.384885982E-2
1.040221209E2,1.065296959E-2,-4.261187837E-2,1.384885982E-2
1.040274519E2,1.171826664E-2,-4.367717355E-2,1.065296959E-2
1.040324015E2,1.278356276E-2,-4.474247247E-2,1.171826664E-2
1.040374721E2,1.597945392E-2,-4.261187837E-2,1.491415687E-2
1.040424864E2,1.811004803E-2,-4.261187837E-2,1.278356276E-2
1.040477231E2,2.024064213E-2,-4.261187837E-2,1.491415687E-2
1.040526735E2,2.237123623E-2,-4.154657945E-2,1.811004803E-2
1.040577452E2,2.343653329E-2,-3.941598535E-2,1.917534508E-2
1.040627754E2,2.024064213E-2,-4.154657945E-2,1.811004803E-2
1.040680032E2,2.024064213E-2,-4.048128426E-2,1.917534508E-2
1.040728666E2,1.917534508E-2,-3.941598535E-2,2.130593918E-2
1.040781207E2,2.024064213E-2,-3.835069016E-2,2.024064213E-2
1.040830265E2,2.024064213E-2,-3.622009605E-2,2.237123623E-2
1.040881142E2,1.704475097E-2,-3.515479714E-2,2.450183034E-2
1.040932102E2,1.278356276E-2,-3.622009605E-2,2.450183034E-2
1.040983279E2,9.587672539E-3,-4.048128426E-2,2.237123623E-2
1.041033012E2,7.457078435E-3,-5.006895587E-2,2.556712553E-2
1.041084457E2,1.171826664E-2,-6.711370498E-2,2.024064213E-2
1.041134346E2,2.024064213E-2,-9.268083423E-2,1.811004803E-2
1.041185835E2,3.195890784E-2,-1.289009303E-1,8.522375487E-3
1.041236744E2,6.498311460E-2,-1.906881481E-1,2.130593872E-3
1.041287007E2,1.342274100E-1,-3.259808719E-1,-2.130593872E-3
1.041339048E2,2.418224066E-1,-5.433014631E-1,-6.391781382E-3
1.041390499E2,2.812383771E-1,-6.615493894E-1,-1.811004803E-2
1.041435656E2,2.333000302E-1,-6.157416105E-1,-2.769771963E-2
1.041490388E2,1.565986425E-1,-4.921671748E-1,-2.876301669E-2
1.041541386E2,7.776667923E-2,-3.568744659E-1,-2.982831374E-2
1.041591333E2,2.130593918E-2,-2.290388346E-1,-1.704475097E-2
1.041641297E2,-5.326484796E-3,-1.374233067E-1,-6.391781382E-3
1.041692900E2,-2.982831374E-2,-8.309315890E-2,-2.237123623E-2
1.041742883E2,-7.350549102E-2,-3.515479714E-2,-2.876301669E-2
1.041794392E2,-1.161173657E-1,1.917534508E-2,-1.597945392E-2
1.041844850E2,-1.374233067E-1,2.982831374E-2,-1.811004803E-2
1.041897045E2,-1.715128124E-1,1.597945392E-2,-1.811004803E-2
1.041947080E2,-2.119940966E-1,7.563608140E-2,-8.522375487E-3
1.041998781E2,-2.077329010E-1,1.267703325E-1,6.391781382E-3
1.042050402E2,-1.917534471E-1,9.481142461E-2,7.457078435E-3
1.042098462E2,-1.768392920E-1,5.433014408E-2,4.261187743E-3
1.042149129E2,-1.512721628E-1,3.728539124E-2,9.587672539E-3
1.042199906E2,-1.352927089E-1,1.597945392E-2,1.278356276E-2
1.042249888E2,-1.225091442E-1,-3.195890691E-3,6.391781382E-3
1.042301482E2,-1.065296903E-1,-1.917534508E-2,1.065296936E-3
1.042353246E2,-9.374613315E-2,-3.515479714E-2,-3.195890691E-3
1.042402709E2,-8.202786744E-2,-4.900366068E-2,-3.195890691E-3
1.042454988E2,-6.604841352E-2,-6.072192639E-2,-2.130593872E-3
1.042506224E2,-4.900366068E-2,-7.030959427E-2,2.130593872E-3
1.042555042E2,-3.515479714E-2,-7.989726961E-2,7.457078435E-3
1.042606294E2,-2.343653329E-2,-8.522375673E-2,1.065296959E-2
1.042655869E2,-1.917534508E-2,-8.628904819E-2,1.597945392E-2
1.042709388E2,-1.597945392E-2,-8.202786744E-2,1.491415687E-2
1.042759119E2,-1.597945392E-2,-7.989726961E-2,1.171826664E-2
1.042808711E2,-1.491415687E-2,-8.202786744E-2,1.065296959E-2
1.042858476E2,-9.587672539E-3,-8.628904819E-2,9.587672539E-3
1.042911985E2,-1.065296936E-3,-9.374613315E-2,5.326484796E-3
1.042960816E2,0.000000000E0,-9.268083423E-2,2.130593872E-3
1.043012976E2,0.000000000E0,-8.522375673E-2,0.000000000E0
1.043061982E2,5.326484796E-3,-7.563608140E-2,-1.065296936E-3
1.043112819E2,1.065296959E-2,-6.498311460E-2,-3.195890691E-3
1.043163753E2,2.237123623E-2,-6.178722158E-2,-4.261187743E-3
1.043216367E2,3.515479714E-2,-6.498311460E-2,-3.195890691E-3
1.043264970E2,5.006895587E-2,-6.924430281E-2,-2.130593872E-3
1.043315528E2,7.030959427E-2,-7.883197069E-2,-1.065296936E-3
1.043365611E2,9.161553532E-2,-1.001379117E-1,-1.065296936E-3
1.043417216E2,1.161173657E-1,-1.203785539E-1,-3.195890691E-3
1.043469582E2,1.384886056E-1,-1.427497864E-1,-3.195890691E-3
1.043519652E2,1.544680595E-1,-1.587292403E-1,-1.065296936E-3
1.043569594E2,1.693822145E-1,-1.619251370E-1,2.130593872E-3
1.043619889E2,1.811004728E-1,-1.523374617E-1,1.171826664E-2
1.043671477E2,1.811004728E-1,-1.171826646E-1,2.556712553E-2
1.043721651E2,1.640557349E-1,-6.391781569E-2,3.941598535E-2
1.043768774E2,1.342274100E-1,-1.597945392E-2,5.113425106E-2
1.043820221E2,9.907261282E-2,2.024064213E-2,6.178722158E-2
1.043872636E2,6.498311460E-2,4.900366068E-2,7.563608140E-2
1.043923849E2,3.728539124E-2,6.711370498E-2,8.628904819E-2
1.043974481E2,1.491415687E-2,7.989726961E-2,9.055023640E-2
1.044027335E2,7.457078435E-3,9.055023640E-2,9.268083423E-2
1.044075863E2,1.171826664E-2,9.800732136E-2,8.202786744E-2
1.044127899E2,2.024064213E-2,9.161553532E-2,7.030959427E-2
1.044178263E2,2.769771963E-2,6.498311460E-2,6.072192639E-2
1.044228866E2,4.154657945E-2,5.859133229E-2,5.433014408E-2
1.044280775E2,5.006895587E-2,6.711370498E-2,4.367717355E-2
1.044330547E2,5.539543927E-2,5.219954997E-2,2.769771963E-2
1.044380588E2,5.965662748E-2,6.498311460E-2,2.556712553E-2
1.044431315E2,3.835069016E-2,1.075949892E-1,3.089361079E-2
1.044483131E2,-7.457078435E-3,1.502068639E-1,4.580776766E-2
1.044533292E2,-2.982831374E-2,1.693822145E-1,5.965662748E-2
1.044582605E2,-1.597945392E-2,2.546059787E-1,7.137489319E-2
1.044634360E2,-1.491415687E-2,3.153278828E-1,6.711370498E-2
1.044685216E2,-2.237123623E-2,2.727160156E-1,5.219954997E-2
1.044736210E2,-1.491415687E-2,2.087981999E-1,4.474247247E-2
1.044787890E2,2.130593872E-3,9.907261282E-2,4.048128426E-2
1.044837242E2,3.622009605E-2,-4.367717355E-2,3.515479714E-2
1.044887825E2,7.776667923E-2,-1.587292403E-1,3.302420676E-2
1.044938828E2,9.694202244E-2,-2.311694324E-1,3.728539124E-2
1.044989225E2,9.694202244E-2,-2.226470560E-1,4.154657945E-2
1.045040897E2,6.604841352E-2,-1.171826646E-1,4.900366068E-2
1.045090501E2,1.065296936E-3,2.024064213E-2,5.965662748E-2
1.045141495E2,-7.137489319E-2,1.363580078E-1,7.030959427E-2
1.045191741E2,-1.278356314E-1,2.109287977E-1,7.563608140E-2
1.045242563E2,-1.608598381E-1,2.407571077E-1,7.670138031E-2
1.045290442E2,-1.736433953E-1,2.343653291E-1,7.883197069E-2
1.045344235E2,-1.715128124E-1,2.130593807E-1,7.457078248E-2
1.045394685E2,-1.523374617E-1,1.853616685E-1,5.965662748E-2
1.045445483E2,-1.267703325E-1,1.544680595E-1,5.219954997E-2
1.045497965E2,-1.012032107E-1,1.235744432E-1,4.580776766E-2
1.045547840E2,-7.989726961E-2,9.055023640E-2,3.622009605E-2
1.045597266E2,-6.498311460E-2,6.285251677E-2,3.622009605E-2
1.045649271E2,-5.539543927E-2,4.367717355E-2,3.408950195E-2
1.045698511E2,-5.219954997E-2,3.835069016E-2,2.876301669E-2
1.045750028E2,-5.219954997E-2,3.835069016E-2,2.556712553E-2
1.045800874E2,-6.178722158E-2,3.089361079E-2,1.811004803E-2
1.045851576E2,-7.563608140E-2,1.811004803E-2,6.391781382E-3
1.045901822E2,-7.989726961E-2,1.065296959E-2,-1.065296936E-3
1.045953166E2,-7.030959427E-2,-3.195890691E-3,-1.171826664E-2
1.046002652E2,-5.859133229E-2,-2.982831374E-2,-1.811004803E-2
1.046053965E2,-4.261187837E-2,-5.859133229E-2,-2.024064213E-2
1.046107120E2,-2.556712553E-2,-8.096256852E-2,-2.237123623E-2
1.046155665E2,-2.450183034E-2,-1.043990999E-1,-1.704475097E-2
1.046205965E2,-4.367717355E-2,-1.161173657E-1,-4.261187743E-3
1.046257803E2,-9.587672353E-2,-1.129214764E-1,1.171826664E-2
1.046307219E2,-1.704475135E-1,-6.924430281E-2,2.663242258E-2
1.046358843E2,-2.407571077E-1,1.917534508E-2,3.941598535E-2
1.046410281E2,-2.854995728E-1,1.075949892E-1,4.474247247E-2
1.046460252E2,-3.110667169E-1,1.683169156E-1,4.261187837E-2
1.046510587E2,-3.142625988E-1,1.960146427E-1,3.515479714E-2
1.046561218E2,-2.993484437E-1,1.928187460E-1,1.917534508E-2
1.046611729E2,-2.535406649E-1,1.661863178E-1,-2.130593872E-3
1.046663822E2,-1.981452256E-1,1.043990999E-1,-3.089361079E-2
1.046713399E2,-1.342274100E-1,2.556712553E-2,-5.326484516E-2
1.046764454E2,-7.776667923E-2,-7.457078248E-2,-6.924430281E-2
1.046814508E2,-4.048128426E-2,-1.725780964E-1,-8.096256852E-2
1.046865795E2,-1.384885982E-2,-2.407571077E-1,-9.374613315E-2
1.046917083E2,-3.728539124E-2,-3.174584806E-1,-9.161553532E-2
1.046967256E2,-8.415845782E-2,-3.504827023E-1,-7.137489319E-2
1.047017054E2,-8.841964602E-2,-2.663242221E-1,-3.408950195E-2
1.047068630E2,-8.202786744E-2,-1.619251370E-1,-1.704475097E-2
1.047119442E2,-9.481142461E-2,-9.800732136E-2,-1.278356276E-2
1.047169837E2,-1.043990999E-1,-4.793836176E-2,-5.326484796E-3
1.047219704E2,-1.118561774E-1,-2.343653329E-2,-5.326484796E-3
1.047272121E2,-1.225091442E-1,-2.769771963E-2,-2.024064213E-2
1.047321677E2,-1.320968270E-1,-5.433014408E-2,-3.622009605E-2
1.047373012E2,-1.384886056E-1,-8.522375673E-2,-5.752603337E-2
1.047424770E2,-1.427497864E-1,-1.342274100E-1,-6.604841352E-2
1.047475647E2,-1.363580078E-1,-1.874922663E-1,-7.350549102E-2
1.047526089E2,-1.267703325E-1,-2.226470560E-1,-8.202786744E-2
1.047575205E2,-1.214438528E-1,-2.258429527E-1,-9.694202244E-2
1.047626069E2,-1.235744432E-1,-2.141246796E-1,-1.033338010E-1
1.047677250E2,-1.363580078E-1,-1.949493438E-1,-9.907261282E-2
1.047727214E2,-1.512721628E-1,-1.704475135E-1,-1.012032107E-1
1.047778826E2,-1.587292403E-1,-1.597945392E-1,-9.907261282E-2
1.047828883E2,-1.608598381E-1,-1.683169156E-1,-1.033338010E-1
1.047879988E2,-1.629904360E-1,-1.811004728E-1,-1.107908785E-1
1.047930489E2,-1.725780964E-1,-1.779045910E-1,-1.225091442E-1
1.047981938E2,-1.885575503E-1,-1.779045910E-1,-1.203785539E-1
1.048031710E2,-2.034717202E-1,-1.949493438E-1,-1.075949892E-1
1.048082365E2,-2.056023031E-1,-2.098634988E-1,-1.203785539E-1
1.048134299E2,-2.045370042E-1,-2.173205763E-1,-1.480762810E-1
1.048185022E2,-2.162552774E-1,-2.237123549E-1,-1.512721628E-1
1.048233982E2,-2.311694324E-1,-2.364959270E-1,-1.310315281E-1
1.048285334E2,-2.290388346E-1,-2.556712627E-1,-1.171826646E-1
1.048335911E2,-2.109287977E-1,-2.812383771E-1,-1.225091442E-1
1.048387501E2,-1.906881481E-1,-2.844342887E-1,-1.374233067E-1
1.048438329E2,-1.800351888E-1,-2.876301706E-1,-1.193132550E-1
1.048488962E2,-1.811004728E-1,-3.100014031E-1,-8.202786744E-2
1.048538610E2,-1.800351888E-1,-3.153278828E-1,-7.776667923E-2
1.048589650E2,-1.789698899E-1,-3.004137278E-1,-9.055023640E-2
1.048640100E2,-1.811004728E-1,-2.737812996E-1,-8.841964602E-2
1.048691723E2,-1.768392920E-1,-2.940219641E-1,-5.965662748E-2
1.048743436E2,-1.811004728E-1,-2.961525619E-1,-7.137489319E-2
1.048793705E2,-1.821657717E-1,-2.439530045E-1,-8.202786744E-2
1.048843454E2,-1.725780964E-1,-1.800351888E-1,-7.883197069E-2
1.048895965E2,-1.608598381E-1,-1.363580078E-1,-8.735434711E-2
1.048950680E2,-1.619251370E-1,-1.225091442E-1,-9.161553532E-2
1.048997159E2,-1.629904360E-1,-1.331621110E-1,-8.415845782E-2
1.049047477E2,-1.512721628E-1,-1.395539045E-1,-6.711370498E-2
1.049097479E2,-1.331621110E-1,-1.246397421E-1,-3.302420676E-2
1.049147711E2,-1.193132550E-1,-9.481142461E-2,7.457078435E-3
1.049197949E2,-1.012032107E-1,-6.072192639E-2,3.195890784E-2
1.049250187E2,-7.989726961E-2,-5.113425106E-2,2.024064213E-2
1.049301260E2,-7.563608140E-2,-7.244019210E-2,1.065296936E-3
1.049350113E2,-8.522375673E-2,-1.012032107E-1,1.278356276E-2
1.049401127E2,-8.522375673E-2,-1.065296903E-1,1.597945392E-2
1.049451667E2,-8.628904819E-2,-1.054643989E-1,-1.065296959E-2
1.049502727E2,-9.055023640E-2,-1.139867753E-1,-3.408950195E-2
1.049553426E2,-1.107908785E-1,-1.310315281E-1,-4.154657945E-2
1.049604386E2,-1.523374617E-1,-1.406191885E-1,-5.965662748E-2
1.049654072E2,-1.981452256E-1,-1.278356314E-1,-7.457078248E-2
1.049705286E2,-2.354306281E-1,-1.033338010E-1,-7.989726961E-2
1.049755844E2,-2.556712627E-1,-7.989726961E-2,-6.604841352E-2
1.049808574E2,-2.556712627E-1,-5.539543927E-2,-2.556712553E-2
1.049857478E2,-2.333000302E-1,-1.597945392E-2,9.587672539E-3
1.049907887E2,-1.928187460E-1,3.515479714E-2,2.982831374E-2
1.049958655E2,-1.512721628E-1,6.924430281E-2,5.219954997E-2
1.050010711E2,-1.161173657E-1,8.735434711E-2,7.244019210E-2
1.050061448E2,-9.374613315E-2,9.268083423E-2,8.628904819E-2
1.050113055E2,-7.563608140E-2,8.415845782E-2,9.268083423E-2
1.050159143E2,-5.752603337E-2,6.924430281E-2,9.161553532E-2
1.050212671E2,-4.261187837E-2,4.687306657E-2,8.948494494E-2
1.050263893E2,-2.769771963E-2,2.024064213E-2,8.628904819E-2
1.050314275E2,-1.384885982E-2,-4.261187743E-3,8.628904819E-2
1.050365652E2,3.195890691E-3,-2.769771963E-2,8.628904819E-2
1.050414968E2,2.663242258E-2,-7.670138031E-2,9.268083423E-2
1.050466946E2,4.154657945E-2,-1.054643989E-1,7.670138031E-2
1.050518224E2,5.113425106E-2,-1.182479635E-1,6.285251677E-2
1.050568664E2,5.752603337E-2,-1.235744432E-1,6.178722158E-2
1.050618139E2,6.072192639E-2,-1.267703325E-1,6.498311460E-2
1.050670023E2,6.604841352E-2,-1.225091442E-1,6.285251677E-2
1.050720409E2,7.457078248E-2,-1.129214764E-1,6.498311460E-2
1.050770436E2,8.522375673E-2,-1.043990999E-1,6.711370498E-2
1.050821122E2,9.481142461E-2,-9.481142461E-2,6.817900389E-2
1.050871430E2,1.075949892E-1,-8.628904819E-2,6.711370498E-2
1.050922894E2,1.203785539E-1,-7.776667923E-2,6.604841352E-2
1.050974773E2,1.289009303E-1,-7.030959427E-2,6.391781569E-2
1.051020880E2,1.395539045E-1,-6.391781569E-2,6.498311460E-2
1.051075692E2,1.480762810E-1,-5.433014408E-2,6.498311460E-2
1.051125800E2,1.597945392E-1,-4.367717355E-2,6.604841352E-2
1.051177069E2,1.715128124E-1,-3.835069016E-2,6.711370498E-2
1.051231481E2,1.800351888E-1,-3.408950195E-2,7.137489319E-2
1.051288603E2,1.896228492E-1,-3.195890784E-2,7.350549102E-2
1.051329272E2,2.024064213E-1,-2.556712553E-2,7.457078248E-2
1.051384379E2,2.077329010E-1,-1.917534508E-2,7.563608140E-2
1.051430473E2,2.130593807E-1,-1.065296959E-2,7.030959427E-2
1.051482311E2,2.109287977E-1,3.195890691E-3,5.859133229E-2
1.051532067E2,2.024064213E-1,2.663242258E-2,4.900366068E-2
1.051582251E2,1.906881481E-1,4.580776766E-2,4.154657945E-2
1.051633645E2,1.779045910E-1,5.965662748E-2,3.089361079E-2
1.051684152E2,1.736433953E-1,5.859133229E-2,1.704475097E-2
1.051733122E2,1.768392920E-1,5.006895587E-2,6.391781382E-3
1.051785646E2,1.885575503E-1,3.408950195E-2,-4.261187743E-3
1.051835630E2,2.056023031E-1,1.065296959E-2,-1.171826664E-2
1.051886124E2,2.269082516E-1,-1.384885982E-2,-1.917534508E-2
1.051936551E2,2.396918088E-1,-2.876301669E-2,-2.237123623E-2
1.051988163E2,2.492794842E-1,-3.302420676E-2,-2.343653329E-2
1.052039104E2,2.535406649E-1,-2.556712553E-2,-2.130593918E-2
1.052090638E2,2.524753809E-1,-1.384885982E-2,-1.704475097E-2
1.052140662E2,2.492794842E-1,-1.065296936E-3,-1.171826664E-2
1.052189800E2,2.471488863E-1,1.171826664E-2,-6.391781382E-3
1.052239965E2,2.450182885E-1,1.704475097E-2,2.130593872E-3
1.052291545E2,2.450182885E-1,2.237123623E-2,4.261187743E-3
1.052342808E2,2.439530045E-1,2.556712553E-2,8.522375487E-3
1.052393043E2,2.428877056E-1,2.556712553E-2,1.171826664E-2
1.052444282E2,2.428877056E-1,2.343653329E-2,1.491415687E-2
1.052494505E2,2.439530045E-1,2.024064213E-2,1.491415687E-2
1.052546028E2,2.396918088E-1,1.491415687E-2,1.597945392E-2
1.052596129E2,2.343653291E-1,6.391781382E-3,1.491415687E-2
1.052646146E2,2.290388346E-1,0.000000000E0,1.278356276E-2
1.052698962E2,2.205164731E-1,-5.326484796E-3,8.522375487E-3
1.052747382E2,2.098634988E-1,-1.384885982E-2,5.326484796E-3
1.052799492E2,1.981452256E-1,-1.811004803E-2,2.130593872E-3
1.052849728E2,1.864269674E-1,-3.941598535E-2,2.130593872E-3
1.052905363E2,1.811004728E-1,-6.391781569E-2,1.597945392E-2
1.052951717E2,1.800351888E-1,-4.048128426E-2,1.384885982E-2
1.053002052E2,1.672516167E-1,-2.876301669E-2,0.000000000E0
1.053051894E2,1.406191885E-1,-2.024064213E-2,-9.587672539E-3
1.053102748E2,1.150520667E-1,-8.522375487E-3,-1.171826664E-2
1.053153192E2,9.907261282E-2,-4.261187743E-3,-1.278356276E-2
1.053204429E2,9.374613315E-2,-9.587672539E-3,-1.384885982E-2
1.053255410E2,9.268083423E-2,-6.391781382E-3,-1.065296959E-2
1.053305781E2,9.481142461E-2,-6.391781382E-3,-1.278356276E-2
1.053356948E2,9.481142461E-2,-1.171826664E-2,-1.171826664E-2
1.053408791E2,9.268083423E-2,-7.457078435E-3,-5.326484796E-3
1.053457212E2,9.055023640E-2,-1.065296936E-3,-2.130593872E-3
1.053511245E2,8.415845782E-2,-1.065296936E-3,-1.065296936E-3
1.053558842E2,7.776667923E-2,1.065296936E-3,-3.195890691E-3
1.053610178E2,7.137489319E-2,3.195890691E-3,-9.587672539E-3
1.053661954E2,6.711370498E-2,8.522375487E-3,-1.065296959E-2
1.053713148E2,5.965662748E-2,4.261187743E-3,-1.597945392E-2
1.053762436E2,5.539543927E-2,-9.587672539E-3,-2.130593918E-2
1.053813404E2,5.646073818E-2,-2.556712553E-2,-2.237123623E-2
1.053862808E2,5.965662748E-2,-3.515479714E-2,-2.024064213E-2
1.053916096E2,5.646073818E-2,-3.622009605E-2,-1.917534508E-2
1.053965276E2,5.326484516E-2,-3.408950195E-2,-1.917534508E-2
1.054016221E2,4.580776766E-2,-3.408950195E-2,-2.450183034E-2
1.054066890E2,3.622009605E-2,-3.835069016E-2,-2.769771963E-2
1.054117349E2,2.982831374E-2,-4.580776766E-2,-2.982831374E-2
1.054165933E2,2.982831374E-2,-5.752603337E-2,-2.982831374E-2
1.054218830E2,3.302420676E-2,-6.711370498E-2,-3.089361079E-2
1.054269865E2,3.622009605E-2,-7.563608140E-2,-3.515479714E-2
1.054321427E2,3.728539124E-2,-8.096256852E-2,-3.728539124E-2
1.054369913E2,3.408950195E-2,-8.415845782E-2,-3.941598535E-2
1.054421243E2,2.876301669E-2,-9.055023640E-2,-3.941598535E-2
1.054472025E2,2.237123623E-2,-9.161553532E-2,-3.835069016E-2
1.054524035E2,1.491415687E-2,-9.268083423E-2,-3.622009605E-2
1.054573931E2,9.587672539E-3,-9.374613315E-2,-3.195890784E-2
1.054624618E2,3.195890691E-3,-9.481142461E-2,-2.982831374E-2
1.054674690E2,-9.587672539E-3,-9.694202244E-2,-2.663242258E-2
1.054726010E2,-1.491415687E-2,-9.907261282E-2,-2.556712553E-2
1.054777577E2,-1.917534508E-2,-1.043990999E-1,-2.343653329E-2
1.054827873E2,-2.343653329E-2,-1.139867753E-1,-2.450183034E-2
1.054877287E2,-2.556712553E-2,-1.214438528E-1,-2.663242258E-2
1.054928283E2,-2.982831374E-2,-1.257050335E-1,-2.876301669E-2
1.054979166E2,-3.408950195E-2,-1.257050335E-1,-2.663242258E-2
1.055030108E2,-3.728539124E-2,-1.235744432E-1,-2.450183034E-2
1.055081312E2,-4.154657945E-2,-1.171826646E-1,-2.450183034E-2
1.055134272E2,-4.048128426E-2,-1.129214764E-1,-2.343653329E-2
1.055182047E2,-4.048128426E-2,-1.107908785E-1,-2.237123623E-2
1.055234253E2,-4.474247247E-2,-1.043990999E-1,-2.024064213E-2
1.055283105E2,-4.474247247E-2,-9.907261282E-2,-2.343653329E-2
1.055335278E2,-4.687306657E-2,-9.694202244E-2,-2.663242258E-2
1.055385079E2,-4.793836176E-2,-9.694202244E-2,-2.982831374E-2
1.055436224E2,-4.900366068E-2,-1.022685021E-1,-3.622009605E-2
1.055486403E2,-4.793836176E-2,-1.065296903E-1,-3.728539124E-2
1.055537840E2,-4.793836176E-2,-1.129214764E-1,-4.367717355E-2
1.055587900E2,-4.900366068E-2,-1.171826646E-1,-5.113425106E-2
1.055639424E2,-5.113425106E-2,-1.257050335E-1,-5.859133229E-2
1.055689175E2,-5.006895587E-2,-1.267703325E-1,-5.965662748E-2
1.055741787E2,-4.793836176E-2,-1.214438528E-1,-6.391781569E-2
1.055790672E2,-4.474247247E-2,-1.129214764E-1,-7.776667923E-2
1.055844155E2,-4.793836176E-2,-1.086602882E-1,-8.628904819E-2
1.055892367E2,-4.474247247E-2,-9.587672353E-2,-9.268083423E-2
1.055943601E2,-3.622009605E-2,-1.203785539E-1,-1.086602882E-1
1.055994491E2,-1.278356276E-2,-1.608598381E-1,-1.225091442E-1
1.056046301E2,2.130593872E-3,-1.736433953E-1,-1.129214764E-1
1.056097095E2,4.261187743E-3,-1.725780964E-1,-1.161173657E-1
1.056148166E2,-4.261187743E-3,-1.789698899E-1,-1.342274100E-1
1.056196563E2,-2.130593918E-2,-1.917534471E-1,-1.448803842E-1
1.056247893E2,-3.728539124E-2,-1.842963696E-1,-1.587292403E-1
1.056301983E2,-6.924430281E-2,-1.406191885E-1,-2.130593807E-1
1.056348980E2,-1.118561774E-1,-1.257050335E-1,-2.396918088E-1
1.056399200E2,-1.502068639E-1,-1.331621110E-1,-2.247776538E-1
1.056450902E2,-1.757739931E-1,-1.342274100E-1,-1.906881481E-1
1.056500670E2,-1.885575503E-1,-1.267703325E-1,-1.352927089E-1
1.056551504E2,-1.917534471E-1,-1.075949892E-1,-8.096256852E-2
1.056602358E2,-1.928187460E-1,-9.268083423E-2,-2.876301669E-2
1.056653256E2,-1.938840449E-1,-7.989726961E-2,1.811004803E-2
1.056704618E2,-1.970799267E-1,-6.711370498E-2,5.006895587E-2
1.056754477E2,-1.992105246E-1,-6.178722158E-2,5.859133229E-2
1.056805891E2,-2.045370042E-1,-7.350549102E-2,5.965662748E-2
1.056856258E2,-2.109287977E-1,-8.735434711E-2,3.941598535E-2
1.056905995E2,-2.077329010E-1,-1.054643989E-1,1.811004803E-2
1.056957630E2,-1.960146427E-1,-1.182479635E-1,3.195890691E-3
1.057008950E2,-1.821657717E-1,-1.267703325E-1,1.065296936E-3
1.057059094E2,-1.640557349E-1,-1.278356314E-1,6.391781382E-3
1.057109591E2,-1.502068639E-1,-1.299662292E-1,9.587672539E-3
1.057160727E2,-1.384886056E-1,-1.363580078E-1,1.065296959E-2
1.057211626E2,-1.246397421E-1,-1.427497864E-1,1.384885982E-2
1.057262483E2,-1.118561774E-1,-1.438150853E-1,4.261187743E-3
1.057311799E2,-1.043990999E-1,-1.438150853E-1,-9.587672539E-3
1.057364362E2,-9.800732136E-2,-1.459456831E-1,-1.491415687E-2
1.057414096E2,-9.694202244E-2,-1.470109820E-1,-1.597945392E-2
1.057464825E2,-9.907261282E-2,-1.534027606E-1,-1.065296959E-2
1.057514634E2,-1.001379117E-1,-1.459456831E-1,2.130593872E-3
1.057565900E2,-1.033338010E-1,-1.289009303E-1,1.384885982E-2
1.057616532E2,-1.139867753E-1,-1.022685021E-1,2.024064213E-2
1.057667806E2,-1.267703325E-1,-6.604841352E-2,2.556712553E-2
1.057718059E2,-1.427497864E-1,-3.195890784E-2,2.130593918E-2
1.057768739E2,-1.597945392E-1,-1.065296936E-3,1.171826664E-2
1.057820065E2,-1.704475135E-1,2.237123623E-2,9.587672539E-3
1.057870588E2,-1.811004728E-1,3.089361079E-2,1.384885982E-2
1.057921864E2,-1.811004728E-1,5.859133229E-2,-9.587672539E-3
1.057971733E2,-1.832310706E-1,6.817900389E-2,-3.728539124E-2
1.058021901E2,-1.938840449E-1,5.006895587E-2,-3.941598535E-2
1.058073001E2,-2.087981999E-1,2.130593918E-2,-3.941598535E-2
1.058122748E2,-2.301041335E-1,-1.171826664E-2,-3.835069016E-2
1.058175511E2,-2.460835874E-1,-2.769771963E-2,-3.515479714E-2
1.058224562E2,-2.652589381E-1,-1.917534508E-2,-3.728539124E-2
1.058276225E2,-2.854995728E-1,2.130593872E-3,-4.048128426E-2
1.058326384E2,-3.121320009E-1,2.556712553E-2,-2.982831374E-2
1.058376752E2,-3.376991153E-1,5.433014408E-2,-1.597945392E-2
1.058427312E2,-3.717886209E-1,9.374613315E-2,9.587672539E-3
1.058478476E2,-4.016169310E-1,1.374233067E-1,3.835069016E-2
1.058528559E2,-4.261187613E-1,1.725780964E-1,7.776667923E-2
1.058580301E2,-4.463594258E-1,2.194511741E-1,1.118561774E-1
1.058630557E2,-4.644694626E-1,2.673895359E-1,1.331621110E-1
1.058682979E2,-4.740571380E-1,3.025443256E-1,1.427497864E-1
1.058732650E2,-4.687306583E-1,3.313073516E-1,1.448803842E-1
1.058783014E2,-4.548817873E-1,3.579397798E-1,1.406191885E-1
1.058833221E2,-4.293146729E-1,3.973557651E-1,1.363580078E-1
1.058885046E2,-3.920292854E-1,4.410329461E-1,1.342274100E-1
1.058934199E2,-3.504827023E-1,4.729918540E-1,1.289009303E-1
1.058986754E2,-3.110667169E-1,4.996242523E-1,1.193132550E-1
1.059035803E2,-2.727160156E-1,5.241261125E-1,1.033338010E-1
1.059086720E2,-2.247776538E-1,5.646073818E-1,7.989726961E-2
1.059137128E2,-1.693822145E-1,6.125457287E-1,4.261187837E-2
1.059188420E2,-1.235744432E-1,6.402434707E-1,4.261187743E-3
1.059239666E2,-8.522375673E-2,6.466352344E-1,-2.769771963E-2
1.059290987E2,-4.900366068E-2,6.413087845E-1,-4.900366068E-2
1.059340003E2,-1.384885982E-2,6.359822750E-1,-6.285251677E-2
1.059391053E2,2.024064213E-2,6.455699205E-1,-7.457078248E-2
1.059441283E2,4.793836176E-2,6.551576257E-1,-7.883197069E-2
1.059492885E2,6.924430281E-2,6.551576257E-1,-6.711370498E-2
1.059543470E2,8.096256852E-2,6.402434707E-1,-4.687306657E-2
1.059595394E2,9.374613315E-2,6.082845330E-1,-2.024064213E-2
1.059644498E2,1.022685021E-1,5.592808723E-1,1.065296959E-2
1.059696082E2,1.161173657E-1,5.081466436E-1,3.515479714E-2
1.059745680E2,1.267703325E-1,4.612735808E-1,5.539543927E-2
1.059797255E2,1.352927089E-1,4.261187613E-1,7.030959427E-2
1.059848131E2,1.480762810E-1,4.048128426E-1,7.563608140E-2
1.059899309E2,1.576639414E-1,3.909639716E-1,7.350549102E-2
1.059948498E2,1.619251370E-1,3.771151006E-1,5.965662748E-2
1.060000365E2,1.651210189E-1,3.611356616E-1,3.835069016E-2
1.060050701E2,1.747086942E-1,3.451561928E-1,1.811004803E-2
1.060102676E2,1.853616685E-1,3.334379494E-1,2.130593872E-3
1.060152099E2,2.013411224E-1,3.366338313E-1,-1.597945392E-2
1.060203668E2,2.237123549E-1,3.558091819E-1,-2.450183034E-2
1.060253974E2,2.450182885E-1,3.728539348E-1,-3.835069016E-2
1.060301036E2,2.801730931E-1,3.760498166E-1,-5.539543927E-2
1.060354669E2,3.174584806E-1,3.653968573E-1,-6.711370498E-2
1.060406335E2,3.526133001E-1,3.313073516E-1,-7.244019210E-2
1.060457516E2,3.867027760E-1,2.524753809E-1,-6.178722158E-2
1.060508416E2,4.101393223E-1,1.363580078E-1,-5.006895587E-2
1.060560224E2,4.314452708E-1,6.391781382E-3,-3.622009605E-2
1.060610075E2,4.559471011E-1,-1.246397421E-1,-2.024064213E-2
1.060659784E2,4.761877358E-1,-2.482141852E-1,-7.457078435E-3
1.060712291E2,4.825794995E-1,-3.643315434E-1,7.457078435E-3
1.060760489E2,4.783183336E-1,-4.666000605E-1,2.343653329E-2
1.060813098E2,4.602082670E-1,-5.464973450E-1,4.261187837E-2
1.060862109E2,4.367717505E-1,-5.965662599E-1,5.752603337E-2
1.060914798E2,4.133352041E-1,-6.200028062E-1,6.817900389E-2
1.060963138E2,4.048128426E-1,-6.082845330E-1,7.776667923E-2
1.061014342E2,3.973557651E-1,-5.614115000E-1,8.202786744E-2
1.061065133E2,3.781804144E-1,-4.911018908E-1,7.244019210E-2
1.061115916E2,3.494173884E-1,-4.602082670E-1,8.096256852E-2
1.061166289E2,3.110667169E-1,-4.506205916E-1,1.043990999E-1
1.061218909E2,2.652589381E-1,-4.229228795E-1,1.193132550E-1
1.061267503E2,2.162552774E-1,-3.600703776E-1,1.214438528E-1
1.061315772E2,1.651210189E-1,-2.812383771E-1,1.193132550E-1
1.061366760E2,1.225091442E-1,-1.885575503E-1,1.139867753E-1
1.061420209E2,9.587672353E-2,-9.694202244E-2,1.086602882E-1
1.061473256E2,8.522375673E-2,-2.663242258E-2,1.043990999E-1
1.061521745E2,9.161553532E-2,-1.065296936E-3,1.012032107E-1
1.061573228E2,1.054643989E-1,-1.597945392E-2,1.001379117E-1
1.061624769E2,1.182479635E-1,-5.113425106E-2,9.907261282E-2
1.061677265E2,1.289009303E-1,-9.800732136E-2,1.022685021E-1
1.061725626E2,1.384886056E-1,-1.352927089E-1,1.054643989E-1
1.061775808E2,1.427497864E-1,-1.512721628E-1,1.065296903E-1
1.061827268E2,1.438150853E-1,-1.523374617E-1,1.065296903E-1
1.061876314E2,1.448803842E-1,-1.427497864E-1,1.075949892E-1
1.061927459E2,1.395539045E-1,-1.171826646E-1,1.161173657E-1
1.061979361E2,1.257050335E-1,-8.309315890E-2,1.246397421E-1
1.062029441E2,1.054643989E-1,-5.219954997E-2,1.278356314E-1
1.062079332E2,9.055023640E-2,-2.769771963E-2,1.278356314E-1
1.062130313E2,7.457078248E-2,-4.261187743E-3,1.235744432E-1
1.062180340E2,5.752603337E-2,1.384885982E-2,1.235744432E-1
1.062232579E2,3.835069016E-2,3.622009605E-2,1.193132550E-1
1.062281709E2,2.024064213E-2,5.433014408E-2,1.129214764E-1
1.062334597E2,1.065296936E-3,6.391781569E-2,1.043990999E-1
1.062383728E2,-2.556712553E-2,6.711370498E-2,1.033338010E-1
1.062434753E2,-5.539543927E-2,7.030959427E-2,1.022685021E-1
1.062484898E2,-8.522375673E-2,6.924430281E-2,1.012032107E-1
1.062535941E2,-1.033338010E-1,6.817900389E-2,1.001379117E-1
1.062586091E2,-1.225091442E-1,5.965662748E-2,9.694202244E-2
1.062639604E2,-1.470109820E-1,4.687306657E-2,9.268083423E-2
1.062688056E2,-1.651210189E-1,3.515479714E-2,8.415845782E-2
1.062740936E2,-1.661863178E-1,3.941598535E-2,7.457078248E-2
1.062788915E2,-1.693822145E-1,3.941598535E-2,6.924430281E-2
1.062840279E2,-1.597945392E-1,5.113425106E-2,6.817900389E-2
1.062890178E2,-1.395539045E-1,7.457078248E-2,7.030959427E-2
1.062944058E2,-1.161173657E-1,9.694202244E-2,7.244019210E-2
1.062992606E2,-8.735434711E-2,1.065296903E-1,7.350549102E-2
1.063043498E2,-4.580776766E-2,1.075949892E-1,7.350549102E-2
1.063095305E2,-4.261187743E-3,9.481142461E-2,7.563608140E-2
1.063148687E2,3.195890784E-2,6.604841352E-2,7.457078248E-2
1.063196538E2,6.924430281E-2,2.876301669E-2,7.244019210E-2
1.063245572E2,1.001379117E-1,-2.130593872E-3,6.391781569E-2
1.063296239E2,1.203785539E-1,-2.556712553E-2,5.433014408E-2
1.063349036E2,1.246397421E-1,-3.515479714E-2,4.154657945E-2
1.063399136E2,1.289009303E-1,-3.941598535E-2,2.876301669E-2
1.063449090E2,1.299662292E-1,-4.687306657E-2,1.917534508E-2
1.063499613E2,1.246397421E-1,-5.113425106E-2,1.065296959E-2
1.063550183E2,1.193132550E-1,-4.367717355E-2,2.130593872E-3
1.063600198E2,1.139867753E-1,-2.450183034E-2,-5.326484796E-3
1.063653005E2,1.033338010E-1,-1.171826664E-2,-1.811004803E-2
1.063702068E2,9.694202244E-2,5.326484796E-3,-3.622009605E-2
1.063752885E2,8.309315890E-2,1.917534508E-2,-4.900366068E-2
1.063804281E2,5.326484516E-2,3.515479714E-2,-5.433014408E-2
1.063854526E2,1.597945392E-2,5.219954997E-2,-5.752603337E-2
1.063904861E2,-2.237123623E-2,7.776667923E-2,-5.752603337E-2
1.063955813E2,-5.752603337E-2,1.107908785E-1,-5.539543927E-2
1.064006299E2,-9.587672353E-2,1.289009303E-1,-5.539543927E-2
1.064059311E2,-1.203785539E-1,1.459456831E-1,-5.965662748E-2
1.064108729E2,-1.331621110E-1,1.640557349E-1,-6.711370498E-2
1.064158868E2,-1.480762810E-1,1.715128124E-1,-7.350549102E-2
1.064208716E2,-1.661863178E-1,1.757739931E-1,-7.457078248E-2
1.064261724E2,-1.864269674E-1,1.789698899E-1,-7.350549102E-2
1.064310912E2,-1.928187460E-1,1.970799267E-1,-7.137489319E-2
1.064364345E2,-1.970799267E-1,2.098634988E-1,-7.670138031E-2
1.064411985E2,-2.162552774E-1,1.842963696E-1,-8.628904819E-2
1.064462612E2,-2.439530045E-1,1.395539045E-1,-8.735434711E-2
1.064513915E2,-2.588671446E-1,1.129214764E-1,-8.628904819E-2
1.064564823E2,-2.609977424E-1,9.907261282E-2,-9.481142461E-2
1.064614721E2,-2.673895359E-1,8.735434711E-2,-9.907261282E-2
1.064666362E2,-2.705854177E-1,1.075949892E-1,-1.118561774E-1
1.064716120E2,-2.918913662E-1,1.299662292E-1,-1.416844875E-1
1.064768403E2,-3.376991153E-1,1.416844875E-1,-1.544680595E-1
1.064817276E2,-3.888333738E-1,1.448803842E-1,-1.491415650E-1
1.064868551E2,-4.314452708E-1,1.534027606E-1,-1.384886056E-1
1.064921184E2,-4.602082670E-1,1.608598381E-1,-1.246397421E-1
1.064972058E2,-4.889712930E-1,1.480762810E-1,-1.139867753E-1
1.065021505E2,-5.081466436E-1,1.246397421E-1,-1.065296903E-1
1.065072014E2,-5.241261125E-1,9.694202244E-2,-1.033338010E-1
1.065122383E2,-5.379749537E-1,6.817900389E-2,-1.033338010E-1
1.065173067E2,-5.496932268E-1,3.515479714E-2,-1.022685021E-1
1.065222815E2,-5.528891087E-1,-2.130593872E-3,-9.907261282E-2
1.065275179E2,-5.454320312E-1,-4.261187837E-2,-9.587672353E-2
1.065321679E2,-5.315831900E-1,-7.670138031E-2,-1.012032107E-1
1.065372424E2,-5.070813298E-1,-9.907261282E-2,-1.086602882E-1
1.065425912E2,-4.793836176E-1,-1.086602882E-1,-1.150520667E-1
1.065478365E2,-4.484900236E-1,-1.054643989E-1,-1.171826646E-1
1.065528101E2,-4.144005179E-1,-7.350549102E-2,-1.161173657E-1
1.065578953E2,-3.898986876E-1,-2.982831374E-2,-1.139867753E-1
1.065628808E2,-3.728539348E-1,8.522375487E-3,-1.171826646E-1
1.065680260E2,-3.611356616E-1,3.408950195E-2,-1.235744432E-1
1.065732124E2,-3.504827023E-1,5.646073818E-2,-1.299662292E-1
1.065781463E2,-3.355685472E-1,7.776667923E-2,-1.299662292E-1
1.065831916E2,-3.195890784E-1,8.841964602E-2,-1.278356314E-1
1.065883721E2,-3.004137278E-1,8.202786744E-2,-1.203785539E-1
1.065933372E2,-2.759118974E-1,7.244019210E-2,-1.161173657E-1
1.065987768E2,-2.492794842E-1,6.178722158E-2,-1.118561774E-1
1.066035160E2,-2.151899785E-1,6.285251677E-2,-9.800732136E-2
1.066086680E2,-1.864269674E-1,7.244019210E-2,-8.735434711E-2
1.066135904E2,-1.576639414E-1,7.989726961E-2,-7.457078248E-2
1.066187413E2,-1.342274100E-1,7.883197069E-2,-6.498311460E-2
1.066237419E2,-1.214438528E-1,6.498311460E-2,-5.433014408E-2
1.066289354E2,-1.267703325E-1,3.302420676E-2,-5.006895587E-2
1.066339288E2,-1.384886056E-1,-2.130593872E-3,-4.687306657E-2
1.066390405E2,-1.406191885E-1,-2.556712553E-2,-4.793836176E-2
1.066440557E2,-1.320968270E-1,-3.089361079E-2,-4.474247247E-2
1.066491768E2,-1.161173657E-1,-3.408950195E-2,-4.474247247E-2
1.066541460E2,-9.907261282E-2,-4.048128426E-2,-4.687306657E-2
1.066594916E2,-6.711370498E-2,-4.367717355E-2,-5.326484516E-2
1.066643808E2,-2.982831374E-2,-5.113425106E-2,-6.178722158E-2
1.066696010E2,-1.065296936E-3,-6.285251677E-2,-6.711370498E-2
1.066746559E2,2.237123623E-2,-6.498311460E-2,-6.711370498E-2
1.066795644E2,5.006895587E-2,-4.900366068E-2,-6.924430281E-2
1.066846984E2,7.350549102E-2,-1.171826664E-2,-6.178722158E-2
1.066897613E2,8.948494494E-2,4.261187837E-2,-5.433014408E-2
1.066947972E2,1.107908785E-1,1.012032107E-1,-5.326484516E-2
1.066998331E2,1.352927089E-1,1.395539045E-1,-5.433014408E-2
1.067047683E2,1.480762810E-1,1.480762810E-1,-4.793836176E-2
1.067098898E2,1.534027606E-1,1.395539045E-1,-3.515479714E-2
1.067150096E2,1.544680595E-1,1.203785539E-1,-1.917534508E-2
1.067201066E2,1.459456831E-1,1.065296903E-1,-5.326484796E-3
1.067252167E2,1.289009303E-1,1.129214764E-1,0.000000000E0
1.067304643E2,1.022685021E-1,1.406191885E-1,-4.261187743E-3
1.067354631E2,6.924430281E-2,1.789698899E-1,-7.457078435E-3
1.067404991E2,3.941598535E-2,2.183858752E-1,-5.326484796E-3
1.067455797E2,2.663242258E-2,2.492794842E-1,1.065296936E-3
1.067504920E2,3.835069016E-2,2.705854177E-1,-1.065296959E-2
1.067555482E2,6.604841352E-2,3.259808719E-1,-4.261187837E-2
1.067606462E2,1.320968270E-1,3.185237944E-1,-3.835069016E-2
1.067657165E2,2.258429527E-1,2.567365468E-1,-2.130593918E-2
1.067708335E2,3.174584806E-1,1.864269674E-1,-2.663242258E-2
1.067758406E2,3.930945694E-1,1.459456831E-1,-2.130593918E-2
1.067809925E2,4.378370345E-1,1.395539045E-1,-5.326484796E-3
1.067860079E2,4.591429830E-1,1.597945392E-1,5.326484796E-3
1.067910796E2,4.687306583E-1,1.981452256E-1,1.171826664E-2
1.067960961E2,4.911018908E-1,2.354306281E-1,2.663242258E-2
1.068012623E2,5.113425255E-1,2.588671446E-1,3.515479714E-2
1.068064266E2,5.102772117E-1,2.418224066E-1,3.941598535E-2
1.068113932E2,4.463594258E-1,1.448803842E-1,4.900366068E-2
1.068163997E2,4.069434404E-1,3.622009605E-2,6.711370498E-2
1.068213122E2,4.271840751E-1,-2.769771963E-2,9.800732136E-2
1.068265084E2,4.314452708E-1,-9.055023640E-2,1.043990999E-1
1.068316375E2,4.271840751E-1,-1.310315281E-1,9.907261282E-2
1.068367011E2,4.389023483E-1,-1.203785539E-1,9.161553532E-2
1.068417815E2,4.516859055E-1,-9.161553532E-2,7.137489319E-2
1.068467864E2,4.740571380E-1,-4.900366068E-2,4.580776766E-2
1.068519552E2,5.102772117E-1,1.065296959E-2,2.024064213E-2
1.068570096E2,5.379749537E-1,7.244019210E-2,-1.917534508E-2
1.068620380E2,5.571503043E-1,1.384886056E-1,-6.285251677E-2
1.068670711E2,5.646073818E-1,2.098634988E-1,-9.907261282E-2
1.068722377E2,5.464973450E-1,2.641936541E-1,-1.246397421E-1
1.068771953E2,5.028201342E-1,3.110667169E-1,-1.512721628E-1
1.068823510E2,4.516859055E-1,3.664621413E-1,-1.800351888E-1
1.068873943E2,4.154658020E-1,3.771151006E-1,-1.832310706E-1
1.068925076E2,3.962904513E-1,3.771151006E-1,-1.715128124E-1
1.068976852E2,4.005516469E-1,3.952251673E-1,-1.587292403E-1
1.069026906E2,4.261187613E-1,4.218575954E-1,-1.416844875E-1
1.069076608E2,4.740571380E-1,4.527511895E-1,-1.171826646E-1
1.069127604E2,5.230607986E-1,4.634041786E-1,-9.161553532E-2
1.069177890E2,5.560849905E-1,4.474247098E-1,-6.817900389E-2
1.069229408E2,5.784562230E-1,4.250534773E-1,-4.687306657E-2
1.069279180E2,5.678032637E-1,3.877680898E-1,-2.876301669E-2
1.069330605E2,5.422361493E-1,3.568744659E-1,-7.457078435E-3
1.069381450E2,5.251913667E-1,3.579397798E-1,-3.195890691E-3
1.069432355E2,4.985589683E-1,3.856374919E-1,-1.491415687E-2
1.069482574E2,4.420982301E-1,4.175963998E-1,-1.491415687E-2
1.069535557E2,3.707233369E-1,4.484900236E-1,-6.391781382E-3
1.069583672E2,3.057402074E-1,4.655347466E-1,2.130593872E-3
1.069634672E2,2.428877056E-1,4.431635141E-1,3.195890691E-3
1.069685071E2,1.917534471E-1,3.984210491E-1,7.457078435E-3
1.069736651E2,1.406191885E-1,3.153278828E-1,1.917534508E-2
1.069787200E2,9.587672353E-2,2.119940966E-1,4.048128426E-2
1.069835333E2,7.030959427E-2,1.438150853E-1,7.670138031E-2
1.069885124E2,4.048128426E-2,1.043990999E-1,1.022685021E-1
1.069936448E2,5.326484796E-3,1.118561774E-1,1.150520667E-1
1.069986774E2,-2.876301669E-2,1.619251370E-1,1.257050335E-1
1.070038243E2,-6.498311460E-2,2.492794842E-1,1.320968270E-1
1.070087980E2,-1.012032107E-1,3.408950269E-1,1.289009303E-1
1.070139774E2,-1.448803842E-1,3.749845326E-1,1.310315281E-1
1.070189570E2,-1.789698899E-1,3.877680898E-1,1.352927089E-1
1.070240715E2,-2.024064213E-1,3.898986876E-1,1.427497864E-1
1.070291609E2,-2.141246796E-1,3.696580231E-1,1.480762810E-1
1.070342868E2,-2.045370042E-1,3.174584806E-1,1.438150853E-1
1.070392326E2,-1.864269674E-1,1.896228492E-1,1.448803842E-1
1.070444148E2,-1.885575503E-1,-2.237123549E-1,1.502068639E-1
1.070493769E2,-2.183858752E-1,-1.169696093E0,1.715128124E-1
1.070544992E2,-2.258429527E-1,-1.734303355E0,2.205164731E-1
1.070595209E2,-2.578018606E-1,-1.657602072E0,2.418224066E-1
1.070646456E2,-3.547438681E-1,-1.689560890E0,2.301041335E-1
1.070696635E2,-4.602082670E-1,-1.779045939E0,2.087981999E-1
1.070747880E2,-5.379749537E-1,-1.753478765E0,2.002758235E-1
1.070798488E2,-5.837827325E-1,-1.568117142E0,2.098634988E-1
1.070849304E2,-5.997622013E-1,-1.296466351E0,2.247776538E-1
1.070899565E2,-5.997622013E-1,-1.077015162E0,2.567365468E-1
1.070950720E2,-5.827174187E-1,-9.321348071E-1,3.121320009E-1
1.071001002E2,-5.475625992E-1,-8.394539952E-1,3.749845326E-1
1.071052178E2,-4.921671748E-1,-7.904503345E-1,4.325105548E-1
1.071102301E2,-4.261187613E-1,-7.840585709E-1,4.836448133E-1
1.071153670E2,-3.653968573E-1,-7.915156484E-1,5.145384073E-1
1.071203713E2,-3.089361191E-1,-7.915156484E-1,5.092119575E-1
1.071254979E2,-2.716507316E-1,-8.042991757E-1,4.847100973E-1
1.071305294E2,-2.322347313E-1,-7.840585709E-1,4.506205916E-1
1.071356956E2,-2.045370042E-1,-7.329242826E-1,4.218575954E-1
1.071406602E2,-1.842963696E-1,-6.402434707E-1,3.952251673E-1
1.071457846E2,-1.768392920E-1,-5.443667173E-1,3.739192188E-1
1.071508171E2,-1.874922663E-1,-4.634041786E-1,3.685927391E-1
1.071559308E2,-1.960146427E-1,-3.909639716E-1,3.877680898E-1
1.071609431E2,-1.938840449E-1,-3.046749234E-1,4.207922816E-1
1.071660895E2,-1.789698899E-1,-2.322347313E-1,4.612735808E-1
1.071710935E2,-1.395539045E-1,-2.066676021E-1,5.092119575E-1
1.071762581E2,-8.202786744E-2,-1.864269674E-1,5.582156181E-1
1.071818458E2,-1.704475097E-2,-1.427497864E-1,5.976315737E-1
1.071866808E2,3.835069016E-2,-7.563608140E-2,6.231986880E-1
1.071919557E2,7.137489319E-2,2.130593872E-3,6.423740387E-1
1.071969302E2,8.415845782E-2,8.096256852E-2,6.530269980E-1
1.072019675E2,8.309315890E-2,1.725780964E-1,6.636800170E-1
1.072070907E2,6.817900389E-2,2.652589381E-1,6.785941720E-1
1.072120111E2,4.687306657E-2,3.440909088E-1,6.807247400E-1
1.072173118E2,1.491415687E-2,4.090740085E-1,6.871165037E-1
1.072221332E2,-1.384885982E-2,4.804489315E-1,6.999000907E-1
1.072274942E2,-5.539543927E-2,5.656726956E-1,7.041612864E-1
1.072323160E2,-1.448803842E-1,6.807247400E-1,6.988347769E-1
1.072375134E2,-2.567365468E-1,7.883197069E-1,6.743329763E-1
1.072425176E2,-3.622009456E-1,1.009901524E0,6.242640018E-1
1.072475746E2,-4.868406951E-1,1.320968151E0,5.848480463E-1
1.072525634E2,-6.263945699E-1,1.562790632E0,5.592808723E-1
1.072577839E2,-7.872544527E-1,1.688495636E0,5.422361493E-1
1.072627006E2,-9.811384678E-1,1.693822145E0,5.070813298E-1
1.072678994E2,-1.200589657E0,1.520178676E0,4.868406951E-1
1.072730168E2,-1.371037126E0,1.121757627E0,4.793836176E-1
1.072780622E2,-1.363580108E0,6.018927693E-1,4.655347466E-1
1.072830861E2,-1.135606527E0,7.883197069E-2,4.346411526E-1
1.072881277E2,-7.563608289E-1,-3.568744659E-1,4.431635141E-1
1.072932214E2,-3.622009456E-1,-6.295905113E-1,4.474247098E-1
1.072983278E2,-9.907261282E-2,-6.700717807E-1,3.781804144E-1
1.073034910E2,-3.089361079E-2,-6.061539650E-1,3.195890784E-1
1.073085820E2,-6.924430281E-2,-5.241261125E-1,2.695201337E-1
1.073134757E2,-1.193132550E-1,-4.335758388E-1,2.343653291E-1
1.073187484E2,-9.268083423E-2,-2.727160156E-1,2.013411224E-1
1.073237419E2,-5.539543927E-2,-1.523374617E-1,1.832310706E-1
1.073287905E2,-2.982831374E-2,-9.800732136E-2,1.832310706E-1
1.073337365E2,6.391781382E-3,-4.367717355E-2,1.853616685E-1
1.073389301E2,5.219954997E-2,-6.391781382E-3,1.811004728E-1
1.073438572E2,7.883197069E-2,-2.130593872E-3,1.864269674E-1
1.073491349E2,9.907261282E-2,1.278356276E-2,1.832310706E-1
1.073540258E2,9.161553532E-2,1.491415687E-2,1.736433953E-1
1.073592234E2,5.859133229E-2,-1.278356276E-2,1.693822145E-1
1.073641644E2,6.711370498E-2,9.587672539E-3,1.683169156E-1
1.073694968E2,9.161553532E-2,1.278356276E-2,1.736433953E-1
1.073743672E2,1.012032107E-1,3.195890691E-3,1.917534471E-1
1.073794719E2,1.118561774E-1,2.876301669E-2,2.077329010E-1
1.073845598E2,1.086602882E-1,4.474247247E-2,2.215817571E-1
1.073897201E2,8.735434711E-2,4.687306657E-2,2.258429527E-1
1.073946075E2,5.859133229E-2,6.178722158E-2,2.279735506E-1
1.073997457E2,3.302420676E-2,6.072192639E-2,2.247776538E-1
1.074047768E2,-5.326484796E-3,3.622009605E-2,2.215817571E-1
1.074098800E2,-4.900366068E-2,-5.326484796E-3,2.119940966E-1
1.074149417E2,-8.948494494E-2,-5.646073818E-2,2.002758235E-1
1.074200673E2,-1.214438528E-1,-8.841964602E-2,2.002758235E-1
1.074251607E2,-1.544680595E-1,-1.267703325E-1,2.045370042E-1
1.074302066E2,-1.800351888E-1,-1.768392920E-1,2.151899785E-1
1.074353433E2,-1.896228492E-1,-2.173205763E-1,2.258429527E-1
1.074404946E2,-1.832310706E-1,-2.482141852E-1,2.450182885E-1
1.074453115E2,-1.512721628E-1,-2.535406649E-1,2.535406649E-1
1.074504723E2,-1.033338010E-1,-2.322347313E-1,2.439530045E-1
1.074554669E2,-5.752603337E-2,-2.002758235E-1,2.418224066E-1
1.074606239E2,-1.811004803E-2,-1.512721628E-1,2.290388346E-1
1.074657852E2,2.769771963E-2,-1.001379117E-1,1.992105246E-1
1.074707662E2,8.735434711E-2,-7.030959427E-2,1.608598381E-1
1.074757203E2,1.438150853E-1,-6.178722158E-2,1.310315281E-1
1.074809216E2,2.034717202E-1,-7.563608140E-2,1.043990999E-1
1.074859156E2,2.535406649E-1,-1.086602882E-1,4.793836176E-2
1.074910331E2,2.791078091E-1,-1.576639414E-1,-9.587672539E-3
1.074960313E2,2.940219641E-1,-1.970799267E-1,-4.048128426E-2
1.075011341E2,3.110667169E-1,-2.098634988E-1,-6.711370498E-2
1.075058637E2,3.430256248E-1,-2.034717202E-1,-1.075949892E-1
1.075114749E2,3.835068941E-1,-1.853616685E-1,-1.683169156E-1
1.075164437E2,4.112046063E-1,-1.693822145E-1,-2.482141852E-1
1.075214626E2,4.101393223E-1,-1.981452256E-1,-3.494173884E-1
1.075266253E2,3.888333738E-1,-2.514100671E-1,-4.538165033E-1
1.075316937E2,3.568744659E-1,-3.142625988E-1,-5.401055217E-1
1.075366380E2,3.334379494E-1,-3.078708053E-1,-5.656726956E-1
1.075417270E2,3.153278828E-1,-2.588671446E-1,-5.816521049E-1
1.075466926E2,2.865648866E-1,-2.641936541E-1,-6.647452712E-1
1.075519953E2,2.492794842E-1,-3.334379494E-1,-7.947115302E-1
1.075569214E2,2.215817571E-1,-4.431635141E-1,-9.161553383E-1
1.075620012E2,2.269082516E-1,-5.592808723E-1,-1.018423915E0
1.075671042E2,2.183858752E-1,-7.254672050E-1,-1.134541273E0
1.075721177E2,2.258429527E-1,-8.650211096E-1,-1.253854513E0
1.075772825E2,2.322347313E-1,-9.363960028E-1,-1.342274189E0
1.075824550E2,2.109287977E-1,-9.406571984E-1,-1.439216137E0
1.075875732E2,1.981452256E-1,-8.937841058E-1,-1.540419340E0
1.075925875E2,2.205164731E-1,-8.628905416E-1,-1.596880078E0
1.075974402E2,2.343653291E-1,-9.523754716E-1,-1.651210308E0
1.076027357E2,2.524753809E-1,-9.939220548E-1,-1.739629865E0
1.076076167E2,2.418224066E-1,-1.031207442E0,-1.852551341E0
1.076127179E2,2.141246796E-1,-1.103647590E0,-1.971864581E0
1.076177283E2,2.301041335E-1,-1.131345391E0,-2.053892374E0
1.076228912E2,2.460835874E-1,-1.138802409E0,-2.098634958E0
1.076279093E2,2.524753809E-1,-1.163304210E0,-2.132724524E0
1.076331763E2,2.609977424E-1,-1.137737155E0,-2.145508051E0
1.076380112E2,2.801730931E-1,-1.104712963E0,-2.162552834E0
1.076433183E2,3.004137278E-1,-9.992485046E-1,-2.221144199E0
1.076482907E2,2.972178459E-1,-9.300042391E-1,-2.288257837E0
1.076532508E2,2.833689749E-1,-8.778046966E-1,-2.339392185E0
1.076584527E2,2.737812996E-1,-8.021686077E-1,-2.325543165E0
1.076634231E2,2.812383771E-1,-6.892471313E-1,-2.252037764E0
1.076684181E2,2.940219641E-1,-5.518237948E-1,-2.140181541E0
1.076737105E2,3.078708053E-1,-4.016169310E-1,-1.981452346E0
1.076787083E2,3.163931966E-1,-2.609977424E-1,-1.727911592E0
1.076838230E2,3.131972849E-1,-1.267703325E-1,-1.428563237E0
1.076888283E2,2.972178459E-1,2.982831374E-2,-1.134541273E0
1.076938470E2,2.801730931E-1,1.587292403E-1,-8.788699508E-1
1.076988927E2,2.844342887E-1,2.354306281E-1,-6.753982306E-1
1.077040067E2,3.131972849E-1,2.897607684E-1,-5.113425255E-1
1.077089812E2,3.568744659E-1,3.004137278E-1,-3.707233369E-1
1.077141795E2,3.302420378E-1,2.631283402E-1,-2.460835874E-1
1.077194077E2,2.812383771E-1,2.546059787E-1,-1.576639414E-1
1.077243766E2,2.450182885E-1,2.471488863E-1,-1.118561774E-1
1.077292842E2,2.141246796E-1,2.450182885E-1,-1.001379117E-1
1.077345808E2,1.789698899E-1,2.269082516E-1,-1.118561774E-1
1.077394262E2,1.310315281E-1,1.736433953E-1,-1.278356314E-1
1.077455891E2,9.481142461E-2,1.565986425E-1,-1.267703325E-1
1.077498559E2,7.670138031E-2,1.842963696E-1,-9.161553532E-2
1.077547033E2,6.711370498E-2,2.098634988E-1,-3.195890784E-2
1.077597042E2,6.391781569E-2,2.194511741E-1,-1.065296936E-3
1.077649713E2,5.859133229E-2,2.301041335E-1,-5.326484796E-3
1.077699055E2,4.367717355E-2,2.311694324E-1,-1.597945392E-2
1.077750407E2,4.261187743E-3,2.119940966E-1,-3.515479714E-2
1.077800032E2,-4.793836176E-2,1.757739931E-1,-5.646073818E-2
1.077851503E2,-9.268083423E-2,1.544680595E-1,-7.350549102E-2
1.077900999E2,-1.246397421E-1,1.470109820E-1,-7.883197069E-2
1.077953520E2,-1.480762810E-1,1.363580078E-1,-8.309315890E-2
1.078003119E2,-1.470109820E-1,1.427497864E-1,-8.096256852E-2
1.078056529E2,-1.320968270E-1,1.747086942E-1,-6.604841352E-2
1.078104286E2,-1.203785539E-1,2.066676021E-1,-5.539543927E-2
1.078157140E2,-1.033338010E-1,2.503447831E-1,-4.474247247E-2
1.078207017E2,-9.800732136E-2,2.652589381E-1,-2.556712553E-2
1.078257691E2,-1.065296903E-1,2.567365468E-1,-1.065296959E-2
1.078307821E2,-1.139867753E-1,2.695201337E-1,8.522375487E-3
1.078358347E2,-1.406191885E-1,2.609977424E-1,1.704475097E-2
1.078409405E2,-1.661863178E-1,2.769772112E-1,2.130593918E-2
1.078460275E2,-1.960146427E-1,3.131972849E-1,2.130593918E-2
1.078511484E2,-2.290388346E-1,3.590050638E-1,2.130593918E-2
1.078561027E2,-2.546059787E-1,4.207922816E-1,2.450183034E-2
1.078611532E2,-2.929566503E-1,4.495553076E-1,1.171826664E-2
1.078665027E2,-3.270461559E-1,4.644694626E-1,-9.587672539E-3
1.078713377E2,-3.504827023E-1,4.484900236E-1,-3.302420676E-2
1.078766884E2,-3.696580231E-1,3.909639716E-1,-5.326484516E-2
1.078815553E2,-3.803110123E-1,3.089361191E-1,-7.350549102E-2
1.078866166E2,-3.813762963E-1,2.205164731E-1,-9.587672353E-2
1.078916857E2,-3.771151006E-1,1.299662292E-1,-1.182479635E-1
1.078967185E2,-3.685927391E-1,4.687306657E-2,-1.299662292E-1
1.079017154E2,-3.515479863E-1,-4.261187743E-3,-1.246397421E-1
1.079069102E2,-3.291767538E-1,-2.450183034E-2,-1.118561774E-1
1.079118579E2,-2.918913662E-1,-2.130593918E-2,-1.001379117E-1
1.079170706E2,-2.492794842E-1,-1.491415687E-2,-9.587672353E-2
1.079220106E2,-2.205164731E-1,1.704475097E-2,-9.268083423E-2
1.079277406E2,-2.226470560E-1,5.113425106E-2,-9.694202244E-2
1.079322974E2,-2.354306281E-1,1.012032107E-1,-1.075949892E-1
1.079373538E2,-2.567365468E-1,1.842963696E-1,-1.129214764E-1
1.079423162E2,-2.801730931E-1,2.098634988E-1,-1.203785539E-1
1.079476016E2,-2.876301706E-1,2.311694324E-1,-1.299662292E-1
1.079524362E2,-2.918913662E-1,2.769772112E-1,-1.257050335E-1
1.079577309E2,-3.046749234E-1,2.567365468E-1,-1.363580078E-1
1.079625414E2,-3.100014031E-1,2.162552774E-1,-1.608598381E-1
1.079676933E2,-3.142625988E-1,1.725780964E-1,-1.832310706E-1
1.079727700E2,-3.195890784E-1,9.587672353E-2,-2.151899785E-1
1.079779243E2,-3.174584806E-1,2.982831374E-2,-2.407571077E-1
1.079828597E2,-3.046749234E-1,-3.941598535E-2,-2.641936541E-1
1.079880980E2,-2.886954844E-1,-9.268083423E-2,-3.036096394E-1
1.079930265E2,-2.748466134E-1,-8.096256852E-2,-3.217196763E-1
1.079981610E2,-2.567365468E-1,-7.989726961E-2,-3.259808719E-1
1.080031624E2,-2.237123549E-1,-7.457078248E-2,-3.142625988E-1
1.080082867E2,-1.885575503E-1,-8.202786744E-2,-3.004137278E-1
1.080133616E2,-1.672516167E-1,-7.137489319E-2,-2.886954844E-1
1.080184103E2,-1.619251370E-1,-6.391781569E-2,-2.876301706E-1
1.080235386E2,-1.651210189E-1,-5.752603337E-2,-2.940219641E-1
1.080287199E2,-1.768392920E-1,-6.498311460E-2,-2.950872481E-1
1.080336103E2,-1.928187460E-1,-6.498311460E-2,-3.110667169E-1
1.080387714E2,-2.109287977E-1,-4.580776766E-2,-3.281114697E-1
1.080439312E2,-2.333000302E-1,-6.924430281E-2,-3.419603109E-1
1.080488166E2,-2.450182885E-1,-7.030959427E-2,-3.579397798E-1
1.080538449E2,-2.322347313E-1,-5.006895587E-2,-3.792456985E-1
1.080590393E2,-2.013411224E-1,-4.900366068E-2,-3.771151006E-1
1.080640068E2,-1.608598381E-1,-5.539543927E-2,-3.771151006E-1
1.080691732E2,-1.225091442E-1,-5.113425106E-2,-3.760498166E-1
1.080742108E2,-8.948494494E-2,-7.457078248E-2,-3.813762963E-1
1.080792596E2,-7.350549102E-2,-1.171826646E-1,-3.994863629E-1
1.080843270E2,-7.030959427E-2,-1.523374617E-1,-4.069434404E-1
1.080894929E2,-8.735434711E-2,-2.002758235E-1,-4.026822448E-1
1.080944241E2,-1.150520667E-1,-2.428877056E-1,-3.867027760E-1
1.080996144E2,-1.438150853E-1,-2.833689749E-1,-3.483521044E-1
1.081046374E2,-1.832310706E-1,-3.249155581E-1,-2.854995728E-1
1.081096838E2,-2.333000302E-1,-3.515479863E-1,-2.141246796E-1
1.081147733E2,-2.780424953E-1,-3.590050638E-1,-1.608598381E-1
1.081199293E2,-3.195890784E-1,-3.579397798E-1,-1.182479635E-1
1.081248449E2,-3.579397798E-1,-3.526133001E-1,-7.670138031E-2
1.081299971E2,-3.877680898E-1,-3.174584806E-1,-3.408950195E-2
1.081350186E2,-4.005516469E-1,-2.407571077E-1,1.704475097E-2
1.081400951E2,-4.101393223E-1,-1.821657717E-1,7.883197069E-2
1.081451993E2,-4.165311158E-1,-1.352927089E-1,1.352927089E-1
1.081502736E2,-4.186616838E-1,-1.065296903E-1,1.885575503E-1
1.081553053E2,-4.048128426E-1,-6.498311460E-2,2.492794842E-1
1.081605930E2,-3.760498166E-1,-2.130593918E-2,3.110667169E-1
1.081655165E2,-3.419603109E-1,5.326484796E-3,3.707233369E-1
1.081706500E2,-3.068055212E-1,1.491415687E-2,4.112046063E-1
1.081757850E2,-2.684548199E-1,2.769771963E-2,4.389023483E-1
1.081807068E2,-2.364959270E-1,4.687306657E-2,4.655347466E-1
1.081858265E2,-2.375612110E-1,2.982831374E-2,4.921671748E-1
1.081908507E2,-2.578018606E-1,1.384885982E-2,4.953630865E-1
1.081962751E2,-2.759118974E-1,1.811004803E-2,4.761877358E-1
1.082010776E2,-2.620630562E-1,5.326484516E-2,4.548817873E-1
1.082061032E2,-2.343653291E-1,1.043990999E-1,4.367717505E-1
1.082113029E2,-2.183858752E-1,9.374613315E-2,4.293146729E-1
1.082161741E2,-1.896228492E-1,6.285251677E-2,4.367717505E-1
1.082213277E2,-1.544680595E-1,7.350549102E-2,4.399676323E-1
1.082265985E2,-1.257050335E-1,1.289009303E-1,4.431635141E-1
1.082314710E2,-1.374233067E-1,1.480762810E-1,4.101393223E-1
1.082364489E2,-1.502068639E-1,1.395539045E-1,3.675274551E-1
1.082416402E2,-1.438150853E-1,2.045370042E-1,3.313073516E-1
1.082466486E2,-1.576639414E-1,2.098634988E-1,2.801730931E-1
1.082517579E2,-1.502068639E-1,1.736433953E-1,2.343653291E-1
1.082569383E2,-1.310315281E-1,1.374233067E-1,1.853616685E-1
1.082620154E2,-9.907261282E-2,2.556712553E-2,1.065296903E-1
1.082669547E2,-6.498311460E-2,-1.182479635E-1,5.752603337E-2
1.082720391E2,-2.343653329E-2,-1.715128124E-1,2.556712553E-2
1.082770751E2,6.391781382E-3,-1.800351888E-1,-8.522375487E-3
1.082820518E2,3.195890784E-2,-1.768392920E-1,-3.835069016E-2
1.082870779E2,6.498311460E-2,-1.523374617E-1,-5.646073818E-2
1.082922019E2,1.054643989E-1,-1.395539045E-1,-8.841964602E-2
1.082972328E2,1.416844875E-1,-1.342274100E-1,-1.225091442E-1
1.083023748E2,1.853616685E-1,-1.161173657E-1,-1.544680595E-1
1.083073844E2,2.343653291E-1,-9.907261282E-2,-1.874922663E-1
1.083124492E2,2.791078091E-1,-1.033338010E-1,-2.151899785E-1
1.083174469E2,3.217196763E-1,-7.457078248E-2,-2.311694324E-1
1.083226256E2,3.675274551E-1,-2.982831374E-2,-2.418224066E-1
1.083276359E2,4.154658020E-1,1.704475097E-2,-2.609977424E-1
1.083327531E2,4.740571380E-1,6.924430281E-2,-2.929566503E-1
1.083377736E2,5.092119575E-1,1.012032107E-1,-3.057402074E-1
1.083428751E2,5.145384073E-1,1.320968270E-1,-3.025443256E-1
1.083479052E2,5.166690350E-1,1.832310706E-1,-3.025443256E-1
1.083531249E2,5.134730935E-1,2.386265099E-1,-3.014790416E-1
1.083581703E2,4.996242523E-1,2.833689749E-1,-3.014790416E-1
1.083631518E2,4.666000605E-1,3.185237944E-1,-3.057402074E-1
1.083681747E2,4.122699201E-1,3.366338313E-1,-3.014790416E-1
1.083734154E2,3.430256248E-1,3.387644291E-1,-2.929566503E-1
1.083783188E2,2.716507316E-1,3.494173884E-1,-2.897607684E-1
1.083834566E2,2.013411224E-1,3.494173884E-1,-3.004137278E-1
1.083885787E2,1.406191885E-1,3.174584806E-1,-3.249155581E-1
1.083936572E2,7.776667923E-2,2.471488863E-1,-3.707233369E-1
1.083986575E2,2.024064213E-2,1.448803842E-1,-4.548817873E-1
1.084038770E2,-1.704475097E-2,4.900366068E-2,-5.454320312E-1
1.084088243E2,-5.006895587E-2,-5.326484516E-2,-6.338516474E-1
1.084138915E2,-6.178722158E-2,-1.384886056E-1,-7.137489319E-1
1.084189100E2,-3.835069016E-2,-1.565986425E-1,-7.499690652E-1
1.084241992E2,2.024064213E-2,-1.406191885E-1,-8.096256852E-1
1.084290985E2,1.054643989E-1,-9.055023640E-2,-9.086982608E-1
1.084341491E2,1.992105246E-1,-1.491415687E-2,-1.017358541E0
1.084391846E2,2.982831299E-1,6.072192639E-2,-1.130280018E0
1.084443060E2,3.781804144E-1,1.161173657E-1,-1.234679103E0
1.084493015E2,3.909639716E-1,1.193132550E-1,-1.281552196E0
1.084544636E2,3.174584806E-1,7.030959427E-2,-1.203785539E0
1.084595205E2,2.119940966E-1,1.704475097E-2,-1.039729834E0
1.084645935E2,1.193132550E-1,-1.704475097E-2,-8.671516776E-1
1.084696334E2,5.965662748E-2,-3.408950195E-2,-7.126836777E-1
1.084747368E2,2.769771963E-2,-3.622009605E-2,-5.891091824E-1
1.084797532E2,1.384885982E-2,-1.491415687E-2,-4.942977726E-1
1.084848628E2,-3.195890691E-3,1.811004803E-2,-4.026822448E-1
1.084899939E2,-3.408950195E-2,1.597945392E-2,-3.291767538E-1
1.084950818E2,-6.711370498E-2,-3.195890691E-3,-2.769772112E-1
1.085000288E2,-9.907261282E-2,-3.302420676E-2,-2.407571077E-1
1.085052589E2,-1.384886056E-1,-9.268083423E-2,-2.151899785E-1
1.085102949E2,-1.661863178E-1,-1.246397421E-1,-1.874922663E-1
1.085154535E2,-1.725780964E-1,-1.193132550E-1,-1.651210189E-1
1.085204616E2,-1.683169156E-1,-1.342274100E-1,-1.629904360E-1
1.085255701E2,-1.597945392E-1,-1.480762810E-1,-1.629904360E-1
1.085305627E2,-1.608598381E-1,-1.928187460E-1,-1.597945392E-1
1.085361677E2,-1.608598381E-1,-2.418224066E-1,-1.384886056E-1
1.085407662E2,-1.512721628E-1,-2.535406649E-1,-1.139867753E-1
1.085458941E2,-1.363580078E-1,-2.247776538E-1,-1.075949892E-1
1.085508804E2,-9.694202244E-2,-1.214438528E-1,-1.129214764E-1
1.085560376E2,-6.285251677E-2,-4.900366068E-2,-1.384886056E-1
1.085609544E2,-7.350549102E-2,-4.793836176E-2,-1.811004728E-1
1.085660764E2,-7.563608140E-2,6.391781382E-3,-1.779045910E-1
1.085711435E2,-3.515479714E-2,1.384886056E-1,-1.342274100E-1
1.085762326E2,2.237123623E-2,2.833689749E-1,-9.481142461E-2
1.085812638E2,2.876301669E-2,2.982831299E-1,-1.150520667E-1
1.085863772E2,-1.171826664E-2,1.789698899E-1,-1.587292403E-1
1.085914370E2,-2.876301669E-2,6.817900389E-2,-1.768392920E-1
1.085965945E2,-1.917534508E-2,1.384885982E-2,-1.693822145E-1
1.086015602E2,-5.326484796E-3,3.195890691E-3,-1.544680595E-1
1.086068174E2,1.704475097E-2,2.343653329E-2,-1.470109820E-1
1.086117326E2,4.154657945E-2,2.343653329E-2,-1.448803842E-1
1.086168610E2,5.752603337E-2,-1.597945392E-2,-1.544680595E-1
1.086219727E2,6.072192639E-2,-6.391781569E-2,-1.768392920E-1
1.086270024E2,5.539543927E-2,-1.054643989E-1,-1.970799267E-1
1.086320058E2,5.752603337E-2,-1.352927089E-1,-2.056023031E-1
1.086371072E2,6.072192639E-2,-1.534027606E-1,-2.205164731E-1
1.086421031E2,5.539543927E-2,-1.938840449E-1,-2.237123549E-1
1.086473694E2,4.687306657E-2,-2.109287977E-1,-2.290388346E-1
1.086522982E2,3.195890784E-2,-2.258429527E-1,-2.407571077E-1
1.086574318E2,2.130593918E-2,-2.301041335E-1,-2.524753809E-1
1.086625766E2,2.343653329E-2,-2.343653291E-1,-2.759118974E-1
1.086676203E2,7.457078435E-3,-2.482141852E-1,-2.844342887E-1
1.086727381E2,-2.130593872E-3,-2.492794842E-1,-2.982831299E-1
1.086780710E2,1.704475097E-2,-2.045370042E-1,-3.025443256E-1
1.086827002E2,5.326484796E-3,-2.077329010E-1,-3.036096394E-1
1.086880722E2,-8.522375487E-3,-1.842963696E-1,-3.110667169E-1
1.086929957E2,-2.663242258E-2,-1.480762810E-1,-3.131972849E-1
1.086979272E2,-2.769771963E-2,-8.415845782E-2,-3.121320009E-1
1.087030620E2,-2.024064213E-2,-1.491415687E-2,-2.940219641E-1
1.087082718E2,-1.597945392E-2,4.048128426E-2,-2.716507316E-1
1.087131345E2,-1.811004803E-2,9.055023640E-2,-2.588671446E-1
1.087182744E2,-3.089361079E-2,8.309315890E-2,-2.567365468E-1
1.087234323E2,-3.728539124E-2,8.096256852E-2,-2.460835874E-1
1.087285159E2,-3.941598535E-2,6.178722158E-2,-2.205164731E-1
1.087336102E2,-4.261187837E-2,3.515479714E-2,-1.885575503E-1
1.087385821E2,-5.859133229E-2,1.065296936E-3,-1.544680595E-1
1.087437584E2,-7.563608140E-2,-2.663242258E-2,-1.171826646E-1
1.087486419E2,-9.055023640E-2,-4.687306657E-2,-7.137489319E-2
1.087537384E2,-1.022685021E-1,-2.663242258E-2,-3.195890784E-2
1.087588241E2,-1.043990999E-1,-5.326484796E-3,-5.326484796E-3
1.087638103E2,-1.118561774E-1,2.130593872E-3,1.597945392E-2
1.087690468E2,-1.118561774E-1,2.343653329E-2,4.261187743E-3
1.087740180E2,-9.800732136E-2,5.326484516E-2,-3.515479714E-2
1.087792092E2,-8.948494494E-2,4.367717355E-2,-5.859133229E-2
1.087841415E2,-7.563608140E-2,5.752603337E-2,-5.326484516E-2
1.087893568E2,-5.646073818E-2,1.278356314E-1,-9.800732136E-2
1.087943170E2,-4.048128426E-2,2.130593807E-1,-1.587292403E-1
1.087994559E2,-3.408950195E-2,3.227849603E-1,-1.225091442E-1
1.088044339E2,-5.113425106E-2,3.281114697E-1,-4.580776766E-2
1.088091964E2,-5.965662748E-2,2.226470560E-1,-1.065296959E-2
1.088145323E2,-4.261187837E-2,1.470109820E-1,-7.670138031E-2
1.088197169E2,-2.769771963E-2,5.113425106E-2,-1.086602882E-1
1.088248420E2,2.556712553E-2,7.883197069E-2,-7.670138031E-2
1.088298203E2,7.670138031E-2,1.523374617E-1,-7.563608140E-2
1.088348390E2,9.161553532E-2,1.629904360E-1,-1.001379117E-1
1.088400105E2,8.841964602E-2,1.097255871E-1,-8.841964602E-2
1.088450340E2,9.374613315E-2,5.646073818E-2,-7.670138031E-2
1.088501049E2,1.054643989E-1,-1.171826664E-2,-7.457078248E-2
1.088551664E2,1.150520667E-1,-5.646073818E-2,-7.137489319E-2
1.088602676E2,1.203785539E-1,-5.433014408E-2,-9.161553532E-2
1.088653790E2,1.278356314E-1,-6.498311460E-2,-9.374613315E-2
1.088705155E2,1.352927089E-1,-8.948494494E-2,-6.924430281E-2
1.088756488E2,1.352927089E-1,-9.374613315E-2,-4.900366068E-2
1.088805157E2,1.246397421E-1,-1.012032107E-1,-4.154657945E-2
1.088855994E2,1.129214764E-1,-1.118561774E-1,-4.580776766E-2
1.088908580E2,9.694202244E-2,-9.587672353E-2,-4.154657945E-2
1.088957289E2,8.415845782E-2,-9.374613315E-2,-3.835069016E-2
1.089009187E2,7.030959427E-2,-9.481142461E-2,-2.769771963E-2
1.089058504E2,6.072192639E-2,-9.907261282E-2,-1.065296959E-2
1.089110490E2,5.539543927E-2,-9.587672353E-2,-3.195890691E-3
1.089159676E2,4.154657945E-2,-1.033338010E-1,1.704475097E-2
1.089213696E2,2.450183034E-2,-9.800732136E-2,3.941598535E-2
1.089261136E2,7.457078435E-3,-7.989726961E-2,3.515479714E-2
1.089312489E2,-1.171826664E-2,-7.883197069E-2,8.522375487E-3
1.089363580E2,-2.556712553E-2,-8.096256852E-2,-3.302420676E-2
1.089413913E2,-2.769771963E-2,-8.841964602E-2,-7.670138031E-2
1.089464731E2,-1.811004803E-2,-8.415845782E-2,-1.299662292E-1
1.089515401E2,-2.130593872E-3,-6.285251677E-2,-1.885575503E-1
1.089565798E2,2.982831374E-2,-4.154657945E-2,-2.620630562E-1
1.089619841E2,6.817900389E-2,-7.457078435E-3,-3.515479863E-1
1.089668350E2,1.171826646E-1,5.965662748E-2,-4.357064366E-1
1.089718394E2,1.661863178E-1,1.608598381E-1,-5.134730935E-1
1.089768384E2,2.077329010E-1,2.556712627E-1,-6.093498468E-1
1.089820411E2,2.514100671E-1,3.526133001E-1,-7.446425557E-1
1.089870842E2,2.833689749E-1,4.112046063E-1,-8.586293459E-1
1.089920980E2,2.833689749E-1,4.122699201E-1,-9.310694933E-1
1.089971350E2,2.535406649E-1,3.771151006E-1,-1.010966778E0
1.090022459E2,2.045370042E-1,2.823036909E-1,-1.115365863E0
1.090072963E2,1.534027606E-1,1.683169156E-1,-1.208046675E0
1.090123699E2,1.139867753E-1,6.924430281E-2,-1.240005612E0
1.090173908E2,7.030959427E-2,-2.343653329E-2,-1.268768668E0
1.090225262E2,1.704475097E-2,-7.776667923E-2,-1.264507413E0
1.090272487E2,1.491415687E-2,-1.715128124E-1,-1.210177302E0
1.090328421E2,5.859133229E-2,-3.163931966E-1,-1.121757627E0
1.090378143E2,7.883197069E-2,-3.941598535E-1,-1.051448107E0
1.090428570E2,8.415845782E-2,-3.749845326E-1,-9.470489621E-1
1.090479336E2,7.030959427E-2,-2.737812996E-1,-8.596946001E-1
1.090530045E2,5.646073818E-2,-1.661863178E-1,-8.064298034E-1
1.090580454E2,5.326484516E-2,-9.694202244E-2,-7.382507920E-1
1.090634359E2,6.178722158E-2,-7.457078435E-3,-6.988347769E-1
1.090681252E2,6.817900389E-2,9.268083423E-2,-6.999000907E-1
1.090732523E2,4.793836176E-2,1.512721628E-1,-7.052266002E-1
1.090784402E2,2.237123623E-2,1.896228492E-1,-7.158795595E-1
1.090834741E2,1.597945392E-2,2.045370042E-1,-7.489037514E-1
1.090881764E2,3.622009605E-2,2.247776538E-1,-7.989727259E-1
1.090931866E2,7.457078248E-2,2.876301706E-1,-8.288010359E-1
1.090985024E2,1.065296903E-1,3.408950269E-1,-8.415845633E-1
1.091036817E2,1.352927089E-1,3.984210491E-1,-8.586293459E-1
1.091086877E2,1.597945392E-1,4.687306583E-1,-8.735435009E-1
1.091137960E2,1.651210189E-1,4.708612561E-1,-8.703476191E-1
1.091189367E2,1.789698899E-1,4.580776691E-1,-8.724781871E-1
1.091240458E2,1.842963696E-1,4.506205916E-1,-8.288010359E-1
1.091290870E2,1.512721628E-1,4.058781266E-1,-7.446425557E-1
1.091344212E2,1.278356314E-1,3.920292854E-1,-6.487658620E-1
1.091392825E2,1.086602882E-1,3.685927391E-1,-5.379749537E-1
1.091442833E2,8.948494494E-2,3.494173884E-1,-4.463594258E-1
1.091493001E2,7.989726961E-2,3.632662594E-1,-3.888333738E-1
1.091544394E2,6.711370498E-2,3.717886209E-1,-3.376991153E-1
1.091594615E2,4.793836176E-2,3.408950269E-1,-3.185237944E-1
1.091646275E2,3.195890784E-2,3.036096394E-1,-3.462215066E-1
1.091697933E2,1.491415687E-2,2.535406649E-1,-3.760498166E-1
1.091746749E2,-1.065296959E-2,1.800351888E-1,-4.080087245E-1
1.091798918E2,-4.261187837E-2,9.587672353E-2,-4.644694626E-1
1.091848778E2,-7.244019210E-2,-7.457078435E-3,-5.028201342E-1
1.091899118E2,-1.054643989E-1,-1.320968270E-1,-5.081466436E-1
1.091950768E2,-1.438150853E-1,-2.780424953E-1,-5.124078393E-1
1.092000314E2,-1.597945392E-1,-3.568744659E-1,-5.166690350E-1
1.092052348E2,-1.651210189E-1,-3.856374919E-1,-4.697959423E-1
1.092102489E2,-1.832310706E-1,-4.229228795E-1,-3.941598535E-1
1.092152612E2,-1.981452256E-1,-4.229228795E-1,-3.536785841E-1
1.092202806E2,-2.045370042E-1,-4.101393223E-1,-3.121320009E-1
1.092254851E2,-1.981452256E-1,-3.792456985E-1,-2.354306281E-1
1.092303814E2,-1.768392920E-1,-3.121320009E-1,-1.629904360E-1
1.092358707E2,-1.470109820E-1,-2.119940966E-1,-1.139867753E-1
1.092408456E2,-1.203785539E-1,-1.267703325E-1,-7.776667923E-2
1.092456505E2,-1.054643989E-1,-9.907261282E-2,-7.137489319E-2
1.092507582E2,-1.043990999E-1,-1.320968270E-1,-9.161553532E-2
1.092558153E2,-1.118561774E-1,-1.992105246E-1,-1.352927089E-1
1.092609247E2,-1.182479635E-1,-2.705854177E-1,-1.864269674E-1
1.092660730E2,-1.246397421E-1,-3.483521044E-1,-2.237123549E-1
1.092711134E2,-1.352927089E-1,-4.250534773E-1,-2.503447831E-1
1.092761239E2,-1.512721628E-1,-4.889712930E-1,-2.780424953E-1
1.092813294E2,-1.704475135E-1,-5.528891087E-1,-3.100014031E-1
1.092864110E2,-1.928187460E-1,-6.168069243E-1,-3.376991153E-1
1.092914014E2,-2.151899785E-1,-6.572881937E-1,-3.536785841E-1
1.092964895E2,-2.247776538E-1,-7.094877362E-1,-3.206543922E-1
1.093015404E2,-2.109287977E-1,-7.776667476E-1,-2.450182885E-1
1.093065101E2,-1.938840449E-1,-7.947115302E-1,-1.928187460E-1
1.093115968E2,-1.789698899E-1,-7.627525926E-1,-1.608598381E-1
1.093166906E2,-1.661863178E-1,-6.999000907E-1,-1.459456831E-1
1.093217295E2,-1.576639414E-1,-6.381128430E-1,-1.502068639E-1
1.093269393E2,-1.491415650E-1,-5.955010056E-1,-1.640557349E-1
1.093320004E2,-1.342274100E-1,-5.656726956E-1,-1.704475135E-1
1.093371535E2,-1.129214764E-1,-5.411708355E-1,-1.640557349E-1
1.093420928E2,-8.522375673E-2,-4.964283705E-1,-1.395539045E-1
1.093470683E2,-6.498311460E-2,-4.697959423E-1,-8.415845782E-2
1.093521993E2,-4.474247247E-2,-3.898986876E-1,-4.261187837E-2
1.093572858E2,-1.278356276E-2,-2.652589381E-1,-2.130593872E-3
1.093623174E2,7.457078435E-3,-1.821657717E-1,8.522375487E-3
1.093674511E2,4.900366068E-2,-8.522375673E-2,4.687306657E-2
1.093723583E2,1.182479635E-1,9.374613315E-2,1.129214764E-1
1.093775331E2,1.864269674E-1,2.663242221E-1,1.565986425E-1
1.093826539E2,2.279735506E-1,3.355685472E-1,1.949493438E-1
1.093878282E2,2.695201337E-1,4.069434404E-1,1.992105246E-1
1.093927329E2,2.854995728E-1,4.207922816E-1,1.864269674E-1
1.093978034E2,2.343653291E-1,2.812383771E-1,1.672516167E-1
1.094028336E2,1.821657717E-1,1.661863178E-1,1.331621110E-1
1.094080729E2,1.395539045E-1,6.178722158E-2,1.075949892E-1
1.094131140E2,1.129214764E-1,-2.876301669E-2,9.374613315E-2
1.094181362E2,8.202786744E-2,-8.628904819E-2,8.309315890E-2
1.094227558E2,5.219954997E-2,-6.178722158E-2,6.391781569E-2
1.094283130E2,2.556712553E-2,-6.391781569E-2,6.711370498E-2
1.094332846E2,-8.522375487E-3,-1.161173657E-1,6.711370498E-2
1.094383959E2,-2.024064213E-2,-1.416844875E-1,4.580776766E-2
1.094435278E2,-1.065296959E-2,-1.331621110E-1,1.704475097E-2
1.094487306E2,-2.130593872E-3,-1.310315281E-1,-3.195890691E-3
1.094536662E2,6.391781382E-3,-1.033338010E-1,-1.917534508E-2
1.094587381E2,2.450183034E-2,-1.704475097E-2,-2.982831374E-2
1.094636738E2,3.728539124E-2,7.776667923E-2,-3.089361079E-2
1.094690258E2,4.793836176E-2,1.470109820E-1,-4.261187837E-2
1.094738646E2,5.859133229E-2,1.800351888E-1,-7.244019210E-2
1.094789635E2,6.711370498E-2,1.864269674E-1,-9.481142461E-2
1.094839667E2,7.030959427E-2,1.779045910E-1,-1.150520667E-1
1.094891210E2,7.030959427E-2,1.651210189E-1,-1.459456831E-1
1.094941437E2,6.924430281E-2,1.715128124E-1,-1.885575503E-1
1.094992100E2,5.859133229E-2,1.597945392E-1,-2.077329010E-1
1.095042448E2,5.859133229E-2,1.619251370E-1,-2.322347313E-1
1.095094495E2,7.030959427E-2,1.811004728E-1,-2.737812996E-1
1.095145858E2,8.628904819E-2,2.269082516E-1,-3.025443256E-1
1.095195799E2,1.065296903E-1,2.876301706E-1,-3.238502741E-1
1.095245748E2,1.320968270E-1,3.462215066E-1,-3.547438681E-1
1.095296484E2,1.491415650E-1,3.888333738E-1,-3.717886209E-1
1.095348751E2,1.619251370E-1,3.984210491E-1,-3.739192188E-1
1.095398750E2,1.757739931E-1,3.930945694E-1,-3.707233369E-1
1.095448482E2,1.789698899E-1,3.835068941E-1,-3.813762963E-1
1.095500724E2,1.779045910E-1,3.249155581E-1,-3.877680898E-1
1.095552536E2,1.811004728E-1,2.588671446E-1,-4.048128426E-1
1.095602465E2,1.821657717E-1,2.194511741E-1,-3.867027760E-1
1.095651514E2,1.821657717E-1,2.130593807E-1,-3.547438681E-1
1.095702249E2,1.938840449E-1,2.450182885E-1,-3.227849603E-1
1.095753216E2,2.045370042E-1,2.727160156E-1,-2.769772112E-1
1.095806154E2,2.077329010E-1,2.791078091E-1,-2.322347313E-1
1.095854201E2,2.045370042E-1,2.748466134E-1,-2.077329010E-1
1.095905721E2,1.949493438E-1,2.599324584E-1,-1.842963696E-1
1.095951967E2,1.800351888E-1,2.546059787E-1,-1.715128124E-1
1.096006396E2,1.619251370E-1,2.492794842E-1,-1.523374617E-1
1.096058031E2,1.448803842E-1,2.428877056E-1,-1.257050335E-1
1.096107711E2,1.395539045E-1,2.482141852E-1,-1.214438528E-1
1.096159672E2,1.395539045E-1,2.599324584E-1,-1.299662292E-1
1.096209467E2,1.384886056E-1,2.503447831E-1,-1.161173657E-1
1.096262195E2,1.470109820E-1,2.503447831E-1,-9.481142461E-2
1.096310985E2,1.491415650E-1,2.748466134E-1,-1.001379117E-1
1.096360686E2,1.534027606E-1,3.046749234E-1,-9.161553532E-2
1.096412099E2,1.534027606E-1,3.206543922E-1,-4.687306657E-2
1.096463105E2,1.512721628E-1,3.398297131E-1,-5.965662748E-2
1.096517192E2,1.438150853E-1,3.622009456E-1,-6.391781569E-2
1.096566232E2,1.384886056E-1,3.781804144E-1,-3.302420676E-2
1.096616575E2,1.352927089E-1,4.250534773E-1,-1.491415687E-2
1.096665563E2,1.363580078E-1,4.847100973E-1,-7.457078435E-3
1.096716880E2,1.384886056E-1,5.624767542E-1,-1.917534508E-2
1.096766835E2,1.438150853E-1,6.349169612E-1,-5.646073818E-2
1.096819855E2,1.459456831E-1,6.487658620E-1,-8.735434711E-2
1.096868451E2,1.651210189E-1,6.924430132E-1,-1.001379117E-1
1.096919976E2,1.842963696E-1,7.382507920E-1,-1.416844875E-1
1.096970257E2,1.874922663E-1,7.041612864E-1,-1.704475135E-1
1.097022913E2,1.779045910E-1,5.923051238E-1,-1.587292403E-1
1.097067826E2,1.651210189E-1,5.006895661E-1,-1.757739931E-1
1.097122654E2,1.395539045E-1,4.122699201E-1,-1.768392920E-1
1.097174326E2,1.065296903E-1,3.142625988E-1,-1.779045910E-1
1.097224019E2,9.481142461E-2,2.247776538E-1,-1.768392920E-1
1.097274152E2,9.268083423E-2,1.704475135E-1,-1.374233067E-1
1.097325272E2,8.202786744E-2,1.438150853E-1,-1.182479635E-1
1.097375524E2,6.178722158E-2,1.161173657E-1,-1.043990999E-1
1.097426528E2,2.237123623E-2,3.728539124E-2,-1.012032107E-1
1.097476547E2,-1.384885982E-2,-5.219954997E-2,-1.097255871E-1
1.097529153E2,-6.391781382E-3,-1.384885982E-2,-1.043990999E-1
1.097580517E2,-4.261187743E-3,3.302420676E-2,-1.043990999E-1
1.097630144E2,-2.876301669E-2,-1.917534508E-2,-1.075949892E-1
1.097679897E2,-5.965662748E-2,-1.012032107E-1,-1.299662292E-1
1.097730720E2,-7.989726961E-2,-1.597945392E-1,-1.544680595E-1
1.097781312E2,-1.033338010E-1,-2.343653291E-1,-2.013411224E-1
1.097833365E2,-1.459456831E-1,-3.366338313E-1,-2.535406649E-1
1.097882915E2,-2.237123549E-1,-4.964283705E-1,-4.133352041E-1
1.097934976E2,-2.780424953E-1,-6.423740387E-1,-5.699338317E-1
1.097984284E2,-2.620630562E-1,-6.572881937E-1,-5.891091824E-1
1.098039509E2,-1.789698899E-1,-5.496932268E-1,-5.773909688E-1
1.098085595E2,-1.054643989E-1,-4.186616838E-1,-5.528891087E-1
1.098136827E2,-5.752603337E-2,-2.673895359E-1,-5.017548800E-1
1.098189821E2,-3.195890784E-2,-9.374613315E-2,-4.474247098E-1
1.098238176E2,-2.130593918E-2,5.219954997E-2,-3.835068941E-1
1.098288535E2,-2.130593918E-2,1.534027606E-1,-2.993484437E-1
1.098339443E2,-2.237123623E-2,2.460835874E-1,-2.333000302E-1
1.098391664E2,-2.450183034E-2,3.238502741E-1,-2.109287977E-1
1.098441639E2,-2.450183034E-2,3.643315434E-1,-2.119940966E-1
1.098491154E2,-1.597945392E-2,4.112046063E-1,-2.056023031E-1
1.098543090E2,6.391781382E-3,4.687306583E-1,-2.194511741E-1
1.098592514E2,2.876301669E-2,5.177342892E-1,-2.482141852E-1
1.098645510E2,4.474247247E-2,5.571503043E-1,-2.641936541E-1
1.098694176E2,6.178722158E-2,6.146763563E-1,-2.663242221E-1
1.098743884E2,7.030959427E-2,6.391781569E-1,-2.631283402E-1
1.098795387E2,8.309315890E-2,6.434393525E-1,-2.620630562E-1
1.098846804E2,9.268083423E-2,6.370475888E-1,-2.514100671E-1
1.098896563E2,9.268083423E-2,6.285251975E-1,-2.237123549E-1
1.098947778E2,8.841964602E-2,6.285251975E-1,-2.066676021E-1
1.098998229E2,8.735434711E-2,6.189374924E-1,-1.811004728E-1
1.099049630E2,8.202786744E-2,5.731297731E-1,-1.747086942E-1
1.099099474E2,8.628904819E-2,5.241261125E-1,-1.970799267E-1
1.099151080E2,9.374613315E-2,4.527511895E-1,-2.173205763E-1
1.099201600E2,1.086602882E-1,3.781804144E-1,-2.364959270E-1
1.099253755E2,1.289009303E-1,3.195890784E-1,-2.407571077E-1
1.099303510E2,1.416844875E-1,2.716507316E-1,-2.439530045E-1
1.099354348E2,1.331621110E-1,2.194511741E-1,-2.396918088E-1
1.099404605E2,1.139867753E-1,1.608598381E-1,-2.279735506E-1
1.099455291E2,9.268083423E-2,1.214438528E-1,-2.173205763E-1
1.099506155E2,7.457078248E-2,1.214438528E-1,-2.173205763E-1
1.099556720E2,6.817900389E-2,1.406191885E-1,-2.024064213E-1
1.099606762E2,6.924430281E-2,1.544680595E-1,-1.747086942E-1
1.099659439E2,6.924430281E-2,1.821657717E-1,-1.565986425E-1
1.099708260E2,6.711370498E-2,2.215817571E-1,-1.395539045E-1
1.099760119E2,6.604841352E-2,2.407571077E-1,-1.278356314E-1
1.099809450E2,5.965662748E-2,2.748466134E-1,-1.342274100E-1
1.099862223E2,4.900366068E-2,3.227849603E-1,-1.651210189E-1
1.099911005E2,3.728539124E-2,3.611356616E-1,-2.066676021E-1
1.099964239E2,3.622009605E-2,3.707233369E-1,-2.514100671E-1
1.100012539E2,3.728539124E-2,3.696580231E-1,-2.918913662E-1
1.100063754E2,3.408950195E-2,3.558091819E-1,-3.100014031E-1
1.100114223E2,3.622009605E-2,3.281114697E-1,-3.025443256E-1
1.100165292E2,4.261187837E-2,3.131972849E-1,-2.961525619E-1
1.100217620E2,5.433014408E-2,2.673895359E-1,-2.886954844E-1
1.100266842E2,5.965662748E-2,2.205164731E-1,-3.004137278E-1
1.100318140E2,5.646073818E-2,2.151899785E-1,-3.014790416E-1
1.100368258E2,5.326484516E-2,2.237123549E-1,-2.844342887E-1
1.100418583E2,4.793836176E-2,2.194511741E-1,-2.684548199E-1
1.100469860E2,4.048128426E-2,2.024064213E-1,-2.524753809E-1
1.100520710E2,2.769771963E-2,1.715128124E-1,-2.205164731E-1
1.100572357E2,1.065296959E-2,1.267703325E-1,-1.811004728E-1
1.100620916E2,-1.065296936E-3,1.043990999E-1,-1.523374617E-1
1.100673146E2,-9.587672539E-3,1.054643989E-1,-1.523374617E-1
1.100722890E2,-2.876301669E-2,1.267703325E-1,-1.555333585E-1
1.100776876E2,-4.048128426E-2,1.374233067E-1,-1.661863178E-1
1.100827679E2,-4.367717355E-2,1.299662292E-1,-1.683169156E-1
1.100875819E2,-4.793836176E-2,1.257050335E-1,-1.587292403E-1
1.100925246E2,-5.646073818E-2,1.107908785E-1,-1.427497864E-1
1.100976594E2,-6.711370498E-2,8.628904819E-2,-1.384886056E-1
1.101026677E2,-7.883197069E-2,5.752603337E-2,-1.203785539E-1
1.101079124E2,-8.309315890E-2,3.408950195E-2,-1.129214764E-1
1.101129782E2,-9.055023640E-2,2.769771963E-2,-1.225091442E-1
1.101181445E2,-1.033338010E-1,2.982831374E-2,-1.182479635E-1
1.101230340E2,-1.054643989E-1,2.556712553E-2,-1.193132550E-1
1.101281692E2,-9.907261282E-2,1.491415687E-2,-1.203785539E-1
1.101332494E2,-8.841964602E-2,6.391781382E-3,-1.086602882E-1
1.101382479E2,-7.457078248E-2,2.130593872E-3,-1.065296903E-1
1.101433009E2,-6.178722158E-2,-8.522375487E-3,-1.171826646E-1
1.101484020E2,-5.433014408E-2,-3.195890691E-3,-1.374233067E-1
1.101534689E2,-4.793836176E-2,6.391781382E-3,-1.693822145E-1
1.101585640E2,-5.113425106E-2,7.457078435E-3,-2.013411224E-1
1.101637006E2,-5.433014408E-2,1.597945392E-2,-2.322347313E-1
1.101688515E2,-4.687306657E-2,4.900366068E-2,-2.801730931E-1
1.101736948E2,-4.474247247E-2,7.883197069E-2,-3.355685472E-1
1.101788126E2,-5.859133229E-2,1.022685021E-1,-3.877680898E-1
1.101838514E2,-7.244019210E-2,1.214438528E-1,-4.293146729E-1
1.101892524E2,-8.735434711E-2,1.289009303E-1,-4.612735808E-1
1.101940162E2,-9.161553532E-2,1.267703325E-1,-4.740571380E-1
1.101991392E2,-8.948494494E-2,1.203785539E-1,-4.740571380E-1
1.102041464E2,-9.587672353E-2,1.225091442E-1,-4.687306583E-1
1.102092267E2,-1.065296903E-1,1.246397421E-1,-4.580776691E-1
1.102142436E2,-1.161173657E-1,1.043990999E-1,-4.452941120E-1
1.102193796E2,-1.086602882E-1,9.800732136E-2,-4.357064366E-1
1.102243555E2,-9.694202244E-2,1.086602882E-1,-4.186616838E-1
1.102295233E2,-1.054643989E-1,9.907261282E-2,-3.888333738E-1
1.102347257E2,-1.097255871E-1,8.309315890E-2,-3.728539348E-1
1.102397173E2,-1.118561774E-1,1.033338010E-1,-3.696580231E-1
1.102447069E2,-1.257050335E-1,1.182479635E-1,-3.504827023E-1
1.102499473E2,-1.235744432E-1,8.309315890E-2,-3.163931966E-1
1.102547863E2,-1.161173657E-1,7.670138031E-2,-3.036096394E-1
1.102600343E2,-1.235744432E-1,1.161173657E-1,-3.014790416E-1
1.102649593E2,-1.384886056E-1,1.661863178E-1,-2.950872481E-1
1.102700774E2,-1.502068639E-1,2.034717202E-1,-2.982831299E-1
1.102764348E2,-1.640557349E-1,2.205164731E-1,-3.089361191E-1
1.102802790E2,-1.992105246E-1,2.759118974E-1,-3.281114697E-1
1.102855109E2,-2.183858752E-1,3.174584806E-1,-3.504827023E-1
1.102905139E2,-2.183858752E-1,2.950872481E-1,-3.643315434E-1
1.102955577E2,-2.482141852E-1,3.398297131E-1,-3.717886209E-1
1.103004754E2,-2.599324584E-1,3.898986876E-1,-3.664621413E-1
1.103056263E2,-2.524753809E-1,4.484900236E-1,-3.334379494E-1
1.103106356E2,-2.482141852E-1,5.134730935E-1,-2.940219641E-1
1.103157723E2,-2.343653291E-1,5.603461862E-1,-2.546059787E-1
1.103207793E2,-2.194511741E-1,5.997622013E-1,-2.066676021E-1
1.103258599E2,-2.077329010E-1,6.295905113E-1,-1.544680595E-1
1.103308982E2,-2.141246796E-1,6.892471313E-1,-1.118561774E-1
1.103360116E2,-2.503447831E-1,7.797973752E-1,-6.924430281E-2
1.103410368E2,-2.854995728E-1,8.437151909E-1,-3.195890784E-2
1.103462335E2,-3.068055212E-1,8.873923421E-1,-1.597945392E-2
1.103511382E2,-3.100014031E-1,8.767393827E-1,-1.065296959E-2
1.103563920E2,-3.057402074E-1,8.650211096E-1,-9.587672539E-3
1.103613151E2,-2.961525619E-1,8.841964602E-1,-7.457078435E-3
1.103664022E2,-2.801730931E-1,8.405193090E-1,-8.522375487E-3
1.103715054E2,-2.428877056E-1,7.563608289E-1,-2.876301669E-2
1.103765937E2,-2.024064213E-1,6.753982306E-1,-5.646073818E-2
1.103817145E2,-1.736433953E-1,6.018927693E-1,-9.161553532E-2
1.103867438E2,-1.491415650E-1,5.315831900E-1,-1.342274100E-1
1.103918554E2,-1.342274100E-1,4.389023483E-1,-1.491415650E-1
1.103968446E2,-1.139867753E-1,3.376991153E-1,-1.491415650E-1
1.104018772E2,-8.841964602E-2,2.524753809E-1,-1.523374617E-1
1.104070307E2,-6.285251677E-2,1.821657717E-1,-1.395539045E-1
1.104120419E2,-3.515479714E-2,1.257050335E-1,-1.086602882E-1
1.104171216E2,-2.769771963E-2,1.129214764E-1,-8.202786744E-2
1.104225407E2,-2.237123623E-2,1.235744432E-1,-7.137489319E-2
1.104273333E2,-1.597945392E-2,1.054643989E-1,-5.113425106E-2
1.104323423E2,-1.171826664E-2,6.924430281E-2,-2.982831374E-2
1.104376423E2,0.000000000E0,6.498311460E-2,-3.408950195E-2
1.104426578E2,1.065296959E-2,6.604841352E-2,-5.433014408E-2
1.104477575E2,1.597945392E-2,5.113425106E-2,-7.776667923E-2
1.104525921E2,2.343653329E-2,3.195890784E-2,-1.086602882E-1
1.104577362E2,2.876301669E-2,1.917534508E-2,-1.320968270E-1
1.104627521E2,3.408950195E-2,1.384885982E-2,-1.427497864E-1
1.104680571E2,4.367717355E-2,2.343653329E-2,-1.416844875E-1
1.104728531E2,4.580776766E-2,3.408950195E-2,-1.203785539E-1
1.104779816E2,4.687306657E-2,6.391781569E-2,-8.948494494E-2
1.104831123E2,5.965662748E-2,1.107908785E-1,-5.219954997E-2
1.104883008E2,8.202786744E-2,1.576639414E-1,-9.587672539E-3
1.104931857E2,1.043990999E-1,1.917534471E-1,4.154657945E-2
1.104984830E2,1.331621110E-1,2.258429527E-1,8.841964602E-2
1.105033547E2,1.768392920E-1,2.759118974E-1,1.129214764E-1
1.105084655E2,2.386265099E-1,3.430256248E-1,1.182479635E-1
1.105131719E2,3.014790416E-1,3.536785841E-1,1.331621110E-1
1.105187294E2,3.185237944E-1,2.972178459E-1,1.406191885E-1
1.105235929E2,2.056023031E-1,2.854995728E-1,8.415845782E-2
1.105288429E2,4.687306657E-2,3.579397798E-1,2.343653329E-2
1.105337290E2,-6.498311460E-2,3.760498166E-1,4.261187743E-3
1.105389761E2,-1.331621110E-1,2.599324584E-1,1.704475097E-2
1.105438686E2,-1.661863178E-1,7.030959427E-2,4.687306657E-2
1.105490026E2,-1.576639414E-1,-4.900366068E-2,5.965662748E-2
1.105540442E2,-1.310315281E-1,-9.587672353E-2,7.244019210E-2
1.105589728E2,-9.587672353E-2,-1.139867753E-1,1.001379117E-1
1.105644816E2,-6.285251677E-2,-8.522375673E-2,1.182479635E-1
1.105693779E2,-4.687306657E-2,-1.384885982E-2,1.129214764E-1
1.105743267E2,-1.811004803E-2,6.072192639E-2,1.033338010E-1
1.105795884E2,3.195890784E-2,1.267703325E-1,9.161553532E-2
1.105845656E2,8.202786744E-2,1.938840449E-1,6.924430281E-2
1.105895724E2,1.193132550E-1,2.024064213E-1,5.539543927E-2
1.105946182E2,1.448803842E-1,1.821657717E-1,5.752603337E-2
1.105997290E2,1.747086942E-1,2.162552774E-1,5.965662748E-2
1.106048087E2,2.119940966E-1,2.673895359E-1,3.835069016E-2
1.106098805E2,2.226470560E-1,3.078708053E-1,4.048128426E-2
1.106148616E2,2.311694324E-1,3.398297131E-1,2.663242258E-2
1.106199731E2,2.109287977E-1,3.323726356E-1,3.622009605E-2
1.106251049E2,1.555333585E-1,2.908260524E-1,6.924430281E-2
1.106302961E2,1.139867753E-1,2.333000302E-1,8.202786744E-2
1.106351410E2,8.096256852E-2,1.853616685E-1,9.481142461E-2
1.106402362E2,6.498311460E-2,1.832310706E-1,8.522375673E-2
1.106454541E2,5.539543927E-2,1.949493438E-1,7.670138031E-2
1.106505149E2,4.580776766E-2,1.917534471E-1,7.350549102E-2
1.106555090E2,3.835069016E-2,1.917534471E-1,9.268083423E-2
1.106607288E2,3.941598535E-2,2.130593807E-1,1.054643989E-1
1.106657037E2,6.817900389E-2,2.418224066E-1,9.268083423E-2
1.106706862E2,1.246397421E-1,2.652589381E-1,5.965662748E-2
1.106757480E2,1.523374617E-1,2.482141852E-1,6.178722158E-2
1.106808445E2,1.597945392E-1,2.396918088E-1,6.711370498E-2
1.106860437E2,1.565986425E-1,2.269082516E-1,8.202786744E-2
1.106910826E2,1.416844875E-1,2.428877056E-1,8.522375673E-2
1.106960126E2,1.342274100E-1,2.311694324E-1,9.055023640E-2
1.107011138E2,1.257050335E-1,1.981452256E-1,1.097255871E-1
1.107062475E2,1.161173657E-1,1.938840449E-1,1.331621110E-1
1.107113945E2,1.139867753E-1,1.661863178E-1,1.608598381E-1
1.107164734E2,1.193132550E-1,1.075949892E-1,1.981452256E-1
1.107214599E2,1.086602882E-1,4.900366068E-2,2.343653291E-1
1.107264971E2,8.202786744E-2,1.278356276E-2,2.759118974E-1
1.107315793E2,5.433014408E-2,2.556712553E-2,3.057402074E-1
1.107365897E2,2.237123623E-2,9.481142461E-2,3.014790416E-1
1.107416838E2,-1.065296959E-2,1.896228492E-1,2.886954844E-1
1.107467181E2,-1.171826664E-2,2.194511741E-1,3.014790416E-1
1.107518663E2,-4.261187743E-3,2.343653291E-1,3.142625988E-1
1.107569799E2,1.065296936E-3,2.226470560E-1,3.483521044E-1
1.107620537E2,1.491415687E-2,1.949493438E-1,3.760498166E-1
1.107670842E2,3.515479714E-2,1.779045910E-1,3.824416101E-1
1.107721618E2,6.604841352E-2,1.661863178E-1,3.898986876E-1
1.107772064E2,1.065296903E-1,1.629904360E-1,3.973557651E-1
1.107823323E2,1.406191885E-1,1.970799267E-1,3.962904513E-1
1.107873560E2,1.619251370E-1,2.471488863E-1,4.026822448E-1
1.107922334E2,1.800351888E-1,3.004137278E-1,4.069434404E-1
1.107976174E2,2.013411224E-1,3.440909088E-1,3.930945694E-1
1.108026591E2,2.226470560E-1,3.845722079E-1,3.760498166E-1
1.108075904E2,2.333000302E-1,4.058781266E-1,3.856374919E-1
1.108128677E2,2.386265099E-1,4.325105548E-1,3.930945694E-1
1.108177649E2,2.396918088E-1,4.783183336E-1,3.771151006E-1
1.108229326E2,2.396918088E-1,5.305178761E-1,3.622009456E-1
1.108278468E2,2.247776538E-1,5.752603412E-1,3.685927391E-1
1.108330876E2,1.960146427E-1,5.944356918E-1,3.877680898E-1
1.108381736E2,1.597945392E-1,5.837827325E-1,4.112046063E-1
1.108431858E2,1.193132550E-1,5.411708355E-1,4.282493591E-1
1.108481836E2,9.481142461E-2,4.570123851E-1,4.122699201E-1
1.108533223E2,9.907261282E-2,3.622009456E-1,3.675274551E-1
1.108583196E2,1.267703325E-1,3.046749234E-1,3.014790416E-1
1.108634676E2,1.565986425E-1,3.014790416E-1,2.226470560E-1
1.108685550E2,1.832310706E-1,3.217196763E-1,1.640557349E-1
1.108735651E2,2.119940966E-1,3.355685472E-1,1.246397421E-1
1.108786393E2,2.364959270E-1,3.590050638E-1,7.563608140E-2
1.108841324E2,2.524753809E-1,4.293146729E-1,2.450183034E-2
1.108888446E2,2.769772112E-1,4.484900236E-1,-8.522375487E-3
1.108938832E2,3.025443256E-1,4.708612561E-1,-6.391781569E-2
1.108988796E2,3.238502741E-1,5.305178761E-1,-1.320968270E-1
1.109041045E2,3.504827023E-1,6.434393525E-1,-2.237123549E-1
1.109091206E2,3.824416101E-1,8.000379801E-1,-3.153278828E-1
1.109141893E2,4.367717505E-1,9.395918846E-1,-3.867027760E-1
1.109192963E2,5.070813298E-1,1.002444386E0,-4.474247098E-1
1.109244778E2,5.848480463E-1,1.003509760E0,-5.092119575E-1
1.109293558E2,6.530269980E-1,9.470489621E-1,-5.699338317E-1
1.109344489E2,7.073571682E-1,8.895229697E-1,-6.370475888E-1
1.109394408E2,7.446425557E-1,8.735435009E-1,-6.849859357E-1
1.109445745E2,7.425119877E-1,8.831311464E-1,-6.988347769E-1
1.109496939E2,7.212060094E-1,8.767393827E-1,-7.052266002E-1
1.109548590E2,7.041612864E-1,8.650211096E-1,-7.307937145E-1
1.109597658E2,6.945735812E-1,8.692823052E-1,-7.616873384E-1
1.109648861E2,6.849859357E-1,8.841964602E-1,-8.138868809E-1
1.109698385E2,6.764635444E-1,9.182859659E-1,-8.820658922E-1
1.109750076E2,6.604840755E-1,9.971179366E-1,-9.491795897E-1
1.109800442E2,6.168069243E-1,1.084472299E0,-1.001379132E0
1.109851746E2,5.614115000E-1,1.155847192E0,-1.046121597E0
1.109903336E2,5.177342892E-1,1.201654911E0,-1.092994690E0
1.109954532E2,5.092119575E-1,1.253854513E0,-1.136671782E0
1.110002828E2,5.134730935E-1,1.311380506E0,-1.138802409E0
1.110054556E2,4.953630865E-1,1.328425288E0,-1.092994690E0
1.110104747E2,4.580776691E-1,1.269833922E0,-1.045056343E0
1.110158260E2,3.962904513E-1,1.156912446E0,-1.019489169E0
1.110206428E2,3.174584806E-1,1.084472299E0,-1.030142188E0
1.110258070E2,2.354306281E-1,1.099386454E0,-1.051448107E0
1.110307600E2,1.672516167E-1,1.138802409E0,-1.051448107E0
1.110359167E2,1.342274100E-1,1.118561745E0,-1.030142188E0
1.110408659E2,1.235744432E-1,1.067427516E0,-1.002444386E0
1.110460047E2,1.235744432E-1,1.016293287E0,-9.587672353E-1
1.110509848E2,1.246397421E-1,9.640937448E-1,-9.001759291E-1
1.110561864E2,1.235744432E-1,8.778046966E-1,-8.245398402E-1
1.110612212E2,1.406191885E-1,7.574261427E-1,-7.382507920E-1
1.110664291E2,1.565986425E-1,6.327863932E-1,-6.583535075E-1
1.110712794E2,1.587292403E-1,5.166690350E-1,-6.082845330E-1
1.110764874E2,1.672516167E-1,4.293146729E-1,-6.061539650E-1
1.110815103E2,1.864269674E-1,3.941598535E-1,-6.466352344E-1
1.110865559E2,1.885575503E-1,3.962904513E-1,-6.892471313E-1
1.110915634E2,1.672516167E-1,4.303799570E-1,-7.233366370E-1
1.110968454E2,1.448803842E-1,4.548817873E-1,-7.435772419E-1
1.111017716E2,1.331621110E-1,4.420982301E-1,-7.318589687E-1
1.111068579E2,1.257050335E-1,4.303799570E-1,-7.073571682E-1
1.111118746E2,1.150520667E-1,4.207922816E-1,-6.913776994E-1
1.111169863E2,1.086602882E-1,4.058781266E-1,-6.956388950E-1
1.111221174E2,9.587672353E-2,4.112046063E-1,-6.988347769E-1
1.111272875E2,8.522375673E-2,4.069434404E-1,-6.988347769E-1
1.111321677E2,9.587672353E-2,3.835068941E-1,-7.158795595E-1
1.111372814E2,1.246397421E-1,3.472867906E-1,-7.329242826E-1
1.111423527E2,1.672516167E-1,3.057402074E-1,-7.819279432E-1
1.111475761E2,2.205164731E-1,2.748466134E-1,-8.437151909E-1
1.111525548E2,2.695201337E-1,3.004137278E-1,-8.767393827E-1
1.111575686E2,2.705854177E-1,3.973557651E-1,-8.863270283E-1
1.111626018E2,2.418224066E-1,5.230607986E-1,-9.204165339E-1
1.111677262E2,2.439530045E-1,6.093498468E-1,-9.566366673E-1
1.111729183E2,2.812383771E-1,6.594188213E-1,-9.587672353E-1
1.111778327E2,3.376991153E-1,7.009654045E-1,-9.417225122E-1
1.111829056E2,3.824416101E-1,7.414466739E-1,-9.076330066E-1
1.111881569E2,3.962904513E-1,7.414466739E-1,-8.469110727E-1
1.111930563E2,4.090740085E-1,7.254672050E-1,-7.925809026E-1
1.111983238E2,4.293146729E-1,7.393160462E-1,-7.659484744E-1
1.112032293E2,4.335758388E-1,7.606220245E-1,-7.457078695E-1
1.112083220E2,4.175963998E-1,7.499690652E-1,-7.265325189E-1
1.112133823E2,3.984210491E-1,7.201407552E-1,-6.956388950E-1
1.112184374E2,3.845722079E-1,7.020306587E-1,-6.647452712E-1
1.112234297E2,3.867027760E-1,7.126836777E-1,-6.508964300E-1
1.112285721E2,3.962904513E-1,6.988347769E-1,-6.125457287E-1
1.112337563E2,3.909639716E-1,6.306557655E-1,-5.433014631E-1
1.112387724E2,3.845722079E-1,5.667379498E-1,-4.825794995E-1
1.112436968E2,3.898986876E-1,5.603461862E-1,-4.420982301E-1
1.112488992E2,3.952251673E-1,6.125457287E-1,-4.261187613E-1
1.112539041E2,3.792456985E-1,6.775288582E-1,-4.154658020E-1
1.112594195E2,3.504827023E-1,7.222713232E-1,-3.845722079E-1
1.112642073E2,3.185237944E-1,7.499690652E-1,-3.376991153E-1
1.112691770E2,2.940219641E-1,7.478384376E-1,-3.025443256E-1
1.112741520E2,2.801730931E-1,7.073571682E-1,-2.780424953E-1
1.112793680E2,2.609977424E-1,6.359822750E-1,-2.588671446E-1
1.112844231E2,2.450182885E-1,5.464973450E-1,-2.492794842E-1
1.112894118E2,2.290388346E-1,4.538165033E-1,-2.237123549E-1
1.112943239E2,2.290388346E-1,3.451561928E-1,-1.811004728E-1
1.112996430E2,2.599324584E-1,2.311694324E-1,-1.544680595E-1
1.113046175E2,2.940219641E-1,1.384886056E-1,-1.438150853E-1
1.113102424E2,3.121320009E-1,9.800732136E-2,-1.363580078E-1
1.113148206E2,3.185237944E-1,8.309315890E-2,-1.374233067E-1
1.113200839E2,3.014790416E-1,4.048128426E-2,-1.427497864E-1
1.113248492E2,2.759118974E-1,-2.237123623E-2,-1.534027606E-1
1.113300014E2,2.503447831E-1,-7.244019210E-2,-1.608598381E-1
1.113351317E2,2.247776538E-1,-8.735434711E-2,-1.576639414E-1
1.113402143E2,2.056023031E-1,-6.604841352E-2,-1.459456831E-1
1.113452193E2,1.981452256E-1,-3.195890784E-2,-1.171826646E-1
1.113502842E2,2.024064213E-1,-1.065296936E-3,-8.841964602E-2
1.113552481E2,2.056023031E-1,2.343653329E-2,-7.137489319E-2
1.113606876E2,2.087981999E-1,3.835069016E-2,-6.817900389E-2
1.113654515E2,2.002758235E-1,3.302420676E-2,-7.776667923E-2
1.113706197E2,1.896228492E-1,1.278356276E-2,-8.735434711E-2
1.113756431E2,1.842963696E-1,-2.130593872E-3,-1.022685021E-1
1.113807514E2,1.853616685E-1,-3.089361079E-2,-1.299662292E-1
1.113857630E2,2.002758235E-1,-6.817900389E-2,-1.747086942E-1
1.113909202E2,2.119940966E-1,-1.022685021E-1,-2.226470560E-1
1.113959377E2,2.247776538E-1,-1.331621110E-1,-2.439530045E-1
1.114009873E2,2.450182885E-1,-1.491415650E-1,-2.556712627E-1
1.114059808E2,2.684548199E-1,-1.459456831E-1,-2.727160156E-1
1.114111476E2,2.769772112E-1,-1.438150853E-1,-2.993484437E-1
1.114161392E2,2.684548199E-1,-1.502068639E-1,-3.483521044E-1
1.114212537E2,2.524753809E-1,-1.800351888E-1,-4.335758388E-1
1.114274414E2,2.386265099E-1,-2.034717202E-1,-5.081466436E-1
1.114313608E2,2.290388346E-1,-2.237123549E-1,-5.614115000E-1
1.114365083E2,2.162552774E-1,-2.087981999E-1,-5.976315737E-1
1.114415192E2,2.045370042E-1,-1.406191885E-1,-6.178722382E-1
1.114466532E2,2.045370042E-1,-5.006895587E-2,-6.242640018E-1
1.114517437E2,1.981452256E-1,3.835069016E-2,-6.306557655E-1
1.114569601E2,1.970799267E-1,6.924430281E-2,-6.466352344E-1
1.114618739E2,1.981452256E-1,7.883197069E-2,-6.583535075E-1
1.114669709E2,1.928187460E-1,1.395539045E-1,-6.636800170E-1
1.114718432E2,2.087981999E-1,2.322347313E-1,-6.839206219E-1
1.114769402E2,2.418224066E-1,3.068055212E-1,-7.062918544E-1
1.114820804E2,2.748466134E-1,3.281114697E-1,-7.307937145E-1
1.114872233E2,3.089361191E-1,3.600703776E-1,-7.787320614E-1
1.114922518E2,3.504827023E-1,4.271840751E-1,-8.117562532E-1
1.114973858E2,3.973557651E-1,4.697959423E-1,-8.021686077E-1
1.115025465E2,4.602082670E-1,4.357064366E-1,-7.936462164E-1
1.115075754E2,5.592808723E-1,3.398297131E-1,-8.117562532E-1
1.115125902E2,6.626147032E-1,2.066676021E-1,-8.554334641E-1
1.115177052E2,7.307937145E-1,1.193132550E-1,-9.236124158E-1
1.115227119E2,7.829932570E-1,1.054643989E-1,-9.885955453E-1
1.115277623E2,8.373233676E-1,1.150520667E-1,-1.051448107E0
1.115328471E2,8.703476191E-1,1.853616685E-1,-1.128149509E0
1.115380430E2,8.692823052E-1,3.387644291E-1,-1.181414247E0
1.115429447E2,8.394539952E-1,4.708612561E-1,-1.181414247E0
1.115480776E2,7.659484744E-1,5.134730935E-1,-1.128149509E0
1.115530579E2,6.700717807E-1,5.156037211E-1,-1.066362262E0
1.115583376E2,5.976315737E-1,5.433014631E-1,-1.003509760E0
1.115632659E2,5.614115000E-1,5.912398100E-1,-9.438530803E-1
1.115683147E2,5.560849905E-1,6.796594262E-1,-8.905882239E-1
1.115734119E2,5.518237948E-1,8.128215671E-1,-8.469110727E-1
1.115784951E2,5.177342892E-1,9.012411833E-1,-7.766014934E-1
1.115835310E2,4.708612561E-1,9.704855084E-1,-6.690064669E-1
1.115886235E2,4.367717505E-1,9.949873090E-1,-5.816521049E-1
1.115936112E2,4.516859055E-1,9.960526228E-1,-5.262566805E-1
1.115988725E2,5.006895661E-1,9.992485046E-1,-4.921671748E-1
1.116038312E2,5.571503043E-1,1.004575014E0,-4.836448133E-1
1.116090342E2,6.189374924E-1,1.002444386E0,-4.847100973E-1
1.116139405E2,6.796594262E-1,9.640937448E-1,-4.857754111E-1
1.116193147E2,7.190754414E-1,8.714128733E-1,-5.017548800E-1
1.116243257E2,7.105530500E-1,7.307937145E-1,-5.241261125E-1
1.116292465E2,6.722023487E-1,5.784562230E-1,-5.496932268E-1
1.116342330E2,6.317210793E-1,4.207922816E-1,-5.912398100E-1
1.116393286E2,6.082845330E-1,2.833689749E-1,-6.370475888E-1
1.116446043E2,6.061539650E-1,2.215817571E-1,-6.796594262E-1
1.116496948E2,6.178722382E-1,2.279735506E-1,-7.094877362E-1
1.116544923E2,6.274598837E-1,2.056023031E-1,-7.158795595E-1
1.116596862E2,6.274598837E-1,1.619251370E-1,-7.020306587E-1
1.116646824E2,6.285251975E-1,1.182479635E-1,-6.839206219E-1
1.116698763E2,6.519617438E-1,1.097255871E-1,-6.796594262E-1
1.116748508E2,6.967042089E-1,1.384886056E-1,-6.711370945E-1
1.116799641E2,7.339895964E-1,1.672516167E-1,-6.562229395E-1
1.116849644E2,7.670137882E-1,1.896228492E-1,-6.668758988E-1
1.116900707E2,7.979074121E-1,2.098634988E-1,-7.020306587E-1
1.116950665E2,8.234745264E-1,2.237123549E-1,-7.126836777E-1
1.116998952E2,8.394539952E-1,2.311694324E-1,-6.807247400E-1
1.117052144E2,8.319969177E-1,2.343653291E-1,-6.391781569E-1
1.117105310E2,8.192133307E-1,2.716507316E-1,-6.274598837E-1
1.117153852E2,8.256051540E-1,3.685927391E-1,-6.413087845E-1
1.117205255E2,8.564987183E-1,4.548817873E-1,-6.615493894E-1
1.117256229E2,8.703476191E-1,5.251913667E-1,-6.753982306E-1
1.117308137E2,8.980453014E-1,5.571503043E-1,-6.679411530E-1
1.117356483E2,9.236124158E-1,5.720644593E-1,-6.445046663E-1
1.117408826E2,9.140247703E-1,5.187996030E-1,-5.933703780E-1
1.117459044E2,8.905882239E-1,4.378370345E-1,-5.369096398E-1
1.117508910E2,8.810005784E-1,3.856374919E-1,-5.070813298E-1
1.117560386E2,8.895229697E-1,3.334379494E-1,-5.081466436E-1
1.117610411E2,9.033718109E-1,2.567365468E-1,-5.337137580E-1
1.117661118E2,9.012411833E-1,1.587292403E-1,-5.646073818E-1
1.117713690E2,8.884576559E-1,7.776667923E-2,-5.912398100E-1
1.117762106E2,8.639557958E-1,6.178722158E-2,-6.114804149E-1
1.117813346E2,8.224092126E-1,7.776667923E-2,-6.221334338E-1
1.117864242E2,7.339895964E-1,1.235744432E-1,-6.221334338E-1
1.117915369E2,6.871165037E-1,1.608598381E-1,-5.827174187E-1
1.117965349E2,6.828553081E-1,2.130593807E-1,-5.305178761E-1
1.118016014E2,6.807247400E-1,2.737812996E-1,-4.825794995E-1
1.118066123E2,6.999000907E-1,3.302420378E-1,-4.197269976E-1
1.118117483E2,7.350549102E-1,4.463594258E-1,-3.547438681E-1
1.118168526E2,7.627525926E-1,5.976315737E-1,-2.982831299E-1
1.118219119E2,7.904503345E-1,7.499690652E-1,-2.620630562E-1
1.118268793E2,8.426498771E-1,9.310694933E-1,-2.578018606E-1
1.118321083E2,9.289389253E-1,1.071688771E0,-2.780424953E-1
1.118370661E2,1.000313878E0,1.150520682E0,-3.121320009E-1
1.118423405E2,1.042925715E0,1.216569066E0,-3.568744659E-1
1.118471696E2,1.061035752E0,1.273029804E0,-3.920292854E-1
1.118523524E2,1.035468578E0,1.291139841E0,-4.058781266E-1
1.118573903E2,9.672896266E-1,1.283682823E0,-4.218575954E-1
1.118624745E2,9.268083572E-1,1.358253598E0,-4.144005179E-1
1.118675582E2,9.491795897E-1,1.547876477E0,-3.898986876E-1
1.118726229E2,1.028011560E0,1.786502957E0,-3.952251673E-1
1.118777567E2,1.098321199E0,1.940971017E0,-4.048128426E-1
1.118828066E2,1.141998291E0,1.970799327E0,-3.781804144E-1
1.118878737E2,1.132410645E0,1.880249143E0,-3.504827023E-1
1.118931262E2,1.085537553E0,1.788633585E0,-3.142625988E-1
1.118979992E2,1.073819280E0,1.796090603E0,-2.364959270E-1
1.119032056E2,1.083406925E0,1.847224832E0,-1.267703325E-1
1.119081658E2,1.075949907E0,1.917534471E0,-3.195890691E-3
1.119132503E2,1.008836150E0,1.928187490E0,1.054643989E-1
1.119182282E2,8.916535378E-1,1.875987887E0,2.130593807E-1
1.119235303E2,7.829932570E-1,1.856812596E0,3.398297131E-1
1.119283851E2,6.967042089E-1,1.861073732E0,4.591429830E-1
1.119334656E2,6.210681200E-1,1.893032670E0,5.699338317E-1
1.119384819E2,5.667379498E-1,1.971864581E0,6.999000907E-1
1.119435975E2,5.422361493E-1,2.063480139E0,8.479763865E-1
1.119486393E2,5.518237948E-1,2.142312050E0,9.939220548E-1
1.119538389E2,5.901744962E-1,2.158291578E0,1.102582335E0
1.119588170E2,6.381128430E-1,2.075198412E0,1.147324800E0
1.119640096E2,6.647452712E-1,1.903685570E0,1.153716564E0
1.119689343E2,7.520996332E-1,1.874922633E0,1.257050395E0
1.119740437E2,8.756740689E-1,1.936709881E0,1.430693746E0
1.119790758E2,8.756740689E-1,1.788633585E0,1.433889627E0
1.119842164E2,8.042991757E-1,1.611794233E0,1.368906617E0
1.119894191E2,7.339895964E-1,1.469044447E0,1.348665953E0
1.119945821E2,6.647452712E-1,1.390212536E0,1.339078307E0
1.119993354E2,5.837827325E-1,1.349731207E0,1.327360034E0
1.120045849E2,5.187996030E-1,1.378494263E0,1.312445879E0
1.120094875E2,4.431635141E-1,1.590488315E0,1.268768668E0
1.120145955E2,3.707233369E-1,1.881314397E0,1.218699694E0
1.120197054E2,2.748466134E-1,2.173205853E0,1.178218365E0
1.120247810E2,1.278356314E-1,2.375612259E0,1.203785539E0
1.120297723E2,-8.522375673E-2,2.532210827E0,1.221895576E0
1.120349230E2,-3.675274551E-1,2.774033308E0,1.151585937E0
1.120400566E2,-6.700717807E-1,2.891215801E0,1.032272696E0
1.120451049E2,-8.810005784E-1,2.738878489E0,9.182859659E-1
1.120500882E2,-9.885955453E-1,2.426746368E0,7.563608289E-1
1.120551925E2,-1.026946187E0,2.091177940E0,5.283873081E-1
1.120602367E2,-1.000313878E0,1.762001157E0,3.036096394E-1
1.120653098E2,-9.214818478E-1,1.448803782E0,1.470109820E-1
1.120703292E2,-8.096256852E-1,1.184610248E0,6.604841352E-2
1.120754610E2,-6.732676625E-1,9.896608591E-1,3.302420676E-2
1.120804602E2,-5.294525623E-1,8.511722684E-1,3.835069016E-2
1.120856601E2,-3.909639716E-1,7.829932570E-1,7.030959427E-2
1.120906079E2,-2.908260524E-1,7.648832202E-1,1.267703325E-1
1.120958107E2,-2.386265099E-1,7.403813601E-1,2.141246796E-1
1.121007821E2,-2.183858752E-1,7.190754414E-1,3.227849603E-1
1.121058892E2,-2.119940966E-1,7.520996332E-1,4.218575954E-1
1.121109227E2,-2.162552774E-1,8.554334641E-1,4.953630865E-1
1.121160688E2,-2.279735506E-1,9.758120179E-1,5.454320312E-1
1.121210695E2,-2.290388346E-1,1.058905125E0,5.731297731E-1
1.121264348E2,-2.141246796E-1,1.095125198E0,5.646073818E-1
1.121312324E2,-1.885575503E-1,1.078080535E0,5.017548800E-1
1.121364141E2,-1.651210189E-1,1.012032032E0,3.856374919E-1
1.121413535E2,-1.278356314E-1,8.916535378E-1,2.386265099E-1
1.121461292E2,-6.924430281E-2,7.265325189E-1,7.670138031E-2
1.121515213E2,8.522375487E-3,5.326484442E-1,-8.841964602E-2
1.121565878E2,5.752603337E-2,3.984210491E-1,-2.279735506E-1
1.121618968E2,9.268083423E-2,3.355685472E-1,-3.355685472E-1
1.121668301E2,1.161173657E-1,3.057402074E-1,-4.080087245E-1
1.121718748E2,1.299662292E-1,2.759118974E-1,-4.484900236E-1
1.121769138E2,1.214438528E-1,2.301041335E-1,-4.559471011E-1
1.121815997E2,7.670138031E-2,2.333000302E-1,-4.271840751E-1
1.121870524E2,2.024064213E-2,3.504827023E-1,-3.483521044E-1
1.121920101E2,-2.450183034E-2,5.358443856E-1,-2.428877056E-1
1.121971892E2,-6.285251677E-2,7.275978327E-1,-1.278356314E-1
1.122022153E2,-1.150520667E-1,8.916535378E-1,-1.917534508E-2
1.122073884E2,-1.555333585E-1,1.006705642E0,6.604841352E-2
1.122124953E2,-1.906881481E-1,1.064231634E0,1.214438528E-1
1.122174953E2,-2.364959270E-1,1.068492770E0,1.352927089E-1
1.122225473E2,-2.993484437E-1,1.042925715E0,9.907261282E-2
1.122275997E2,-3.771151006E-1,1.085537553E0,2.450183034E-2
1.122326765E2,-4.239881933E-1,1.186740756E0,-8.948494494E-2
1.122377560E2,-4.090740085E-1,1.209112048E0,-2.130593807E-1
1.122428812E2,-3.568744659E-1,1.165434837E0,-3.206543922E-1
1.122479177E2,-3.259808719E-1,1.186740756E0,-4.133352041E-1
1.122529439E2,-2.982831299E-1,1.284748077E0,-5.187996030E-1
1.122582142E2,-2.162552774E-1,1.311380506E0,-6.327863932E-1
1.122630718E2,-9.268083423E-2,1.205916166E0,-7.286630869E-1
1.122681784E2,1.278356276E-2,1.071688771E0,-7.979074121E-1
1.122734313E2,1.150520667E-1,1.003509760E0,-8.362581134E-1
1.122783450E2,2.322347313E-1,1.010966778E0,-8.447804451E-1
1.122833862E2,3.366338313E-1,1.012032032E0,-8.810005784E-1
1.122884625E2,3.835068941E-1,9.406571984E-1,-9.768772721E-1
1.122935166E2,3.366338313E-1,6.999000907E-1,-1.064231634E0
1.122986382E2,2.652589381E-1,4.261187613E-1,-1.110039353E0
1.123037221E2,2.024064213E-1,2.705854177E-1,-1.161173701E0
1.123087526E2,1.363580078E-1,2.045370042E-1,-1.216569066E0
1.123138466E2,4.687306657E-2,1.097255871E-1,-1.248528004E0
1.123189797E2,-4.474247247E-2,1.278356276E-2,-1.254919767E0
1.123238864E2,-2.876301669E-2,1.555333585E-1,-1.284748077E0
1.123291334E2,1.097255871E-1,4.378370345E-1,-1.324164033E0
1.123340612E2,2.301041335E-1,4.879060090E-1,-1.311380506E0
1.123394772E2,3.419603109E-1,4.729918540E-1,-1.295401096E0
1.123443335E2,4.740571380E-1,5.475625992E-1,-1.298596978E0
1.123493766E2,6.253293157E-1,6.849859357E-1,-1.279421568E0
1.123543536E2,7.936462164E-1,8.415845633E-1,-1.225091457E0
1.123594357E2,9.459837079E-1,1.004575014E0,-1.151585937E0
1.123645271E2,1.053578615E0,1.131345391E0,-1.059970498E0
1.123695682E2,1.127084136E0,1.201654911E0,-9.545060396E-1
1.123748214E2,1.173957229E0,1.221895576E0,-8.554334641E-1
1.123798953E2,1.199524403E0,1.180348992E0,-7.766014934E-1
1.123847821E2,1.191002011E0,1.078080535E0,-7.084224820E-1
1.123899272E2,1.154781938E0,9.704855084E-1,-6.263945699E-1
1.123949117E2,1.116431236E0,8.788699508E-1,-5.326484442E-1
1.124000788E2,1.085537553E0,7.883197069E-1,-4.559471011E-1
1.124050393E2,1.042925715E0,6.775288582E-1,-4.058781266E-1
1.124101381E2,9.928567410E-1,5.933703780E-1,-3.515479863E-1
1.124151824E2,9.566366673E-1,5.699338317E-1,-2.844342887E-1
1.124203532E2,9.342654347E-1,5.912398100E-1,-2.130593807E-1
1.124253386E2,9.406571984E-1,6.221334338E-1,-1.576639414E-1
1.124304548E2,9.289389253E-1,6.082845330E-1,-9.481142461E-2
1.124355027E2,9.076330066E-1,5.752603412E-1,-8.522375487E-3
1.124406354E2,9.012411833E-1,5.560849905E-1,7.563608140E-2
1.124456108E2,9.076330066E-1,5.347790718E-1,1.299662292E-1
1.124507483E2,9.023064971E-1,4.740571380E-1,1.278356314E-1
1.124557569E2,8.724781871E-1,3.494173884E-1,7.244019210E-2
1.124608939E2,8.298662901E-1,1.949493438E-1,-1.065296959E-2
1.124659805E2,7.893850207E-1,4.687306657E-2,-1.065296903E-1
1.124711646E2,7.627525926E-1,-5.646073818E-2,-2.066676021E-1
1.124760914E2,7.478384376E-1,-1.651210189E-1,-2.982831299E-1
1.124812040E2,7.584913969E-1,-2.908260524E-1,-3.771151006E-1
1.124862912E2,7.851238251E-1,-3.952251673E-1,-4.506205916E-1
1.124913874E2,8.266704082E-1,-4.676653445E-1,-5.262566805E-1
1.124963183E2,8.703476191E-1,-5.241261125E-1,-5.869786143E-1
1.125015826E2,9.342654347E-1,-5.560849905E-1,-6.306557655E-1
1.125064573E2,1.018423915E0,-5.571503043E-1,-6.732676625E-1
1.125116482E2,1.095125198E0,-5.475625992E-1,-7.094877362E-1
1.125166430E2,1.131345391E0,-5.326484442E-1,-7.329242826E-1
1.125217529E2,1.126018882E0,-5.038854480E-1,-7.435772419E-1
1.125267982E2,1.102582335E0,-4.655347466E-1,-7.350549102E-1
1.125320787E2,1.079145789E0,-4.314452708E-1,-7.116183639E-1
1.125369926E2,1.058905125E0,-4.037475288E-1,-6.807247400E-1
1.125419942E2,1.042925715E0,-3.813762963E-1,-6.434393525E-1
1.125470517E2,1.018423915E0,-3.888333738E-1,-6.082845330E-1
1.125522175E2,9.971179366E-1,-4.314452708E-1,-5.720644593E-1
1.125572375E2,9.811384678E-1,-4.964283705E-1,-5.337137580E-1
1.125623367E2,9.726160765E-1,-5.411708355E-1,-4.953630865E-1
1.125674173E2,9.822037816E-1,-5.379749537E-1,-4.602082670E-1
1.125725519E2,1.009901524E0,-5.273219943E-1,-4.463594258E-1
1.125776539E2,1.038664460E0,-5.401055217E-1,-4.687306583E-1
1.125825933E2,1.045056343E0,-5.582156181E-1,-4.932324886E-1
1.125878057E2,1.031207442E0,-5.294525623E-1,-5.038854480E-1
1.125927520E2,9.992485046E-1,-4.335758388E-1,-5.028201342E-1
1.125977843E2,9.598325491E-1,-2.876301706E-1,-4.751224220E-1
1.126027885E2,9.129594564E-1,-1.225091442E-1,-4.186616838E-1
1.126078987E2,8.607599139E-1,1.278356276E-2,-3.494173884E-1
1.126132291E2,8.096256852E-1,1.171826646E-1,-2.727160156E-1
1.126181008E2,7.648832202E-1,2.087981999E-1,-1.949493438E-1
1.126233265E2,7.350549102E-1,2.918913662E-1,-1.193132550E-1
1.126284967E2,7.265325189E-1,3.536785841E-1,-4.793836176E-2
1.126333993E2,7.254672050E-1,3.973557651E-1,1.491415687E-2
1.126383759E2,7.350549102E-1,4.410329461E-1,6.498311460E-2
1.126434265E2,7.542302012E-1,4.921671748E-1,1.001379117E-1
1.126484715E2,7.734055519E-1,5.528891087E-1,1.193132550E-1
1.126538786E2,7.819279432E-1,5.859133005E-1,1.075949892E-1
1.126586533E2,7.744708657E-1,5.816521049E-1,6.391781569E-2
1.126637790E2,7.563608289E-1,5.624767542E-1,0.000000000E0
1.126689038E2,7.244018912E-1,5.571503043E-1,-6.924430281E-2
1.126741487E2,6.700717807E-1,5.539544225E-1,-1.289009303E-1
1.126789844E2,5.944356918E-1,5.241261125E-1,-1.885575503E-1
1.126840458E2,4.911018908E-1,4.612735808E-1,-2.460835874E-1
1.126892938E2,3.685927391E-1,4.058781266E-1,-2.780424953E-1
1.126943057E2,2.396918088E-1,4.026822448E-1,-2.780424953E-1
1.126992302E2,1.161173657E-1,4.420982301E-1,-2.620630562E-1
1.127042990E2,-1.065296959E-2,4.900365770E-1,-2.407571077E-1
1.127093766E2,-1.438150853E-1,5.145384073E-1,-2.247776538E-1
1.127143658E2,-2.801730931E-1,5.209302306E-1,-2.205164731E-1
1.127194941E2,-4.048128426E-1,5.454320312E-1,-2.226470560E-1
1.127247388E2,-5.006895661E-1,6.018927693E-1,-2.333000302E-1
1.127296092E2,-5.699338317E-1,6.753982306E-1,-2.524753809E-1
1.127348176E2,-6.157416105E-1,7.478384376E-1,-2.716507316E-1
1.127398483E2,-6.349169612E-1,8.138868809E-1,-2.940219641E-1
1.127450461E2,-6.306557655E-1,8.586293459E-1,-3.249155581E-1
1.127499347E2,-6.136110425E-1,8.873923421E-1,-3.590050638E-1
1.127550768E2,-5.869786143E-1,9.204165339E-1,-3.856374919E-1
1.127600421E2,-5.560849905E-1,9.438530803E-1,-4.037475288E-1
1.127652038E2,-5.283873081E-1,9.513101578E-1,-4.186616838E-1
1.127703634E2,-5.060160160E-1,9.491795897E-1,-4.410329461E-1
1.127754453E2,-5.049507618E-1,9.150900841E-1,-4.974936545E-1
1.127804630E2,-5.315831900E-1,8.256051540E-1,-5.709991455E-1
1.127854616E2,-5.656726956E-1,7.201407552E-1,-6.381128430E-1
1.127906280E2,-5.955010056E-1,6.413087845E-1,-7.073571682E-1
1.127956212E2,-6.178722382E-1,5.848480463E-1,-7.755361795E-1
1.128006072E2,-6.242640018E-1,5.539544225E-1,-8.351927996E-1
1.128058556E2,-6.221334338E-1,5.230607986E-1,-8.927188516E-1
1.128109400E2,-6.146763563E-1,5.049507618E-1,-9.470489621E-1
1.128159492E2,-6.178722382E-1,4.815142155E-1,-9.928567410E-1
1.128209263E2,-6.295905113E-1,4.516859055E-1,-1.028011560E0
1.128260632E2,-6.604840755E-1,5.092119575E-1,-1.051448107E0
1.128310603E2,-6.807247400E-1,6.221334338E-1,-1.067427516E0
1.128361401E2,-6.626147032E-1,7.148142457E-1,-1.050382733E0
1.128413525E2,-6.210681200E-1,7.840585709E-1,-1.006705642E0
1.128463143E2,-5.976315737E-1,9.822037816E-1,-9.853996634E-1
1.128515311E2,-6.391781569E-1,9.896608591E-1,-1.009901524E0
1.128564932E2,-6.999000907E-1,7.595567107E-1,-1.019489169E0
1.128614661E2,-7.307937145E-1,5.092119575E-1,-1.020554423E0
1.128667125E2,-7.361201644E-1,2.854995728E-1,-1.003509760E0
1.128717603E2,-7.478384376E-1,2.109287977E-1,-9.608978629E-1
1.128766946E2,-7.222713232E-1,1.331621110E-1,-9.055023789E-1
1.128818187E2,-6.583535075E-1,-3.835069016E-2,-8.106909394E-1
1.128869185E2,-6.178722382E-1,-1.512721628E-1,-6.892471313E-1
1.128919546E2,-5.763256550E-1,-1.640557349E-1,-5.837827325E-1
1.128970964E2,-4.666000605E-1,-2.194511741E-1,-4.708612561E-1
1.129020527E2,-3.163931966E-1,-3.153278828E-1,-3.259808719E-1
1.129071319E2,-1.885575503E-1,-2.748466134E-1,-1.544680595E-1
1.129123513E2,-5.646073818E-2,-9.907261282E-2,0.000000000E0
1.129173419E2,1.129214764E-1,-6.391781382E-3,1.502068639E-1
1.129223689E2,2.737812996E-1,3.622009605E-2,3.078708053E-1
1.129275472E2,4.058781266E-1,1.001379117E-1,4.538165033E-1
1.129325039E2,5.209302306E-1,1.619251370E-1,5.837827325E-1
1.129378021E2,6.200028062E-1,1.832310706E-1,7.180101275E-1
1.129426905E2,6.913776994E-1,1.928187460E-1,8.522375226E-1
1.129478811E2,7.318589687E-1,2.183858752E-1,9.790078998E-1
1.129527411E2,7.552955151E-1,2.599324584E-1,1.110039353E0
1.129579134E2,7.638179064E-1,3.131972849E-1,1.241070986E0
1.129628664E2,7.467731237E-1,3.355685472E-1,1.345470071E0
1.129680248E2,7.030959725E-1,2.897607684E-1,1.418975472E0
1.129730894E2,6.263945699E-1,1.651210189E-1,1.441346765E0
1.129781815E2,5.102772117E-1,-4.474247247E-2,1.400865436E0
1.129831777E2,3.749845326E-1,-2.567365468E-1,1.349731207E0
1.129883807E2,2.567365468E-1,-3.835068941E-1,1.311380506E0
1.129933420E2,1.725780964E-1,-4.346411526E-1,1.300727606E0
1.129986102E2,1.235744432E-1,-4.399676323E-1,1.320968151E0
1.130034920E2,9.907261282E-2,-4.048128426E-1,1.380624771E0
1.130086068E2,9.907261282E-2,-3.387644291E-1,1.478632092E0
1.130136747E2,1.374233067E-1,-2.546059787E-1,1.609663725E0
1.130187656E2,2.045370042E-1,-1.704475135E-1,1.757739902E0
1.130237482E2,2.929566503E-1,-1.565986425E-1,1.918599725E0
1.130289199E2,3.558091819E-1,-1.757739931E-1,2.083720922E0
1.130338984E2,3.760498166E-1,-1.406191885E-1,2.266951799E0
1.130390833E2,3.867027760E-1,-6.924430281E-2,2.474684715E0
1.130440074E2,4.016169310E-1,1.491415687E-2,2.688809395E0
1.130488166E2,3.952251673E-1,8.202786744E-2,2.866714001E0
1.130541997E2,3.376991153E-1,7.244019210E-2,2.983896732E0
1.130592875E2,2.396918088E-1,-3.408950195E-2,3.046749353E0
1.130644010E2,1.246397421E-1,-1.704475135E-1,3.081903934E0
1.130694677E2,1.704475097E-2,-2.269082516E-1,3.112797737E0
1.130745341E2,-5.539543927E-2,-1.960146427E-1,3.167127848E0
1.130796468E2,-1.065296903E-1,-1.182479635E-1,3.237437487E0
1.130847167E2,-1.597945392E-1,-3.408950195E-2,3.299224615E0
1.130897835E2,-1.906881481E-1,4.580776766E-2,3.349293470E0
1.130947278E2,-1.725780964E-1,1.150520667E-1,3.395101309E0
1.130999402E2,-1.193132550E-1,1.970799267E-1,3.439843893E0
1.131049447E2,-5.006895587E-2,2.950872481E-1,3.485651493E0
1.131103447E2,4.367717355E-2,3.888333738E-1,3.531459332E0
1.131150954E2,1.448803842E-1,4.239881933E-1,3.549569368E0
1.131201481E2,2.322347313E-1,3.781804144E-1,3.541047096E0
1.131252560E2,3.004137278E-1,3.345032334E-1,3.521871567E0
1.131303392E2,3.440909088E-1,3.302420378E-1,3.497369766E0
1.131356323E2,3.653968573E-1,3.057402074E-1,3.453692675E0
1.131405647E2,3.430256248E-1,1.992105246E-1,3.349293470E0
1.131455202E2,2.418224066E-1,-1.278356276E-2,3.160736084E0
1.131506555E2,8.735434711E-2,-2.503447831E-1,2.946611404E0
1.131556488E2,-7.457078248E-2,-3.930945694E-1,2.758053780E0
1.131608021E2,-2.407571077E-1,-4.303799570E-1,2.569496155E0
1.131657245E2,-4.133352041E-1,-4.080087245E-1,2.371351004E0
1.131710866E2,-5.986968875E-1,-3.994863629E-1,2.152965069E0
1.131758945E2,-7.989727259E-1,-4.271840751E-1,1.915403843E0
1.131813099E2,-1.057839870E0,-3.483521044E-1,1.705540419E0
1.131861030E2,-1.274095178E0,-2.258429527E-1,1.546811104E0
1.131912051E2,-1.407257199E0,-1.331621110E-1,1.414714336E0
1.131962255E2,-1.551072359E0,3.089361079E-2,1.330555916E0
1.132013435E2,-1.690626264E0,2.450182885E-1,1.252789140E0
1.132063485E2,-1.801417112E0,5.028201342E-1,1.170761347E0
1.132114361E2,-1.904750943E0,7.606220245E-1,1.127084136E0
1.132165052E2,-2.110353231E0,1.262376904E0,1.175022483E0
1.132215637E2,-2.442725897E0,1.919665098E0,1.306053996E0
1.132267220E2,-2.649393559E0,1.873857260E0,1.404061317E0
1.132317817E2,-2.795339108E0,1.579835415E0,1.466913939E0
1.132364170E2,-2.954068422E0,1.200589657E0,1.554268241E0
1.132418526E2,-3.053141117E0,1.138802409E0,1.628839016E0
1.132469106E2,-3.004137278E0,1.476501584E0,1.659732580E0
1.132520843E2,-2.786816835E0,1.906881571E0,1.738564610E0
1.132570513E2,-2.460835934E0,2.226470709E0,1.831245422E0
1.132621410E2,-2.194511652E0,2.522623062E0,1.871726751E0
1.132682394E2,-2.111418486E0,2.785751581E0,1.932448626E0
1.132723166E2,-2.142312050E0,2.932762384E0,2.012346029E0
1.132774703E2,-2.187054634E0,3.057402134E0,2.092243195E0
1.132824407E2,-2.236058235E0,3.220392704E0,2.162552834E0
1.132875065E2,-2.301041365E0,3.386579037E0,2.180662870E0
1.132925627E2,-2.395852804E0,3.510153294E0,2.150834560E0
1.132977139E2,-2.521557808E0,3.562352896E0,2.093308449E0
1.133028335E2,-2.663242340E0,3.543177605E0,2.011280537E0
1.133078487E2,-2.793208599E0,3.478194475E0,1.912207961E0
1.133128758E2,-2.898673058E0,3.418537855E0,1.800351858E0
1.133179840E2,-2.994549751E0,3.486716986E0,1.685299754E0
1.133230801E2,-3.142626047E0,3.642250299E0,1.590488315E0
1.133281081E2,-3.316269398E0,3.834003687E0,1.519113421E0
1.133331333E2,-3.437713146E0,4.077956676E0,1.487154484E0
1.133384336E2,-3.501631021E0,4.407133579E0,1.495676875E0
1.133432509E2,-3.532524586E0,4.814076900E0,1.564921141E0
1.133486849E2,-3.541047096E0,5.250848770E0,1.682103872E0
1.133534147E2,-3.524002314E0,5.691881657E0,1.798221231E0
1.133585026E2,-3.468606710E0,6.135045052E0,1.890902042E0
1.133634962E2,-3.384448290E0,6.546249866E0,1.953754544E0
1.133686864E2,-3.285375834E0,6.894601822E0,1.981452346E0
1.133738476E2,-3.183107138E0,7.164122105E0,1.999562383E0
1.133787961E2,-3.080838680E0,7.360136509E0,2.019803047E0
1.133838583E2,-2.979635477E0,7.482645512E0,2.028325319E0
1.133889963E2,-2.910391331E0,7.492233276E0,2.017672300E0
1.133939394E2,-2.876301765E0,7.398487091E0,1.996366501E0
1.133991620E2,-2.863518238E0,7.240823269E0,1.975060463E0
1.134040910E2,-2.849669218E0,7.098073483E0,1.936709881E0
1.134094048E2,-2.826232672E0,6.971302986E0,1.861073732E0
1.134142700E2,-2.797469854E0,6.826422691E0,1.770523548E0
1.134194365E2,-2.746335506E0,6.635734558E0,1.687430382E0
1.134245585E2,-2.678156614E0,6.448242188E0,1.612859607E0
1.134296791E2,-2.611042738E0,6.274599075E0,1.525505185E0
1.134346111E2,-2.532210827E0,6.075388432E0,1.424301982E0
1.134397787E2,-2.437399387E0,5.826108932E0,1.294335723E0
1.134446742E2,-2.317020893E0,5.578959942E0,1.123888254E0
1.134501034E2,-2.159356833E0,5.366965771E0,9.395918846E-1
1.134548390E2,-1.970799327E0,5.162428856E0,7.616873384E-1
1.134600483E2,-1.764131784E0,4.908888340E0,5.805868506E-1
1.134649694E2,-1.532962322E0,4.605278492E0,4.058781266E-1
1.134702973E2,-1.283682823E0,4.276102066E0,2.407571077E-1
1.134750921E2,-1.032272696E0,3.934141636E0,8.628904819E-2
1.134802030E2,-7.989727259E-1,3.570875406E0,-5.539543927E-2
1.134852569E2,-6.029580832E-1,3.191629648E0,-1.928187460E-1
1.134903913E2,-4.463594258E-1,2.851799965E0,-3.195890784E-1
1.134953799E2,-3.217196763E-1,2.553516865E0,-4.367717505E-1
1.135002352E2,-2.151899785E-1,2.293584347E0,-5.390402675E-1
1.135056096E2,-1.352927089E-1,2.062414885E0,-6.168069243E-1
1.135109396E2,-8.841964602E-2,1.842963696E0,-6.764635444E-1
1.135157406E2,-7.030959427E-2,1.638426661E0,-7.148142457E-1
1.135209242E2,-6.285251677E-2,1.440281510E0,-7.329242826E-1
1.135257807E2,-6.178722158E-2,1.243201494E0,-7.371854782E-1
1.135311521E2,-6.391781569E-2,1.059970498E0,-7.265325189E-1
1.135359772E2,-5.965662748E-2,9.108288884E-1,-6.956388950E-1
1.135410590E2,-5.219954997E-2,7.840585709E-1,-6.519617438E-1
1.135462388E2,-4.580776766E-2,6.764635444E-1,-5.955010056E-1
1.135512651E2,-4.261187837E-2,5.944356918E-1,-5.379749537E-1
1.135562245E2,-4.580776766E-2,5.560849905E-1,-4.804489315E-1
1.135614106E2,-6.285251677E-2,5.582156181E-1,-4.261187613E-1
1.135663995E2,-9.907261282E-2,5.624767542E-1,-3.760498166E-1
1.135715182E2,-1.459456831E-1,5.550196767E-1,-3.355685472E-1
1.135765906E2,-1.842963696E-1,5.475625992E-1,-3.068055212E-1
1.135817259E2,-2.066676021E-1,5.496932268E-1,-2.940219641E-1
1.135868827E2,-2.162552774E-1,5.443667173E-1,-3.036096394E-1
1.135917954E2,-2.311694324E-1,5.475625992E-1,-3.398297131E-1
1.135968429E2,-2.854995728E-1,6.008274555E-1,-3.952251673E-1
1.136019838E2,-3.611356616E-1,6.775288582E-1,-4.634041786E-1
1.136069350E2,-4.218575954E-1,7.073571682E-1,-5.262566805E-1
1.136121176E2,-4.506205916E-1,6.658105850E-1,-5.891091824E-1
1.136171413E2,-4.697959423E-1,6.519617438E-1,-6.477005482E-1
1.136222161E2,-4.815142155E-1,6.477005482E-1,-7.126836777E-1
1.136272816E2,-4.751224220E-1,6.242640018E-1,-7.776667476E-1
1.136323830E2,-4.538165033E-1,5.986968875E-1,-8.319969177E-1
1.136374274E2,-4.293146729E-1,5.539544225E-1,-8.703476191E-1
1.136425655E2,-4.090740085E-1,5.166690350E-1,-9.012411833E-1
1.136475920E2,-3.920292854E-1,4.996242523E-1,-9.204165339E-1
1.136526847E2,-3.920292854E-1,4.761877358E-1,-9.289389253E-1
1.136580099E2,-4.090740085E-1,4.463594258E-1,-9.257430434E-1
1.136627975E2,-4.261187613E-1,4.090740085E-1,-9.161553383E-1
1.136678874E2,-4.271840751E-1,3.994863629E-1,-9.033718109E-1
1.136729468E2,-4.144005179E-1,4.357064366E-1,-8.192133307E-1
1.136779090E2,-4.325105548E-1,5.326484442E-1,-5.571503043E-1
1.136832521E2,-4.197269976E-1,5.305178761E-1,-3.259808719E-1
1.136881397E2,-3.760498166E-1,4.516859055E-1,-2.056023031E-1
1.136931730E2,-3.803110123E-1,4.399676323E-1,-1.448803842E-1
1.136982121E2,-4.101393223E-1,5.081466436E-1,-1.289009303E-1
1.137034289E2,-4.442288280E-1,6.658105850E-1,-1.491415650E-1
1.137085966E2,-4.900365770E-1,8.671516776E-1,-2.013411224E-1
1.137137062E2,-5.518237948E-1,1.039729834E0,-2.780424953E-1
1.137185138E2,-6.168069243E-1,1.163304210E0,-3.685927391E-1
1.137237064E2,-6.796594262E-1,1.252789140E0,-4.580776691E-1
1.137287202E2,-7.542302012E-1,1.279421568E0,-5.401055217E-1
1.137338326E2,-8.511722684E-1,1.166500092E0,-6.104151607E-1
1.137387830E2,-9.736813903E-1,9.097635746E-1,-6.455699205E-1
1.137439556E2,-1.111104727E0,5.773909688E-1,-6.413087845E-1
1.137489734E2,-1.230417967E0,2.194511741E-1,-6.082845330E-1
1.137540539E2,-1.312445879E0,-1.342274100E-1,-5.571503043E-1
1.137591978E2,-1.323098779E0,-4.378370345E-1,-5.443667173E-1
1.137642087E2,-1.242136240E0,-5.912398100E-1,-6.008274555E-1
1.137693870E2,-1.096190572E0,-6.295905113E-1,-6.881818175E-1
1.137743568E2,-9.246777296E-1,-6.636800170E-1,-7.616873384E-1
1.137794769E2,-7.350549102E-1,-6.785941720E-1,-8.266704082E-1
1.137844949E2,-5.273219943E-1,-6.423740387E-1,-8.703476191E-1
1.137897035E2,-3.100014031E-1,-5.784562230E-1,-8.948494196E-1
1.137946495E2,-9.587672353E-2,-5.070813298E-1,-8.959147334E-1
1.137996670E2,1.097255871E-1,-4.229228795E-1,-8.820658922E-1
1.138048325E2,2.982831299E-1,-3.057402074E-1,-8.575640321E-1
1.138098155E2,4.559471011E-1,-1.470109820E-1,-8.309316039E-1
1.138153609E2,5.816521049E-1,2.237123623E-2,-7.851238251E-1
1.138201761E2,6.753982306E-1,1.693822145E-1,-7.222713232E-1
1.138250634E2,7.307937145E-1,2.940219641E-1,-6.466352344E-1
1.138300507E2,7.478384376E-1,3.952251673E-1,-5.699338317E-1
1.138353460E2,7.371854782E-1,4.570123851E-1,-5.177342892E-1
1.138401826E2,7.041612864E-1,5.187996030E-1,-4.857754111E-1
1.138457365E2,6.540923119E-1,5.592808723E-1,-4.559471011E-1
1.138504555E2,5.965662599E-1,5.560849905E-1,-4.250534773E-1
1.138554959E2,5.560849905E-1,4.729918540E-1,-4.048128426E-1
1.138605385E2,5.614115000E-1,2.279735506E-1,-4.122699201E-1
1.138656381E2,6.349169612E-1,-1.949493438E-1,-4.452941120E-1
1.138707933E2,7.627525926E-1,-6.434393525E-1,-4.985589683E-1
1.138757514E2,9.246777296E-1,-9.981832504E-1,-5.731297731E-1
1.138808096E2,1.131345391E0,-1.211242557E0,-6.594188213E-1
1.138860519E2,1.376363635E0,-1.284748077E0,-7.531649470E-1
1.138910678E2,1.656536698E0,-1.268768668E0,-8.490416408E-1
1.138961246E2,1.962276936E0,-1.225091457E0,-9.449183941E-1
1.139010456E2,2.288257837E0,-1.157977819E0,-1.033338070E0
1.139061707E2,2.615303993E0,-1.054643989E0,-1.114300609E0
1.139113854E2,2.931697130E0,-9.427877665E-1,-1.181414247E0
1.139164790E2,3.238502741E0,-8.575640321E-1,-1.231483221E0
1.139215398E2,3.529328823E0,-8.053644896E-1,-1.262376904E0
1.139266669E2,3.798848867E0,-7.851238251E-1,-1.274095178E0
1.139314743E2,4.012973785E0,-6.487658620E-1,-1.243201494E0
1.139367122E2,4.096066952E0,-1.129214764E-1,-1.108974099E0
1.139416922E2,4.024692059E0,6.508964300E-1,-8.383886814E-1
1.139467531E2,3.885138035E0,1.001379132E0,-4.964283705E-1
1.139518983E2,3.596442461E0,5.923051238E-1,-5.326484516E-2
1.139570710E2,3.156474829E0,-1.352927089E-1,4.964283705E-1
1.139619362E2,2.729290724E0,-6.295905113E-1,1.019489169E0
1.139670853E2,2.241384745E0,-8.628905416E-1,1.444542646E0
1.139721202E2,1.711932182E0,-8.799352646E-1,1.689560890E0
1.139772569E2,1.198459029E0,-7.702096701E-1,1.602206588E0
1.139822676E2,7.137489319E-1,-6.764635444E-1,1.232548594E0
1.139874703E2,2.631283402E-1,-6.711370945E-1,8.021686077E-1
1.139923374E2,-8.948494494E-2,-7.797973752E-1,4.964283705E-1
1.139975271E2,-3.419603109E-1,-9.161553383E-1,4.005516469E-1
1.140025684E2,-5.507585406E-1,-9.012411833E-1,5.017548800E-1
1.140076218E2,-6.679411530E-1,-5.795215368E-1,7.457078695E-1
1.140127232E2,-6.860512495E-1,-8.096256852E-2,1.038664460E0
1.140178117E2,-7.297284007E-1,2.183858752E-1,1.249593258E0
1.140227549E2,-8.032338619E-1,3.675274551E-1,1.306053996E0
1.140278764E2,-8.543681502E-1,6.221334338E-1,1.215503812E0
1.140329415E2,-7.883197069E-1,1.022685051E0,1.010966778E0
1.140382015E2,-6.796594262E-1,1.459456801E0,7.403813601E-1
1.140432572E2,-7.041612864E-1,1.749217510E0,4.740571380E-1
1.140482614E2,-8.149521351E-1,1.869596124E0,2.876301706E-1
1.140531945E2,-9.076330066E-1,1.935644507E0,1.736433953E-1
1.140583250E2,-8.959147334E-1,2.056023121E0,9.907261282E-2
1.140633380E2,-7.712749839E-1,2.231796980E0,5.113425106E-2
1.140684465E2,-6.146763563E-1,2.403309822E0,1.917534508E-2
1.140734764E2,-5.166690350E-1,2.498121262E0,1.384885982E-2
1.140786048E2,-4.016169310E-1,2.508774281E0,-6.391781382E-3
1.140836307E2,-2.258429527E-1,2.450182915E0,-6.285251677E-2
1.140887364E2,-7.563608140E-2,2.376677513E0,-1.161173657E-1
1.140937806E2,3.622009605E-2,2.339392185E0,-1.470109820E-1
1.140989718E2,1.075949892E-1,2.326608419E0,-1.672516167E-1
1.141039537E2,1.576639414E-1,2.323412657E0,-1.917534471E-1
1.141090908E2,1.917534471E-1,2.318086147E0,-2.077329010E-1
1.141140390E2,2.109287977E-1,2.338326693E0,-2.066676021E-1
1.141192144E2,2.247776538E-1,2.353240967E0,-2.162552774E-1
1.141243507E2,2.418224066E-1,2.347914457E0,-2.354306281E-1
1.141293877E2,2.631283402E-1,2.313824892E0,-2.418224066E-1
1.141346693E2,3.249155581E-1,2.201968670E0,-2.311694324E-1
1.141395086E2,4.325105548E-1,2.033651829E0,-2.130593807E-1
1.141447098E2,5.582156181E-1,1.832310677E0,-1.747086942E-1
1.141496600E2,6.636800170E-1,1.616055489E0,-1.161173657E-1
1.141546799E2,7.425119877E-1,1.401930809E0,-5.752603337E-2
1.141598375E2,7.904503345E-1,1.175022483E0,-1.278356276E-2
1.141648298E2,7.957767844E-1,9.470489621E-1,1.065296959E-2
1.141699586E2,7.691444159E-1,7.297284007E-1,1.597945392E-2
1.141751527E2,7.073571682E-1,5.837827325E-1,1.384885982E-2
1.141802147E2,6.242640018E-1,5.187996030E-1,1.491415687E-2
1.141850852E2,5.219954848E-1,5.049507618E-1,1.811004803E-2
1.141902980E2,4.016169310E-1,5.124078393E-1,2.663242258E-2
1.141953502E2,2.791078091E-1,5.028201342E-1,4.793836176E-2
1.142004708E2,1.704475135E-1,4.836448133E-1,7.563608140E-2
1.142054152E2,9.374613315E-2,4.570123851E-1,1.012032107E-1
1.142105700E2,4.793836176E-2,4.016169310E-1,1.203785539E-1
1.142154930E2,2.343653329E-2,3.238502741E-1,1.278356314E-1
1.142206815E2,1.171826664E-2,2.418224066E-1,1.363580078E-1
1.142256891E2,3.195890691E-3,1.502068639E-1,1.512721628E-1
1.142307842E2,-8.522375487E-3,3.835069016E-2,1.619251370E-1
1.142359004E2,-2.982831374E-2,-8.202786744E-2,1.661863178E-1
1.142409225E2,-5.219954997E-2,-2.066676021E-1,1.800351888E-1
1.142459486E2,-6.711370498E-2,-3.281114697E-1,1.992105246E-1
1.142510908E2,-7.776667923E-2,-4.261187613E-1,2.045370042E-1
1.142561672E2,-8.948494494E-2,-4.847100973E-1,1.928187460E-1
1.142612721E2,-1.022685021E-1,-5.230607986E-1,1.672516167E-1
1.142662602E2,-1.129214764E-1,-5.550196767E-1,1.352927089E-1
1.142713660E2,-1.214438528E-1,-6.050886512E-1,1.033338010E-1
1.142764090E2,-1.299662292E-1,-6.871165037E-1,7.030959427E-2
1.142816566E2,-1.406191885E-1,-7.584913969E-1,2.982831374E-2
1.142865194E2,-1.629904360E-1,-8.064298034E-1,-1.171826664E-2
1.142916933E2,-1.960146427E-1,-8.192133307E-1,-5.965662748E-2
1.142966535E2,-2.311694324E-1,-7.968420982E-1,-1.203785539E-1
1.143018197E2,-2.407571077E-1,-7.819279432E-1,-1.587292403E-1
1.143067832E2,-2.450182885E-1,-7.361201644E-1,-1.821657717E-1
1.143119733E2,-2.673895359E-1,-6.903123856E-1,-2.077329010E-1
1.143169718E2,-3.057402074E-1,-7.041612864E-1,-2.450182885E-1
1.143220605E2,-3.270461559E-1,-6.722023487E-1,-2.908260524E-1
1.143273318E2,-3.185237944E-1,-5.731297731E-1,-3.270461559E-1
1.143321891E2,-3.036096394E-1,-4.985589683E-1,-3.387644291E-1
1.143372761E2,-2.918913662E-1,-4.612735808E-1,-3.217196763E-1
1.143423599E2,-2.705854177E-1,-4.101393223E-1,-2.972178459E-1
1.143473107E2,-2.471488863E-1,-3.238502741E-1,-2.727160156E-1
1.143523226E2,-2.279735506E-1,-2.354306281E-1,-2.418224066E-1
1.143576208E2,-2.077329010E-1,-1.672516167E-1,-2.056023031E-1
1.143627622E2,-1.864269674E-1,-1.225091442E-1,-1.683169156E-1
1.143677430E2,-1.672516167E-1,-1.118561774E-1,-1.427497864E-1
1.143728592E2,-1.395539045E-1,-1.331621110E-1,-1.310315281E-1
1.143778166E2,-1.001379117E-1,-1.747086942E-1,-1.310315281E-1
1.143829468E2,-5.965662748E-2,-2.141246796E-1,-1.363580078E-1
1.143879287E2,-2.237123623E-2,-2.407571077E-1,-1.416844875E-1
1.143930214E2,7.457078435E-3,-2.556712627E-1,-1.448803842E-1
1.143980898E2,1.917534508E-2,-2.407571077E-1,-1.416844875E-1
1.144032026E2,1.491415687E-2,-2.056023031E-1,-1.342274100E-1
1.144083944E2,6.391781382E-3,-1.587292403E-1,-1.299662292E-1
1.144136615E2,-1.171826664E-2,-1.054643989E-1,-1.246397421E-1
1.144186257E2,-3.835069016E-2,-4.474247247E-2,-1.257050335E-1
1.144235456E2,-6.924430281E-2,1.597945392E-2,-1.352927089E-1
1.144285078E2,-1.012032107E-1,6.711370498E-2,-1.416844875E-1
1.144339658E2,-1.320968270E-1,1.097255871E-1,-1.491415650E-1
1.144387128E2,-1.523374617E-1,1.363580078E-1,-1.427497864E-1
1.144438404E2,-1.619251370E-1,1.523374617E-1,-1.363580078E-1
1.144488592E2,-1.565986425E-1,1.523374617E-1,-1.278356314E-1
1.144540250E2,-1.544680595E-1,1.427497864E-1,-1.171826646E-1
1.144589696E2,-1.438150853E-1,1.214438528E-1,-1.075949892E-1
1.144640242E2,-1.235744432E-1,9.055023640E-2,-1.054643989E-1
1.144687546E2,-1.022685021E-1,6.391781569E-2,-1.033338010E-1
1.144741555E2,-8.309315890E-2,4.474247247E-2,-9.481142461E-2
1.144792124E2,-6.604841352E-2,2.769771963E-2,-7.989726961E-2
1.144843916E2,-5.219954997E-2,1.278356276E-2,-6.498311460E-2
1.144893876E2,-5.006895587E-2,-9.587672539E-3,-5.326484516E-2
1.144945120E2,-5.219954997E-2,-3.941598535E-2,-5.433014408E-2
1.144996886E2,-5.965662748E-2,-7.350549102E-2,-6.178722158E-2
1.145046081E2,-6.817900389E-2,-9.268083423E-2,-7.563608140E-2
1.145096246E2,-8.202786744E-2,-7.670138031E-2,-9.055023640E-2
1.145148017E2,-1.118561774E-1,-2.130593918E-2,-1.043990999E-1
1.145199312E2,-1.779045910E-1,6.285251677E-2,-1.214438528E-1
1.145250761E2,-2.183858752E-1,1.129214764E-1,-1.406191885E-1
1.145299645E2,-2.396918088E-1,1.171826646E-1,-1.576639414E-1
1.145350430E2,-2.578018606E-1,1.022685021E-1,-1.672516167E-1
1.145400910E2,-2.791078091E-1,7.137489319E-2,-1.576639414E-1
1.145452468E2,-3.078708053E-1,3.195890784E-2,-1.342274100E-1
1.145502431E2,-3.387644291E-1,-1.065296959E-2,-1.118561774E-1
1.145553531E2,-3.771151006E-1,-5.752603337E-2,-9.055023640E-2
1.145601238E2,-4.144005179E-1,-9.587672353E-2,-7.030959427E-2
1.145656242E2,-4.527511895E-1,-1.139867753E-1,-5.646073818E-2
1.145705378E2,-4.921671748E-1,-1.097255871E-1,-4.580776766E-2
1.145756609E2,-5.305178761E-1,-9.055023640E-2,-4.154657945E-2
1.145806104E2,-5.709991455E-1,-6.285251677E-2,-4.154657945E-2
1.145855977E2,-6.157416105E-1,-4.048128426E-2,-4.474247247E-2
1.145909591E2,-6.604840755E-1,-3.195890784E-2,-4.900366068E-2
1.145959543E2,-7.062918544E-1,-3.302420676E-2,-5.539543927E-2
1.146010178E2,-7.563608289E-1,-4.154657945E-2,-6.391781569E-2
1.146062486E2,-8.053644896E-1,-5.219954997E-2,-7.350549102E-2
1.146110844E2,-8.543681502E-1,-6.924430281E-2,-8.415845782E-2
1.146163044E2,-9.044371247E-1,-9.268083423E-2,-1.001379117E-1
1.146213550E2,-9.491795897E-1,-1.171826646E-1,-1.203785539E-1
1.146264044E2,-9.885955453E-1,-1.502068639E-1,-1.448803842E-1
1.146314453E2,-1.030142188E0,-1.906881481E-1,-1.693822145E-1
1.146364833E2,-1.072754025E0,-2.194511741E-1,-1.928187460E-1
1.146415149E2,-1.117496490E0,-2.269082516E-1,-2.130593807E-1
1.146466204E2,-1.165434837E0,-2.056023031E-1,-2.322347313E-1
1.146516869E2,-1.215503812E0,-1.502068639E-1,-2.599324584E-1
1.146568071E2,-1.259181023E0,-6.711370498E-2,-2.876301706E-1
1.146619438E2,-1.284748077E0,2.450183034E-2,-3.227849603E-1
1.146669601E2,-1.283682823E0,1.001379117E-1,-3.611356616E-1
1.146720302E2,-1.251723886E0,1.459456831E-1,-3.941598535E-1
1.146770780E2,-1.176087856E0,1.672516167E-1,-4.133352041E-1
1.146820554E2,-1.041860461E0,1.853616685E-1,-4.016169310E-1
1.146873203E2,-8.724781871E-1,1.938840449E-1,-3.632662594E-1
1.146922568E2,-6.924430132E-1,1.832310706E-1,-3.046749234E-1
1.146973796E2,-5.060160160E-1,1.587292403E-1,-2.141246796E-1
1.147023810E2,-3.153278828E-1,1.374233067E-1,-1.118561774E-1
1.147075888E2,-1.257050335E-1,1.257050335E-1,-1.491415687E-2
1.147125522E2,6.178722158E-2,1.342274100E-1,6.604841352E-2
1.147178723E2,2.471488863E-1,1.438150853E-1,1.278356314E-1
1.147226524E2,4.133352041E-1,1.406191885E-1,1.789698899E-1
1.147278629E2,5.411708355E-1,1.502068639E-1,2.269082516E-1
1.147329298E2,6.338516474E-1,1.853616685E-1,2.588671446E-1
1.147379690E2,6.956388950E-1,2.290388346E-1,2.865648866E-1
1.147431312E2,7.169448137E-1,2.609977424E-1,2.972178459E-1
1.147480570E2,7.158795595E-1,2.705854177E-1,2.993484437E-1
1.147531213E2,6.956388950E-1,2.492794842E-1,2.854995728E-1
1.147582130E2,6.583535075E-1,2.045370042E-1,2.673895359E-1
1.147632341E2,6.082845330E-1,1.534027606E-1,2.407571077E-1
1.147684952E2,5.486279130E-1,1.033338010E-1,2.056023031E-1
1.147734380E2,4.793836176E-1,4.580776766E-2,1.640557349E-1
1.147784764E2,4.058781266E-1,-3.622009605E-2,1.246397421E-1
1.147835703E2,3.334379494E-1,-1.310315281E-1,8.309315890E-2
1.147886451E2,2.631283402E-1,-2.237123549E-1,3.941598535E-2
1.147937320E2,2.002758235E-1,-3.036096394E-1,-2.130593872E-3
1.147990063E2,1.491415650E-1,-3.664621413E-1,-4.154657945E-2
1.148038208E2,1.118561774E-1,-4.080087245E-1,-7.030959427E-2
1.148089450E2,9.374613315E-2,-4.282493591E-1,-9.268083423E-2
1.148140884E2,9.374613315E-2,-4.271840751E-1,-1.054643989E-1
1.148191938E2,1.171826646E-1,-4.101393223E-1,-1.075949892E-1
1.148242167E2,1.597945392E-1,-3.760498166E-1,-1.033338010E-1
1.148291827E2,2.119940966E-1,-3.334379494E-1,-9.587672353E-2
1.148342976E2,2.759118974E-1,-2.780424953E-1,-8.948494494E-2
1.148394451E2,3.526133001E-1,-2.066676021E-1,-8.628904819E-2
1.148444621E2,4.314452708E-1,-1.267703325E-1,-7.776667923E-2
1.148494737E2,4.974936545E-1,-3.195890784E-2,-7.244019210E-2
1.148545797E2,5.560849905E-1,6.498311460E-2,-6.498311460E-2
1.148596503E2,6.008274555E-1,1.534027606E-1,-6.072192639E-2
1.148647516E2,6.295905113E-1,2.237123549E-1,-5.646073818E-2
1.148698218E2,6.466352344E-1,2.823036909E-1,-5.539543927E-2
1.148747574E2,6.466352344E-1,3.238502741E-1,-5.219954997E-2
1.148799072E2,6.317210793E-1,3.526133001E-1,-4.687306657E-2
1.148851780E2,6.072192788E-1,3.653968573E-1,-4.154657945E-2
1.148901805E2,5.720644593E-1,3.611356616E-1,-3.941598535E-2
1.148954725E2,5.315831900E-1,3.334379494E-1,-3.622009605E-2
1.149004249E2,4.804489315E-1,2.823036909E-1,-3.302420676E-2
1.149053539E2,4.229228795E-1,2.056023031E-1,-3.408950195E-2
1.149103260E2,3.611356616E-1,1.118561774E-1,-3.515479714E-2
1.149154687E2,2.929566503E-1,5.326484796E-3,-3.515479714E-2
1.149205261E2,2.279735506E-1,-9.587672353E-2,-3.728539124E-2
1.149256407E2,1.661863178E-1,-1.832310706E-1,-4.261187837E-2
1.149306511E2,1.150520667E-1,-2.503447831E-1,-4.580776766E-2
1.149358582E2,7.030959427E-2,-2.993484437E-1,-5.006895587E-2
1.149408418E2,3.195890784E-2,-3.313073516E-1,-5.326484516E-2
1.149457501E2,1.065296959E-2,-3.398297131E-1,-5.539543927E-2
1.149512492E2,1.065296936E-3,-3.217196763E-1,-5.752603337E-2
1.149559406E2,2.130593872E-3,-2.865648866E-1,-5.646073818E-2
1.149611111E2,2.024064213E-2,-2.375612110E-1,-5.433014408E-2
1.149661375E2,5.006895587E-2,-1.768392920E-1,-4.474247247E-2
1.149712324E2,8.628904819E-2,-1.054643989E-1,-3.089361079E-2
1.149758760E2,1.235744432E-1,-3.515479714E-2,-9.587672539E-3
1.149813668E2,1.565986425E-1,2.556712553E-2,1.065296959E-2
1.149863765E2,1.832310706E-1,6.604841352E-2,2.343653329E-2
1.149915315E2,2.002758235E-1,8.628904819E-2,3.302420676E-2
1.149965492E2,2.077329010E-1,8.309315890E-2,3.941598535E-2
1.150016959E2,2.119940966E-1,6.817900389E-2,4.474247247E-2
1.150066754E2,2.141246796E-1,5.219954997E-2,4.793836176E-2
1.150117843E2,2.077329010E-1,3.089361079E-2,4.687306657E-2
1.150167890E2,2.024064213E-1,7.457078435E-3,4.261187837E-2
1.150220500E2,1.970799267E-1,-6.391781382E-3,3.302420676E-2
1.150270965E2,1.864269674E-1,-1.171826664E-2,2.556712553E-2
1.150320344E2,1.736433953E-1,-1.171826664E-2,2.024064213E-2
1.150370968E2,1.619251370E-1,-1.065296959E-2,1.597945392E-2
1.150422095E2,1.555333585E-1,-1.491415687E-2,1.597945392E-2
1.150472122E2,1.512721628E-1,-2.556712553E-2,1.917534508E-2
1.150523780E2,1.470109820E-1,-3.941598535E-2,2.343653329E-2
1.150573565E2,1.427497864E-1,-5.219954997E-2,2.876301669E-2
1.150626245E2,1.406191885E-1,-6.817900389E-2,3.302420676E-2
1.150675039E2,1.406191885E-1,-8.202786744E-2,3.408950195E-2
1.150727089E2,1.438150853E-1,-8.415845782E-2,3.089361079E-2
1.150778743E2,1.534027606E-1,-7.457078248E-2,2.769771963E-2
1.150828489E2,1.619251370E-1,-5.539543927E-2,2.663242258E-2
1.150878163E2,1.661863178E-1,-3.302420676E-2,2.556712553E-2
1.150933181E2,1.736433953E-1,-1.171826664E-2,2.130593918E-2
1.150980738E2,1.832310706E-1,-4.261187743E-3,1.811004803E-2
1.151031415E2,1.853616685E-1,-5.326484796E-3,1.811004803E-2
1.151081040E2,1.906881481E-1,-1.065296959E-2,1.597945392E-2
1.151133067E2,1.938840449E-1,-1.811004803E-2,1.171826664E-2
1.151182038E2,1.970799267E-1,-3.195890784E-2,1.171826664E-2
1.151233867E2,1.981452256E-1,-4.474247247E-2,1.065296959E-2
1.151284242E2,1.992105246E-1,-5.965662748E-2,8.522375487E-3
1.151335588E2,2.002758235E-1,-7.670138031E-2,5.326484796E-3
1.151385243E2,1.992105246E-1,-9.481142461E-2,4.261187743E-3
1.151436198E2,1.960146427E-1,-1.086602882E-1,2.130593872E-3
1.151486300E2,1.896228492E-1,-1.193132550E-1,-2.130593872E-3
1.151538047E2,1.821657717E-1,-1.161173657E-1,-7.457078435E-3
1.151588186E2,1.725780964E-1,-1.043990999E-1,-1.171826664E-2
1.151638922E2,1.555333585E-1,-8.096256852E-2,-1.171826664E-2
1.151691285E2,1.384886056E-1,-5.539543927E-2,-1.278356276E-2
1.151738644E2,1.246397421E-1,-2.663242258E-2,-1.491415687E-2
1.151792453E2,1.086602882E-1,3.195890691E-3,-1.811004803E-2
1.151841715E2,9.374613315E-2,2.769771963E-2,-2.130593918E-2
1.151892347E2,8.841964602E-2,4.580776766E-2,-2.237123623E-2
1.151944093E2,8.309315890E-2,5.965662748E-2,-1.917534508E-2
1.151994907E2,8.522375673E-2,6.924430281E-2,-1.491415687E-2
1.152044646E2,9.161553532E-2,8.415845782E-2,-1.065296959E-2
1.152095806E2,9.587672353E-2,9.481142461E-2,-1.278356276E-2
1.152147543E2,1.022685021E-1,1.033338010E-1,-1.171826664E-2
1.152198203E2,1.043990999E-1,1.129214764E-1,-8.522375487E-3
1.152250424E2,1.107908785E-1,1.171826646E-1,-2.130593872E-3
1.152297906E2,1.150520667E-1,1.118561774E-1,4.261187743E-3
1.152349364E2,1.235744432E-1,9.374613315E-2,9.587672539E-3
1.152399507E2,1.278356314E-1,6.604841352E-2,1.491415687E-2
1.152450638E2,1.320968270E-1,3.089361079E-2,2.024064213E-2
1.152500722E2,1.384886056E-1,-4.261187743E-3,1.917534508E-2
1.152551953E2,1.438150853E-1,-3.408950195E-2,1.917534508E-2
1.152603421E2,1.480762810E-1,-5.859133229E-2,1.491415687E-2
1.152654163E2,1.470109820E-1,-7.989726961E-2,1.171826664E-2
1.152703276E2,1.406191885E-1,-9.694202244E-2,6.391781382E-3
1.152756033E2,1.342274100E-1,-1.054643989E-1,0.000000000E0
1.152806715E2,1.235744432E-1,-1.129214764E-1,-9.587672539E-3
1.152858241E2,1.107908785E-1,-1.129214764E-1,-1.491415687E-2
1.152907710E2,9.481142461E-2,-1.001379117E-1,-1.704475097E-2
1.152959290E2,7.776667923E-2,-8.202786744E-2,-1.171826664E-2
1.153008219E2,6.604841352E-2,-6.285251677E-2,-2.130593872E-3
1.153059089E2,5.965662748E-2,-4.367717355E-2,8.522375487E-3
1.153110833E2,5.113425106E-2,-3.089361079E-2,1.491415687E-2
1.153161688E2,4.261187837E-2,-2.343653329E-2,2.237123623E-2
1.153211140E2,3.622009605E-2,-2.237123623E-2,2.343653329E-2
1.153264013E2,3.622009605E-2,-2.556712553E-2,2.237123623E-2
1.153312352E2,3.408950195E-2,-2.769771963E-2,2.343653329E-2
1.153363678E2,3.622009605E-2,-2.663242258E-2,2.024064213E-2
1.153413547E2,3.835069016E-2,-3.089361079E-2,1.597945392E-2
1.153465127E2,4.048128426E-2,-3.728539124E-2,8.522375487E-3
1.153516640E2,4.474247247E-2,-3.728539124E-2,0.000000000E0
1.153566241E2,4.261187837E-2,-3.302420676E-2,-7.457078435E-3
1.153616383E2,4.261187837E-2,-2.024064213E-2,-1.491415687E-2
1.153668081E2,3.835069016E-2,0.000000000E0,-1.917534508E-2
1.153718196E2,2.769771963E-2,2.450183034E-2,-2.343653329E-2
1.153769280E2,1.704475097E-2,4.580776766E-2,-2.556712553E-2
1.153819295E2,1.065296936E-3,6.711370498E-2,-2.343653329E-2
1.153870544E2,-1.171826664E-2,9.161553532E-2,-2.024064213E-2
1.153920845E2,-1.704475097E-2,1.043990999E-1,-1.597945392E-2
1.153973211E2,-1.278356276E-2,1.033338010E-1,-1.171826664E-2
1.154023257E2,-5.326484796E-3,9.800732136E-2,-6.391781382E-3
1.154073213E2,8.522375487E-3,9.694202244E-2,2.130593872E-3
1.154123450E2,2.556712553E-2,8.735434711E-2,7.457078435E-3
1.154175087E2,3.835069016E-2,7.350549102E-2,1.384885982E-2
1.154225730E2,5.326484516E-2,5.219954997E-2,2.024064213E-2
1.154277149E2,6.391781569E-2,3.302420676E-2,2.237123623E-2
1.154326171E2,7.244019210E-2,1.278356276E-2,2.237123623E-2
1.154379189E2,7.670138031E-2,-5.326484796E-3,1.811004803E-2
1.154429904E2,7.776667923E-2,-1.917534508E-2,1.597945392E-2
1.154478991E2,7.244019210E-2,-2.982831374E-2,9.587672539E-3
1.154530070E2,7.030959427E-2,-3.728539124E-2,4.261187743E-3
1.154581145E2,7.030959427E-2,-5.859133229E-2,-1.065296936E-3
1.154630508E2,7.350549102E-2,-7.350549102E-2,-1.065296959E-2
1.154681982E2,8.096256852E-2,-5.539543927E-2,-2.237123623E-2
1.154732138E2,8.309315890E-2,-1.597945392E-2,-2.556712553E-2
1.154783369E2,8.415845782E-2,3.195890784E-2,-2.876301669E-2
1.154833294E2,9.055023640E-2,6.604841352E-2,-3.302420676E-2
1.154884695E2,1.054643989E-1,8.202786744E-2,-3.941598535E-2
1.154936220E2,1.161173657E-1,8.415845782E-2,-4.687306657E-2
1.154985868E2,1.257050335E-1,8.309315890E-2,-5.006895587E-2
1.155036095E2,1.342274100E-1,9.161553532E-2,-4.687306657E-2
1.155087541E2,1.331621110E-1,1.012032107E-1,-4.154657945E-2
1.155137866E2,1.289009303E-1,1.107908785E-1,-3.408950195E-2
1.155188914E2,1.225091442E-1,1.225091442E-1,-3.515479714E-2
1.155239541E2,1.118561774E-1,1.203785539E-1,-3.941598535E-2
1.155290630E2,1.001379117E-1,1.118561774E-1,-4.474247247E-2
1.155341368E2,8.735434711E-2,1.171826646E-1,-5.752603337E-2
1.155391774E2,6.924430281E-2,1.363580078E-1,-6.604841352E-2
1.155442343E2,4.687306657E-2,1.597945392E-1,-7.030959427E-2
1.155494517E2,3.195890784E-2,1.779045910E-1,-7.137489319E-2
1.155543101E2,2.237123623E-2,1.928187460E-1,-7.457078248E-2
1.155595505E2,1.491415687E-2,2.109287977E-1,-8.096256852E-2
1.155645313E2,1.065296959E-2,2.407571077E-1,-8.628904819E-2
1.155696128E2,9.587672539E-3,2.801730931E-1,-8.735434711E-2
1.155746863E2,1.278356276E-2,3.217196763E-1,-8.522375673E-2
1.155801795E2,2.024064213E-2,3.632662594E-1,-7.883197069E-2
1.155848100E2,2.769771963E-2,3.909639716E-1,-6.817900389E-2
1.155899008E2,4.048128426E-2,3.994863629E-1,-5.326484516E-2
1.155949474E2,5.539543927E-2,3.803110123E-1,-4.048128426E-2
1.156001563E2,7.137489319E-2,3.472867906E-1,-2.876301669E-2
1.156050813E2,8.948494494E-2,3.025443256E-1,-1.704475097E-2
1.156102125E2,1.097255871E-1,2.439530045E-1,-4.261187743E-3
1.156151621E2,1.257050335E-1,1.779045910E-1,7.457078435E-3
1.156203732E2,1.438150853E-1,1.086602882E-1,1.811004803E-2
1.156253919E2,1.555333585E-1,4.367717355E-2,2.769771963E-2
1.156304809E2,1.597945392E-1,-1.171826664E-2,3.089361079E-2
1.156354918E2,1.629904360E-1,-5.965662748E-2,2.982831374E-2
1.156406047E2,1.608598381E-1,-8.948494494E-2,2.663242258E-2
1.156456799E2,1.555333585E-1,-1.012032107E-1,2.130593918E-2
1.156507992E2,1.534027606E-1,-1.065296903E-1,1.811004803E-2
1.156557966E2,1.565986425E-1,-9.268083423E-2,8.522375487E-3
1.156611496E2,1.597945392E-1,-4.580776766E-2,-6.391781382E-3
1.156659213E2,1.565986425E-1,1.171826664E-2,-1.811004803E-2
1.156714904E2,1.470109820E-1,6.391781569E-2,-2.769771963E-2
1.156757780E2,1.459456831E-1,1.043990999E-1,-3.515479714E-2
1.156814076E2,1.459456831E-1,1.352927089E-1,-4.261187837E-2
1.156863736E2,1.406191885E-1,1.640557349E-1,-4.687306657E-2
1.156914139E2,1.352927089E-1,1.970799267E-1,-4.687306657E-2
1.156965118E2,1.278356314E-1,2.258429527E-1,-4.580776766E-2
1.157017468E2,1.225091442E-1,2.460835874E-1,-4.687306657E-2
1.157066526E2,1.161173657E-1,2.492794842E-1,-5.006895587E-2
1.157115918E2,1.139867753E-1,2.439530045E-1,-4.900366068E-2
1.157167012E2,1.097255871E-1,2.343653291E-1,-4.793836176E-2
1.157217766E2,1.033338010E-1,2.237123549E-1,-4.580776766E-2
1.157267669E2,9.481142461E-2,2.151899785E-1,-3.941598535E-2
1.157319882E2,8.415845782E-2,1.981452256E-1,-3.408950195E-2
1.157369131E2,7.244019210E-2,1.811004728E-1,-2.876301669E-2
1.157420621E2,5.752603337E-2,1.651210189E-1,-2.556712553E-2
1.157470788E2,3.941598535E-2,1.470109820E-1,-2.450183034E-2
1.157524400E2,2.130593918E-2,1.299662292E-1,-2.343653329E-2
1.157572097E2,2.130593872E-3,1.150520667E-1,-2.130593918E-2
1.157624009E2,-1.704475097E-2,1.033338010E-1,-2.024064213E-2
1.157675327E2,-3.195890784E-2,8.415845782E-2,-1.597945392E-2
1.157724890E2,-4.048128426E-2,7.030959427E-2,-1.384885982E-2
1.157775714E2,-4.474247247E-2,6.178722158E-2,-8.522375487E-3
1.157828596E2,-4.474247247E-2,6.391781569E-2,-4.261187743E-3
1.157876548E2,-3.835069016E-2,7.137489319E-2,-3.195890691E-3
1.157927641E2,-2.769771963E-2,8.522375673E-2,-4.261187743E-3
1.157978550E2,-1.278356276E-2,9.907261282E-2,-7.457078435E-3
1.158028684E2,2.130593872E-3,1.065296903E-1,-1.171826664E-2
1.158079252E2,1.811004803E-2,1.129214764E-1,-1.171826664E-2
1.158131447E2,2.876301669E-2,1.203785539E-1,-1.065296959E-2
1.158181495E2,3.835069016E-2,1.267703325E-1,-9.587672539E-3
1.158232889E2,4.900366068E-2,1.320968270E-1,-7.457078435E-3
1.158283963E2,6.391781569E-2,1.363580078E-1,-4.261187743E-3
1.158334044E2,7.776667923E-2,1.331621110E-1,-6.391781382E-3
1.158383016E2,9.481142461E-2,1.299662292E-1,-4.261187743E-3
1.158437209E2,1.086602882E-1,1.257050335E-1,0.000000000E0
1.158484706E2,1.214438528E-1,1.193132550E-1,1.065296936E-3
1.158536796E2,1.299662292E-1,1.118561774E-1,0.000000000E0
1.158586390E2,1.374233067E-1,1.054643989E-1,0.000000000E0
1.158638401E2,1.427497864E-1,1.022685021E-1,-2.130593872E-3
1.158689657E2,1.470109820E-1,1.033338010E-1,-2.130593872E-3
1.158738772E2,1.470109820E-1,1.043990999E-1,-1.065296936E-3
1.158788908E2,1.459456831E-1,1.075949892E-1,1.065296936E-3
1.158840103E2,1.459456831E-1,1.150520667E-1,7.457078435E-3
1.158887751E2,1.416844875E-1,1.225091442E-1,1.065296959E-2
1.158942607E2,1.416844875E-1,1.182479635E-1,9.587672539E-3
1.158992334E2,1.448803842E-1,1.107908785E-1,7.457078435E-3
1.159043288E2,1.512721628E-1,9.800732136E-2,6.391781382E-3
1.159093653E2,1.608598381E-1,8.522375673E-2,3.195890691E-3
1.159145715E2,1.683169156E-1,7.457078248E-2,-1.065296936E-3
1.159195364E2,1.747086942E-1,6.817900389E-2,-5.326484796E-3
1.159246577E2,1.768392920E-1,7.030959427E-2,-1.171826664E-2
1.159296633E2,1.747086942E-1,7.776667923E-2,-1.811004803E-2
1.159347682E2,1.672516167E-1,8.735434711E-2,-2.024064213E-2
1.159397551E2,1.565986425E-1,1.001379117E-1,-2.556712553E-2
1.159449027E2,1.406191885E-1,1.086602882E-1,-2.982831374E-2
1.159501215E2,1.246397421E-1,1.171826646E-1,-3.195890784E-2
1.159550720E2,1.107908785E-1,1.267703325E-1,-3.515479714E-2
1.159602049E2,1.001379117E-1,1.299662292E-1,-3.728539124E-2
1.159652307E2,9.694202244E-2,1.342274100E-1,-3.835069016E-2
1.159702420E2,1.054643989E-1,1.374233067E-1,-4.048128426E-2
1.159753429E2,1.182479635E-1,1.384886056E-1,-4.154657945E-2
1.159803410E2,1.384886056E-1,1.406191885E-1,-4.048128426E-2
1.159854704E2,1.629904360E-1,1.448803842E-1,-3.515479714E-2
1.159905031E2,1.864269674E-1,1.491415650E-1,-2.982831374E-2
1.159956928E2,2.045370042E-1,1.491415650E-1,-2.343653329E-2
1.160006404E2,2.205164731E-1,1.448803842E-1,-1.597945392E-2
1.160057714E2,2.258429527E-1,1.363580078E-1,-9.587672539E-3
1.160108387E2,2.205164731E-1,1.246397421E-1,-2.130593872E-3
1.160162984E2,1.992105246E-1,1.203785539E-1,-1.065296936E-3
1.160209124E2,4.900366068E-2,2.087981999E-1,7.457078435E-3
1.160261038E2,-1.342274100E-1,2.609977424E-1,-4.261187743E-3
1.160310536E2,-2.343653291E-1,1.938840449E-1,-3.515479714E-2
1.160361878E2,-3.376991153E-1,1.363580078E-1,-5.646073818E-2
1.160412117E2,-4.229228795E-1,9.374613315E-2,-7.670138031E-2
1.160463362E2,-4.623388648E-1,6.285251677E-2,-8.522375673E-2
1.160512902E2,-4.623388648E-1,5.539543927E-2,-8.735434711E-2
1.160568995E2,-4.239881933E-1,6.817900389E-2,-8.522375673E-2
1.160615626E2,-3.568744659E-1,9.161553532E-2,-6.817900389E-2
1.160667298E2,-2.663242221E-1,1.161173657E-1,-4.367717355E-2
1.160717962E2,-1.597945392E-1,1.331621110E-1,-1.491415687E-2
1.160767323E2,-3.941598535E-2,1.289009303E-1,1.704475097E-2
1.160817360E2,8.841964602E-2,9.481142461E-2,5.539543927E-2
1.160868515E2,2.141246796E-1,3.728539124E-2,9.481142461E-2
1.160919774E2,3.025443256E-1,-1.491415687E-2,1.278356314E-1
1.160970413E2,3.483521044E-1,-5.326484516E-2,1.448803842E-1
1.161021615E2,3.558091819E-1,-7.776667923E-2,1.427497864E-1
